%time,field.header.seq,field.header.stamp,field.header.frame_id,field.fluid_pressure,field.variance
1492808165474094495,77373,1492808165473510040,/fluid_pressure,105560.0,0.0
1492808165549140341,77374,1492808165548510040,/fluid_pressure,105580.007812,0.0
1492808165623034985,77375,1492808165622510040,/fluid_pressure,105590.0,0.0
1492808165696818488,77376,1492808165696510040,/fluid_pressure,105610.0,0.0
1492808165771059404,77377,1492808165771510040,/fluid_pressure,105540.0,0.0
1492808165845403470,77378,1492808165845510040,/fluid_pressure,105580.007812,0.0
1492808165919539628,77379,1492808165921161090,/fluid_pressure,105569.992188,0.0
1492808165993313459,77380,1492808165995161090,/fluid_pressure,105490.0,0.0
1492808166067210729,77381,1492808166070161090,/fluid_pressure,105490.0,0.0
1492808166142815477,77382,1492808166144161090,/fluid_pressure,105460.0,0.0
1492808166216306402,77383,1492808166218161090,/fluid_pressure,105460.0,0.0
1492808166291129407,77384,1492808166292161090,/fluid_pressure,105460.0,0.0
1492808166364128551,77385,1492808166367161090,/fluid_pressure,105430.007812,0.0
1492808166439615387,77386,1492808166441161090,/fluid_pressure,105390.0,0.0
1492808166513489900,77387,1492808166515161090,/fluid_pressure,105400.0,0.0
1492808166587235823,77388,1492808166589161090,/fluid_pressure,105430.007812,0.0
1492808166661397322,77389,1492808166664161090,/fluid_pressure,105410.0,0.0
1492808166736840589,77390,1492808166738161090,/fluid_pressure,105480.007812,0.0
1492808166810860897,77391,1492808166812161090,/fluid_pressure,105510.0,0.0
1492808166884647796,77392,1492808166886161090,/fluid_pressure,105500.0,0.0
1492808166958442942,77393,1492808166961161090,/fluid_pressure,105590.0,0.0
1492808167033157158,77394,1492808167035161090,/fluid_pressure,105590.0,0.0
1492808167107357225,77395,1492808167109161090,/fluid_pressure,105580.007812,0.0
1492808167181742272,77396,1492808167183161090,/fluid_pressure,105560.0,0.0
1492808167257071016,77397,1492808167258161090,/fluid_pressure,105540.0,0.0
1492808167330508364,77398,1492808167332161090,/fluid_pressure,105569.992188,0.0
1492808167404222687,77399,1492808167406161090,/fluid_pressure,105519.992188,0.0
1492808167478846122,77400,1492808167480161090,/fluid_pressure,105460.0,0.0
1492808167553883323,77401,1492808167555161090,/fluid_pressure,105510.0,0.0
1492808167628169677,77402,1492808167629161090,/fluid_pressure,105450.0,0.0
1492808167701970604,77403,1492808167703161090,/fluid_pressure,105440.0,0.0
1492808167775815413,77404,1492808167777161090,/fluid_pressure,105490.0,0.0
1492808167850948444,77405,1492808167852161090,/fluid_pressure,105440.0,0.0
1492808167924473784,77406,1492808167926161090,/fluid_pressure,105460.0,0.0
1492808167998668319,77407,1492808168000161090,/fluid_pressure,105510.0,0.0
1492808168072638717,77408,1492808168074161090,/fluid_pressure,105450.0,0.0
1492808168147315551,77409,1492808168149161090,/fluid_pressure,105369.992188,0.0
1492808168222154050,77410,1492808168223161090,/fluid_pressure,105430.007812,0.0
1492808168295760669,77411,1492808168297161090,/fluid_pressure,105469.992188,0.0
1492808168369783507,77412,1492808168371161090,/fluid_pressure,105480.007812,0.0
1492808168444938559,77413,1492808168444653903,/fluid_pressure,105500.0,0.0
1492808168518775549,77414,1492808168518653903,/fluid_pressure,105519.992188,0.0
1492808168592561380,77415,1492808168592653903,/fluid_pressure,105569.992188,0.0
1492808168666904934,77416,1492808168667653903,/fluid_pressure,105540.0,0.0
1492808168742049620,77417,1492808168741653903,/fluid_pressure,105540.0,0.0
1492808168815789422,77418,1492808168815653903,/fluid_pressure,105530.007812,0.0
1492808168889663931,77419,1492808168889653903,/fluid_pressure,105580.007812,0.0
1492808168963711969,77420,1492808168964653903,/fluid_pressure,105550.0,0.0
1492808169039038518,77421,1492808169038653903,/fluid_pressure,105540.0,0.0
1492808169112759447,77422,1492808169112653903,/fluid_pressure,105480.007812,0.0
1492808169186825788,77423,1492808169186653903,/fluid_pressure,105460.0,0.0
1492808169261880761,77424,1492808169261653903,/fluid_pressure,105460.0,0.0
1492808169336273648,77425,1492808169335653903,/fluid_pressure,105460.0,0.0
1492808169409220792,77426,1492808169409653903,/fluid_pressure,105450.0,0.0
1492808169483315936,77427,1492808169483653903,/fluid_pressure,105400.0,0.0
1492808169558785131,77428,1492808169558653903,/fluid_pressure,105490.0,0.0
1492808169632133751,77429,1492808169632653903,/fluid_pressure,105460.0,0.0
1492808169707040555,77430,1492808169706653903,/fluid_pressure,105519.992188,0.0
1492808169780656598,77431,1492808169780653903,/fluid_pressure,105519.992188,0.0
1492808169856237359,77432,1492808169855653903,/fluid_pressure,105490.0,0.0
1492808169929186700,77433,1492808169929653903,/fluid_pressure,105490.0,0.0
1492808170003865045,77434,1492808170003653903,/fluid_pressure,105550.0,0.0
1492808170077564979,77435,1492808170077653903,/fluid_pressure,105530.007812,0.0
1492808170152591105,77436,1492808170152653903,/fluid_pressure,105550.0,0.0
1492808170226758819,77437,1492808170226653903,/fluid_pressure,105569.992188,0.0
1492808170300843940,77438,1492808170300653903,/fluid_pressure,105440.0,0.0
1492808170374831667,77439,1492808170374653903,/fluid_pressure,105550.0,0.0
1492808170449706951,77440,1492808170449653903,/fluid_pressure,105490.0,0.0
1492808170523168045,77441,1492808170523653903,/fluid_pressure,105460.0,0.0
1492808170597783641,77442,1492808170597653903,/fluid_pressure,105419.992188,0.0
1492808170671136670,77443,1492808170671653903,/fluid_pressure,105410.0,0.0
1492808170746581955,77444,1492808170746653903,/fluid_pressure,105469.992188,0.0
1492808170820819422,77445,1492808170820653903,/fluid_pressure,105430.007812,0.0
1492808170894669846,77446,1492808170894653903,/fluid_pressure,105430.007812,0.0
1492808170969884498,77447,1492808170970742929,/fluid_pressure,105469.992188,0.0
1492808171044141631,77448,1492808171044742929,/fluid_pressure,105430.007812,0.0
1492808171117760658,77449,1492808171118742929,/fluid_pressure,105440.0,0.0
1492808171191865041,77450,1492808171192742929,/fluid_pressure,105469.992188,0.0
1492808171266995169,77451,1492808171267742929,/fluid_pressure,105490.0,0.0
1492808171340679865,77452,1492808171341742929,/fluid_pressure,105469.992188,0.0
1492808171414911628,77453,1492808171415742929,/fluid_pressure,105510.0,0.0
1492808171488952135,77454,1492808171489742929,/fluid_pressure,105510.0,0.0
1492808171563414454,77455,1492808171564742929,/fluid_pressure,105490.0,0.0
1492808171637700387,77456,1492808171638742929,/fluid_pressure,105500.0,0.0
1492808171712208299,77457,1492808171712742929,/fluid_pressure,105500.0,0.0
1492808171786744795,77458,1492808171787742929,/fluid_pressure,105519.992188,0.0
1492808171860537590,77459,1492808171861742929,/fluid_pressure,105540.0,0.0
1492808171934698948,77460,1492808171935742929,/fluid_pressure,105540.0,0.0
1492808172008766184,77461,1492808172009742929,/fluid_pressure,105500.0,0.0
1492808172083842937,77462,1492808172084742929,/fluid_pressure,105510.0,0.0
1492808172157538516,77463,1492808172158742929,/fluid_pressure,105490.0,0.0
1492808172231572754,77464,1492808172232742929,/fluid_pressure,105440.0,0.0
1492808172305695423,77465,1492808172306742929,/fluid_pressure,105450.0,0.0
1492808172380689806,77466,1492808172381742929,/fluid_pressure,105480.007812,0.0
1492808172454684831,77467,1492808172455742929,/fluid_pressure,105419.992188,0.0
1492808172528791652,77468,1492808172529742929,/fluid_pressure,105430.007812,0.0
1492808172603937249,77469,1492808172603742929,/fluid_pressure,105440.0,0.0
1492808172677166552,77470,1492808172678742929,/fluid_pressure,105419.992188,0.0
1492808172751246693,77471,1492808172752742929,/fluid_pressure,105450.0,0.0
1492808172825945951,77472,1492808172826742929,/fluid_pressure,105440.0,0.0
1492808172900273880,77473,1492808172901742929,/fluid_pressure,105430.007812,0.0
1492808172974558882,77474,1492808172975742929,/fluid_pressure,105430.007812,0.0
1492808173049136319,77475,1492808173049742929,/fluid_pressure,105440.0,0.0
1492808173123048546,77476,1492808173123742929,/fluid_pressure,105490.0,0.0
1492808173197373273,77477,1492808173198742929,/fluid_pressure,105490.0,0.0
1492808173271358403,77478,1492808173272742929,/fluid_pressure,105480.007812,0.0
1492808173345193242,77479,1492808173346742929,/fluid_pressure,105519.992188,0.0
1492808173421072106,77480,1492808173420742929,/fluid_pressure,105460.0,0.0
1492808173494670338,77481,1492808173495103990,/fluid_pressure,105490.0,0.0
1492808173568347649,77482,1492808173569103990,/fluid_pressure,105469.992188,0.0
1492808173642990460,77483,1492808173643103990,/fluid_pressure,105450.0,0.0
1492808173718066573,77484,1492808173718103990,/fluid_pressure,105469.992188,0.0
1492808173791408069,77485,1492808173792103990,/fluid_pressure,105430.007812,0.0
1492808173865382752,77486,1492808173866103990,/fluid_pressure,105440.0,0.0
1492808173940875964,77487,1492808173940103990,/fluid_pressure,105369.992188,0.0
1492808174014800208,77488,1492808174015103990,/fluid_pressure,105390.0,0.0
1492808174088779219,77489,1492808174089103990,/fluid_pressure,105450.0,0.0
1492808174162812162,77490,1492808174163103990,/fluid_pressure,105419.992188,0.0
1492808174237099816,77491,1492808174237103990,/fluid_pressure,105430.007812,0.0
1492808174312174434,77492,1492808174312103990,/fluid_pressure,105450.0,0.0
1492808174385777071,77493,1492808174386103990,/fluid_pressure,105440.0,0.0
1492808174459770551,77494,1492808174460103990,/fluid_pressure,105480.007812,0.0
1492808174534498827,77495,1492808174535103990,/fluid_pressure,105490.0,0.0
1492808174608670485,77496,1492808174609103990,/fluid_pressure,105490.0,0.0
1492808174682399597,77497,1492808174683103990,/fluid_pressure,105490.0,0.0
1492808174756228648,77498,1492808174757103990,/fluid_pressure,105469.992188,0.0
1492808174831354945,77499,1492808174832103990,/fluid_pressure,105400.0,0.0
1492808174905202054,77500,1492808174906103990,/fluid_pressure,105450.0,0.0
1492808174979685112,77501,1492808174980103990,/fluid_pressure,105469.992188,0.0
1492808175054277593,77502,1492808175054103990,/fluid_pressure,105440.0,0.0
1492808175129101158,77503,1492808175129103990,/fluid_pressure,105460.0,0.0
1492808175202126189,77504,1492808175203103990,/fluid_pressure,105469.992188,0.0
1492808175276720598,77505,1492808175277103990,/fluid_pressure,105440.0,0.0
1492808175351305783,77506,1492808175351103990,/fluid_pressure,105380.007812,0.0
1492808175425068190,77507,1492808175426103990,/fluid_pressure,105410.0,0.0
1492808175499400424,77508,1492808175500103990,/fluid_pressure,105440.0,0.0
1492808175573623764,77509,1492808175574103990,/fluid_pressure,105419.992188,0.0
1492808175648404418,77510,1492808175649103990,/fluid_pressure,105430.007812,0.0
1492808175722302587,77511,1492808175723103990,/fluid_pressure,105430.007812,0.0
1492808175797102809,77512,1492808175797103990,/fluid_pressure,105440.0,0.0
1492808175871053083,77513,1492808175871103990,/fluid_pressure,105419.992188,0.0
1492808175945177358,77514,1492808175946103990,/fluid_pressure,105460.0,0.0
1492808176019272496,77515,1492808176021109020,/fluid_pressure,105460.0,0.0
1492808176093955729,77516,1492808176095109020,/fluid_pressure,105469.992188,0.0
1492808176168125202,77517,1492808176169109020,/fluid_pressure,105480.007812,0.0
1492808176242818670,77518,1492808176244109020,/fluid_pressure,105490.0,0.0
1492808176316291599,77519,1492808176318109020,/fluid_pressure,105500.0,0.0
1492808176390579523,77520,1492808176392109020,/fluid_pressure,105510.0,0.0
1492808176465430418,77521,1492808176466109020,/fluid_pressure,105480.007812,0.0
1492808176539684822,77522,1492808176541109020,/fluid_pressure,105469.992188,0.0
1492808176613525599,77523,1492808176615109020,/fluid_pressure,105480.007812,0.0
1492808176688216480,77524,1492808176689109020,/fluid_pressure,105430.007812,0.0
1492808176762396306,77525,1492808176764109020,/fluid_pressure,105410.0,0.0
1492808176836791107,77526,1492808176838109020,/fluid_pressure,105400.0,0.0
1492808176910156576,77527,1492808176912109020,/fluid_pressure,105390.0,0.0
1492808176985160148,77528,1492808176986109020,/fluid_pressure,105360.0,0.0
1492808177059364645,77529,1492808177061109020,/fluid_pressure,105360.0,0.0
1492808177134039607,77530,1492808177135109020,/fluid_pressure,105369.992188,0.0
1492808177207534399,77531,1492808177209109020,/fluid_pressure,105380.007812,0.0
1492808177282778363,77532,1492808177283109020,/fluid_pressure,105410.0,0.0
1492808177356272663,77533,1492808177358109020,/fluid_pressure,105390.0,0.0
1492808177430581675,77534,1492808177432109020,/fluid_pressure,105450.0,0.0
1492808177504325139,77535,1492808177506109020,/fluid_pressure,105460.0,0.0
1492808177580105612,77536,1492808177580109020,/fluid_pressure,105480.007812,0.0
1492808177653901103,77537,1492808177655109020,/fluid_pressure,105469.992188,0.0
1492808177727907383,77538,1492808177729109020,/fluid_pressure,105480.007812,0.0
1492808177802993062,77539,1492808177803109020,/fluid_pressure,105480.007812,0.0
1492808177876865776,77540,1492808177878109020,/fluid_pressure,105440.0,0.0
1492808177950986841,77541,1492808177952109020,/fluid_pressure,105419.992188,0.0
1492808178024774199,77542,1492808178026109020,/fluid_pressure,105410.0,0.0
1492808178099931793,77543,1492808178100109020,/fluid_pressure,105419.992188,0.0
1492808178173945768,77544,1492808178175109020,/fluid_pressure,105369.992188,0.0
1492808178247739900,77545,1492808178249109020,/fluid_pressure,105380.007812,0.0
1492808178321619765,77546,1492808178323109020,/fluid_pressure,105500.0,0.0
1492808178397008715,77547,1492808178397109020,/fluid_pressure,105419.992188,0.0
1492808178470811763,77548,1492808178472109020,/fluid_pressure,105440.0,0.0
1492808178544097178,77549,1492808178546024000,/fluid_pressure,105460.0,0.0
1492808178619483515,77550,1492808178620024000,/fluid_pressure,105430.007812,0.0
1492808178693762586,77551,1492808178694024000,/fluid_pressure,105440.0,0.0
1492808178767424845,77552,1492808178769024000,/fluid_pressure,105440.0,0.0
1492808178841835548,77553,1492808178843024000,/fluid_pressure,105450.0,0.0
1492808178916876542,77554,1492808178917024000,/fluid_pressure,105410.0,0.0
1492808178990386613,77555,1492808178992024000,/fluid_pressure,105430.007812,0.0
1492808179064143684,77556,1492808179066024000,/fluid_pressure,105400.0,0.0
1492808179138558265,77557,1492808179140024000,/fluid_pressure,105460.0,0.0
1492808179213635414,77558,1492808179214024000,/fluid_pressure,105490.0,0.0
1492808179287260452,77559,1492808179289024000,/fluid_pressure,105460.0,0.0
1492808179361607190,77560,1492808179363024000,/fluid_pressure,105430.007812,0.0
1492808179436356436,77561,1492808179437024000,/fluid_pressure,105400.0,0.0
1492808179510631939,77562,1492808179511024000,/fluid_pressure,105460.0,0.0
1492808179585031082,77563,1492808179586024000,/fluid_pressure,105450.0,0.0
1492808179658131190,77564,1492808179660024000,/fluid_pressure,105410.0,0.0
1492808179733840357,77565,1492808179734024000,/fluid_pressure,105469.992188,0.0
1492808179807745016,77566,1492808179808024000,/fluid_pressure,105450.0,0.0
1492808179881307722,77567,1492808179883024000,/fluid_pressure,105450.0,0.0
1492808179955138949,77568,1492808179957024000,/fluid_pressure,105419.992188,0.0
1492808180030284062,77569,1492808180031024000,/fluid_pressure,105430.007812,0.0
1492808180104390663,77570,1492808180106024000,/fluid_pressure,105480.007812,0.0
1492808180178225718,77571,1492808180180024000,/fluid_pressure,105410.0,0.0
1492808180253693261,77572,1492808180254024000,/fluid_pressure,105500.0,0.0
1492808180328194444,77573,1492808180328024000,/fluid_pressure,105430.007812,0.0
1492808180401485820,77574,1492808180403024000,/fluid_pressure,105450.0,0.0
1492808180475956333,77575,1492808180477024000,/fluid_pressure,105440.0,0.0
1492808180550104757,77576,1492808180551024000,/fluid_pressure,105440.0,0.0
1492808180625010543,77577,1492808180626024000,/fluid_pressure,105410.0,0.0
1492808180698801221,77578,1492808180700024000,/fluid_pressure,105369.992188,0.0
1492808180772544905,77579,1492808180774024000,/fluid_pressure,105419.992188,0.0
1492808180847539678,77580,1492808180848024000,/fluid_pressure,105380.007812,0.0
1492808180921455829,77581,1492808180922024000,/fluid_pressure,105390.0,0.0
1492808180995637788,77582,1492808180997024000,/fluid_pressure,105400.0,0.0
1492808181070534539,77583,1492808181070494091,/fluid_pressure,105430.007812,0.0
1492808181145048605,77584,1492808181144494091,/fluid_pressure,105440.0,0.0
1492808181218780521,77585,1492808181219494091,/fluid_pressure,105440.0,0.0
1492808181292678273,77586,1492808181293494091,/fluid_pressure,105419.992188,0.0
1492808181367334567,77587,1492808181367494091,/fluid_pressure,105440.0,0.0
1492808181441065316,77588,1492808181441494091,/fluid_pressure,105480.007812,0.0
1492808181516035596,77589,1492808181516494091,/fluid_pressure,105400.0,0.0
1492808181589254834,77590,1492808181590494091,/fluid_pressure,105430.007812,0.0
1492808181664161132,77591,1492808181664494091,/fluid_pressure,105450.0,0.0
1492808181738165060,77592,1492808181739494091,/fluid_pressure,105380.007812,0.0
1492808181812562087,77593,1492808181813494091,/fluid_pressure,105480.007812,0.0
1492808181886301282,77594,1492808181887494091,/fluid_pressure,105410.0,0.0
1492808181961632959,77595,1492808181961494091,/fluid_pressure,105369.992188,0.0
1492808182036024572,77596,1492808182036494091,/fluid_pressure,105430.007812,0.0
1492808182109456870,77597,1492808182110494091,/fluid_pressure,105350.0,0.0
1492808182184978859,77598,1492808182184494091,/fluid_pressure,105419.992188,0.0
1492808182258795372,77599,1492808182258494091,/fluid_pressure,105410.0,0.0
1492808182332505022,77600,1492808182333494091,/fluid_pressure,105419.992188,0.0
1492808182407138842,77601,1492808182407494091,/fluid_pressure,105450.0,0.0
1492808182481328425,77602,1492808182481494091,/fluid_pressure,105410.0,0.0
1492808182555234984,77603,1492808182555494091,/fluid_pressure,105410.0,0.0
1492808182630082859,77604,1492808182630494091,/fluid_pressure,105390.0,0.0
1492808182703321128,77605,1492808182704494091,/fluid_pressure,105410.0,0.0
1492808182778416646,77606,1492808182778494091,/fluid_pressure,105419.992188,0.0
1492808182852384341,77607,1492808182853494091,/fluid_pressure,105380.007812,0.0
1492808182926929587,77608,1492808182927494091,/fluid_pressure,105410.0,0.0
1492808183001775021,77609,1492808183001494091,/fluid_pressure,105400.0,0.0
1492808183075465786,77610,1492808183075494091,/fluid_pressure,105440.0,0.0
1492808183149165285,77611,1492808183150494091,/fluid_pressure,105440.0,0.0
1492808183223495361,77612,1492808183224494091,/fluid_pressure,105450.0,0.0
1492808183299047569,77613,1492808183298494091,/fluid_pressure,105419.992188,0.0
1492808183372910491,77614,1492808183372494091,/fluid_pressure,105390.0,0.0
1492808183446663303,77615,1492808183447494091,/fluid_pressure,105419.992188,0.0
1492808183520251860,77616,1492808183521494091,/fluid_pressure,105480.007812,0.0
1492808183595507996,77617,1492808183595503961,/fluid_pressure,105419.992188,0.0
1492808183669826943,77618,1492808183669503961,/fluid_pressure,105410.0,0.0
1492808183743465899,77619,1492808183744503961,/fluid_pressure,105490.0,0.0
1492808183819001398,77620,1492808183818503961,/fluid_pressure,105440.0,0.0
1492808183892751991,77621,1492808183892503961,/fluid_pressure,105440.0,0.0
1492808183967099783,77622,1492808183967503961,/fluid_pressure,105410.0,0.0
1492808184040885463,77623,1492808184041503961,/fluid_pressure,105400.0,0.0
1492808184115979719,77624,1492808184115503961,/fluid_pressure,105410.0,0.0
1492808184189046659,77625,1492808184189503961,/fluid_pressure,105410.0,0.0
1492808184263097709,77626,1492808184264503961,/fluid_pressure,105430.007812,0.0
1492808184337178709,77627,1492808184338503961,/fluid_pressure,105390.0,0.0
1492808184413170335,77628,1492808184412503961,/fluid_pressure,105380.007812,0.0
1492808184487027462,77629,1492808184486503961,/fluid_pressure,105380.007812,0.0
1492808184560592884,77630,1492808184561503961,/fluid_pressure,105419.992188,0.0
1492808184635919761,77631,1492808184635503961,/fluid_pressure,105400.0,0.0
1492808184709890445,77632,1492808184709503961,/fluid_pressure,105419.992188,0.0
1492808184783218074,77633,1492808184783503961,/fluid_pressure,105480.007812,0.0
1492808184857715593,77634,1492808184858503961,/fluid_pressure,105419.992188,0.0
1492808184932698381,77635,1492808184932503961,/fluid_pressure,105490.0,0.0
1492808185006279704,77636,1492808185006503961,/fluid_pressure,105440.0,0.0
1492808185080750398,77637,1492808185081503961,/fluid_pressure,105480.007812,0.0
1492808185154566273,77638,1492808185155503961,/fluid_pressure,105469.992188,0.0
1492808185229931178,77639,1492808185229503961,/fluid_pressure,105469.992188,0.0
1492808185304089409,77640,1492808185303503961,/fluid_pressure,105469.992188,0.0
1492808185377687922,77641,1492808185378503961,/fluid_pressure,105430.007812,0.0
1492808185452471680,77642,1492808185452503961,/fluid_pressure,105419.992188,0.0
1492808185526857633,77643,1492808185526503961,/fluid_pressure,105410.0,0.0
1492808185601087471,77644,1492808185600503961,/fluid_pressure,105469.992188,0.0
1492808185674319326,77645,1492808185675503961,/fluid_pressure,105400.0,0.0
1492808185749364617,77646,1492808185749503961,/fluid_pressure,105369.992188,0.0
1492808185823131202,77647,1492808185823503961,/fluid_pressure,105410.0,0.0
1492808185897382131,77648,1492808185897503961,/fluid_pressure,105400.0,0.0
1492808185971243734,77649,1492808185972503961,/fluid_pressure,105450.0,0.0
1492808186046924536,77650,1492808186046503961,/fluid_pressure,105450.0,0.0
1492808186120716032,77651,1492808186121234094,/fluid_pressure,105450.0,0.0
1492808186194287720,77652,1492808186196234094,/fluid_pressure,105400.0,0.0
1492808186269189105,77653,1492808186270234094,/fluid_pressure,105400.0,0.0
1492808186343287955,77654,1492808186344234094,/fluid_pressure,105430.007812,0.0
1492808186417768887,77655,1492808186418234094,/fluid_pressure,105440.0,0.0
1492808186491630825,77656,1492808186493234094,/fluid_pressure,105450.0,0.0
1492808186566707102,77657,1492808186567234094,/fluid_pressure,105460.0,0.0
1492808186641089796,77658,1492808186641234094,/fluid_pressure,105419.992188,0.0
1492808186714352158,77659,1492808186715234094,/fluid_pressure,105410.0,0.0
1492808186788128460,77660,1492808186790234094,/fluid_pressure,105440.0,0.0
1492808186863180167,77661,1492808186864234094,/fluid_pressure,105410.0,0.0
1492808186937603121,77662,1492808186938234094,/fluid_pressure,105450.0,0.0
1492808187011974555,77663,1492808187013234094,/fluid_pressure,105360.0,0.0
1492808187085540719,77664,1492808187087234094,/fluid_pressure,105390.0,0.0
1492808187160415177,77665,1492808187161234094,/fluid_pressure,105430.007812,0.0
1492808187234681252,77666,1492808187235234094,/fluid_pressure,105440.0,0.0
1492808187308604972,77667,1492808187310234094,/fluid_pressure,105380.007812,0.0
1492808187383644109,77668,1492808187384234094,/fluid_pressure,105419.992188,0.0
1492808187457167907,77669,1492808187458234094,/fluid_pressure,105410.0,0.0
1492808187531124882,77670,1492808187532234094,/fluid_pressure,105400.0,0.0
1492808187605693977,77671,1492808187607234094,/fluid_pressure,105369.992188,0.0
1492808187680364921,77672,1492808187681234094,/fluid_pressure,105390.0,0.0
1492808187754346615,77673,1492808187755234094,/fluid_pressure,105440.0,0.0
1492808187828362429,77674,1492808187830234094,/fluid_pressure,105360.0,0.0
1492808187902774202,77675,1492808187904234094,/fluid_pressure,105410.0,0.0
1492808187977741639,77676,1492808187978234094,/fluid_pressure,105410.0,0.0
1492808188051632779,77677,1492808188052234094,/fluid_pressure,105450.0,0.0
1492808188125571832,77678,1492808188127234094,/fluid_pressure,105480.007812,0.0
1492808188200023527,77679,1492808188201234094,/fluid_pressure,105390.0,0.0
1492808188275120851,77680,1492808188275234094,/fluid_pressure,105480.007812,0.0
1492808188348750854,77681,1492808188349234094,/fluid_pressure,105519.992188,0.0
1492808188422422708,77682,1492808188424234094,/fluid_pressure,105400.0,0.0
1492808188497133053,77683,1492808188498234094,/fluid_pressure,105469.992188,0.0
1492808188571334061,77684,1492808188572234094,/fluid_pressure,105440.0,0.0
1492808188645128694,77685,1492808188646111881,/fluid_pressure,105380.007812,0.0
1492808188719844656,77686,1492808188721111881,/fluid_pressure,105369.992188,0.0
1492808188794950800,77687,1492808188795111881,/fluid_pressure,105390.0,0.0
1492808188868050427,77688,1492808188869111881,/fluid_pressure,105380.007812,0.0
1492808188942874819,77689,1492808188944111881,/fluid_pressure,105469.992188,0.0
1492808189016178691,77690,1492808189018111881,/fluid_pressure,105400.0,0.0
1492808189091720926,77691,1492808189092111881,/fluid_pressure,105469.992188,0.0
1492808189165470245,77692,1492808189166111881,/fluid_pressure,105419.992188,0.0
1492808189239359491,77693,1492808189241111881,/fluid_pressure,105490.0,0.0
1492808189314538846,77694,1492808189315111881,/fluid_pressure,105500.0,0.0
1492808189388686756,77695,1492808189389111881,/fluid_pressure,105480.007812,0.0
1492808189462969415,77696,1492808189463111881,/fluid_pressure,105440.0,0.0
1492808189536852343,77697,1492808189538111881,/fluid_pressure,105430.007812,0.0
1492808189611327186,77698,1492808189612111881,/fluid_pressure,105469.992188,0.0
1492808189686156820,77699,1492808189686111881,/fluid_pressure,105410.0,0.0
1492808189759956442,77700,1492808189760111881,/fluid_pressure,105410.0,0.0
1492808189834127789,77701,1492808189835111881,/fluid_pressure,105380.007812,0.0
1492808189909008892,77702,1492808189909111881,/fluid_pressure,105410.0,0.0
1492808189982409736,77703,1492808189983111881,/fluid_pressure,105419.992188,0.0
1492808190056586937,77704,1492808190058111881,/fluid_pressure,105430.007812,0.0
1492808190131729098,77705,1492808190132111881,/fluid_pressure,105410.0,0.0
1492808190205457418,77706,1492808190206111881,/fluid_pressure,105440.0,0.0
1492808190279370858,77707,1492808190280111881,/fluid_pressure,105419.992188,0.0
1492808190353466469,77708,1492808190355111881,/fluid_pressure,105390.0,0.0
1492808190429163960,77709,1492808190429111881,/fluid_pressure,105510.0,0.0
1492808190502906622,77710,1492808190503111881,/fluid_pressure,105469.992188,0.0
1492808190576863931,77711,1492808190577111881,/fluid_pressure,105430.007812,0.0
1492808190650761017,77712,1492808190652111881,/fluid_pressure,105450.0,0.0
1492808190725356101,77713,1492808190726111881,/fluid_pressure,105419.992188,0.0
1492808190800076457,77714,1492808190800111881,/fluid_pressure,105419.992188,0.0
1492808190873952805,77715,1492808190874111881,/fluid_pressure,105400.0,0.0
1492808190948997650,77716,1492808190949111881,/fluid_pressure,105340.0,0.0
1492808191022562563,77717,1492808191023111881,/fluid_pressure,105390.0,0.0
1492808191096104167,77718,1492808191097111881,/fluid_pressure,105340.0,0.0
1492808191170287623,77719,1492808191172461975,/fluid_pressure,105400.0,0.0
1492808191245131200,77720,1492808191246461975,/fluid_pressure,105419.992188,0.0
1492808191320064306,77721,1492808191320461975,/fluid_pressure,105419.992188,0.0
1492808191393710140,77722,1492808191394461975,/fluid_pressure,105400.0,0.0
1492808191468518969,77723,1492808191469461975,/fluid_pressure,105430.007812,0.0
1492808191542440107,77724,1492808191543461975,/fluid_pressure,105450.0,0.0
1492808191617170272,77725,1492808191617461975,/fluid_pressure,105469.992188,0.0
1492808191691130963,77726,1492808191691461975,/fluid_pressure,105519.992188,0.0
1492808191765105139,77727,1492808191766461975,/fluid_pressure,105480.007812,0.0
1492808191839138920,77728,1492808191840461975,/fluid_pressure,105440.0,0.0
1492808191913580906,77729,1492808191914461975,/fluid_pressure,105510.0,0.0
1492808191987600549,77730,1492808191989461975,/fluid_pressure,105430.007812,0.0
1492808192062591527,77731,1492808192063461975,/fluid_pressure,105450.0,0.0
1492808192136621624,77732,1492808192137461975,/fluid_pressure,105490.0,0.0
1492808192210847175,77733,1492808192211461975,/fluid_pressure,105480.007812,0.0
1492808192284651252,77734,1492808192286461975,/fluid_pressure,105360.0,0.0
1492808192359159555,77735,1492808192360461975,/fluid_pressure,105400.0,0.0
1492808192433488024,77736,1492808192434461975,/fluid_pressure,105390.0,0.0
1492808192507498136,77737,1492808192508461975,/fluid_pressure,105400.0,0.0
1492808192582624084,77738,1492808192583461975,/fluid_pressure,105390.0,0.0
1492808192656378808,77739,1492808192657461975,/fluid_pressure,105400.0,0.0
1492808192730566066,77740,1492808192731461975,/fluid_pressure,105410.0,0.0
1492808192804353510,77741,1492808192805461975,/fluid_pressure,105450.0,0.0
1492808192879406561,77742,1492808192880461975,/fluid_pressure,105440.0,0.0
1492808192953493970,77743,1492808192954461975,/fluid_pressure,105460.0,0.0
1492808193027192746,77744,1492808193028461975,/fluid_pressure,105419.992188,0.0
1492808193101525614,77745,1492808193103461975,/fluid_pressure,105500.0,0.0
1492808193176863345,77746,1492808193177461975,/fluid_pressure,105450.0,0.0
1492808193250673750,77747,1492808193251461975,/fluid_pressure,105469.992188,0.0
1492808193324383477,77748,1492808193325461975,/fluid_pressure,105450.0,0.0
1492808193398930688,77749,1492808193400461975,/fluid_pressure,105410.0,0.0
1492808193473647856,77750,1492808193474461975,/fluid_pressure,105410.0,0.0
1492808193547596563,77751,1492808193548461975,/fluid_pressure,105430.007812,0.0
1492808193621561346,77752,1492808193622461975,/fluid_pressure,105419.992188,0.0
1492808193696300066,77753,1492808193696551000,/fluid_pressure,105419.992188,0.0
1492808193770281724,77754,1492808193770551000,/fluid_pressure,105380.007812,0.0
1492808193844234376,77755,1492808193844551000,/fluid_pressure,105390.0,0.0
1492808193918789684,77756,1492808193918551000,/fluid_pressure,105400.0,0.0
1492808193993056655,77757,1492808193993551000,/fluid_pressure,105440.0,0.0
1492808194067815368,77758,1492808194067551000,/fluid_pressure,105469.992188,0.0
1492808194141770226,77759,1492808194141551000,/fluid_pressure,105460.0,0.0
1492808194215615080,77760,1492808194216551000,/fluid_pressure,105380.007812,0.0
1492808194290748055,77761,1492808194290551000,/fluid_pressure,105360.0,0.0
1492808194365132113,77762,1492808194364551000,/fluid_pressure,105430.007812,0.0
1492808194438096875,77763,1492808194438551000,/fluid_pressure,105390.0,0.0
1492808194513035592,77764,1492808194513551000,/fluid_pressure,105400.0,0.0
1492808194587259164,77765,1492808194587551000,/fluid_pressure,105430.007812,0.0
1492808194661373376,77766,1492808194661551000,/fluid_pressure,105390.0,0.0
1492808194735492560,77767,1492808194736551000,/fluid_pressure,105369.992188,0.0
1492808194810302699,77768,1492808194810551000,/fluid_pressure,105430.007812,0.0
1492808194884865067,77769,1492808194884551000,/fluid_pressure,105430.007812,0.0
1492808194958577484,77770,1492808194958551000,/fluid_pressure,105490.0,0.0
1492808195033980011,77771,1492808195033551000,/fluid_pressure,105490.0,0.0
1492808195107867394,77772,1492808195107551000,/fluid_pressure,105390.0,0.0
1492808195181877469,77773,1492808195181551000,/fluid_pressure,105380.007812,0.0
1492808195255637201,77774,1492808195255551000,/fluid_pressure,105369.992188,0.0
1492808195330990758,77775,1492808195330551000,/fluid_pressure,105380.007812,0.0
1492808195405056782,77776,1492808195404551000,/fluid_pressure,105450.0,0.0
1492808195478349884,77777,1492808195478551000,/fluid_pressure,105419.992188,0.0
1492808195552121646,77778,1492808195552551000,/fluid_pressure,105500.0,0.0
1492808195627297393,77779,1492808195627551000,/fluid_pressure,105460.0,0.0
1492808195701167738,77780,1492808195701551000,/fluid_pressure,105419.992188,0.0
1492808195775411582,77781,1492808195775551000,/fluid_pressure,105410.0,0.0
1492808195849314161,77782,1492808195849551000,/fluid_pressure,105419.992188,0.0
1492808195924250918,77783,1492808195924551000,/fluid_pressure,105460.0,0.0
1492808195998051077,77784,1492808195998551000,/fluid_pressure,105400.0,0.0
1492808196072125751,77785,1492808196072551000,/fluid_pressure,105440.0,0.0
1492808196147909485,77786,1492808196147551000,/fluid_pressure,105390.0,0.0
1492808196222007018,77787,1492808196222131883,/fluid_pressure,105419.992188,0.0
1492808196295931402,77788,1492808196296131883,/fluid_pressure,105419.992188,0.0
1492808196370112275,77789,1492808196370131883,/fluid_pressure,105380.007812,0.0
1492808196445052565,77790,1492808196445131883,/fluid_pressure,105360.0,0.0
1492808196518966347,77791,1492808196519131883,/fluid_pressure,105380.007812,0.0
1492808196592784652,77792,1492808196593131883,/fluid_pressure,105419.992188,0.0
1492808196667162548,77793,1492808196667131883,/fluid_pressure,105369.992188,0.0
1492808196741314201,77794,1492808196742131883,/fluid_pressure,105419.992188,0.0
1492808196815202432,77795,1492808196816131883,/fluid_pressure,105340.0,0.0
1492808196889096772,77796,1492808196890131883,/fluid_pressure,105390.0,0.0
1492808196964501909,77797,1492808196965131883,/fluid_pressure,105460.0,0.0
1492808197038256392,77798,1492808197039131883,/fluid_pressure,105500.0,0.0
1492808197112592986,77799,1492808197113131883,/fluid_pressure,105450.0,0.0
1492808197186171575,77800,1492808197187131883,/fluid_pressure,105450.0,0.0
1492808197261641095,77801,1492808197262131883,/fluid_pressure,105390.0,0.0
1492808197335820612,77802,1492808197336131883,/fluid_pressure,105450.0,0.0
1492808197409657285,77803,1492808197410131883,/fluid_pressure,105469.992188,0.0
1492808197483958866,77804,1492808197484131883,/fluid_pressure,105450.0,0.0
1492808197558732512,77805,1492808197559131883,/fluid_pressure,105430.007812,0.0
1492808197632671815,77806,1492808197633131883,/fluid_pressure,105369.992188,0.0
1492808197706054230,77807,1492808197707131883,/fluid_pressure,105410.0,0.0
1492808197781262385,77808,1492808197782131883,/fluid_pressure,105350.0,0.0
1492808197856038843,77809,1492808197856131883,/fluid_pressure,105440.0,0.0
1492808197929523079,77810,1492808197930131883,/fluid_pressure,105390.0,0.0
1492808198003542304,77811,1492808198004131883,/fluid_pressure,105390.0,0.0
1492808198078136158,77812,1492808198079131883,/fluid_pressure,105440.0,0.0
1492808198152450861,77813,1492808198153131883,/fluid_pressure,105410.0,0.0
1492808198226472201,77814,1492808198227131883,/fluid_pressure,105469.992188,0.0
1492808198300532868,77815,1492808198301131883,/fluid_pressure,105419.992188,0.0
1492808198375627622,77816,1492808198376131883,/fluid_pressure,105460.0,0.0
1492808198449731193,77817,1492808198450131883,/fluid_pressure,105400.0,0.0
1492808198523797732,77818,1492808198524131883,/fluid_pressure,105480.007812,0.0
1492808198598224416,77819,1492808198598131883,/fluid_pressure,105400.0,0.0
1492808198672287993,77820,1492808198673131883,/fluid_pressure,105430.007812,0.0
1492808198746270129,77821,1492808198747011100,/fluid_pressure,105430.007812,0.0
1492808198820582721,77822,1492808198821011100,/fluid_pressure,105450.0,0.0
1492808198895690491,77823,1492808198896011100,/fluid_pressure,105510.0,0.0
1492808198969778722,77824,1492808198970011100,/fluid_pressure,105369.992188,0.0
1492808199043558618,77825,1492808199044011100,/fluid_pressure,105430.007812,0.0
1492808199118911362,77826,1492808199118011100,/fluid_pressure,105469.992188,0.0
1492808199192059474,77827,1492808199193011100,/fluid_pressure,105440.0,0.0
1492808199266365849,77828,1492808199267011100,/fluid_pressure,105410.0,0.0
1492808199341010225,77829,1492808199341011100,/fluid_pressure,105410.0,0.0
1492808199415414002,77830,1492808199415011100,/fluid_pressure,105419.992188,0.0
1492808199489150806,77831,1492808199490011100,/fluid_pressure,105450.0,0.0
1492808199563048556,77832,1492808199564011100,/fluid_pressure,105350.0,0.0
1492808199637171852,77833,1492808199638011100,/fluid_pressure,105419.992188,0.0
1492808199712826157,77834,1492808199713011100,/fluid_pressure,105469.992188,0.0
1492808199786820889,77835,1492808199787011100,/fluid_pressure,105380.007812,0.0
1492808199860222297,77836,1492808199861011100,/fluid_pressure,105419.992188,0.0
1492808199935765468,77837,1492808199935011100,/fluid_pressure,105469.992188,0.0
1492808200009853183,77838,1492808200010011100,/fluid_pressure,105430.007812,0.0
