%time,field.data
1492808165456278688,0.0
1492808165556167178,0.0
1492808165656132365,0.0
1492808165756104688,0.0
1492808165855972526,0.0
1492808165956032212,0.0
1492808166055948125,0.0
1492808166156133905,0.0
1492808166256035955,0.0
1492808166356038285,0.0
1492808166456072582,0.0
1492808166556002043,0.0
1492808166656126895,0.0
1492808166755991934,0.0
1492808166855971384,0.0
1492808166956040709,0.0
1492808167056066272,0.0
1492808167156139488,0.0
1492808167255995174,0.0
1492808167356012198,0.0
1492808167456004597,0.0
1492808167555930435,0.0
1492808167656394506,0.0
1492808167756030595,0.0
1492808167855964816,0.0
1492808167956088488,0.0
1492808168055985267,0.0
1492808168156166063,0.0
1492808168256025479,0.0
1492808168356086010,0.0
1492808168456027813,0.0
1492808168556055702,0.0
1492808168656018797,0.0
1492808168755970400,0.0
1492808168856017323,0.0
1492808168956064577,0.0
1492808169056211447,0.0
1492808169155999608,0.0
1492808169255962439,0.0
1492808169356096069,0.0
1492808169456054158,0.0
1492808169555968669,0.0
1492808169656025172,0.0
1492808169755995144,0.0
1492808169856210797,0.0
1492808169956046515,0.0
1492808170056040047,35.0
1492808170155984253,35.0
1492808170256030522,16.6891498566
1492808170356020762,8.97728443146
1492808170456021660,8.54431915283
1492808170556041539,8.63695526123
1492808170656038492,9.68154907227
1492808170756114604,9.97922039032
1492808170855986305,9.71172142029
1492808170956067176,9.99020671844
1492808171056059034,9.94090652466
1492808171156008205,9.48362922668
1492808171256012288,8.58782100677
1492808171356314535,7.55658245087
1492808171455998850,7.18043422699
1492808171556015621,7.29920625687
1492808171656009380,7.76934242249
1492808171755948665,8.04762172699
1492808171856032318,7.47792625427
1492808171956027918,6.15639734268
1492808172055976123,4.67625331879
1492808172156038315,4.28614282608
1492808172256039420,5.37872409821
1492808172355935946,8.00289344788
1492808172456040395,10.4094600677
1492808172555956997,10.9750299454
1492808172656038845,9.23811244965
1492808172756198445,6.45385313034
1492808172856012803,3.87728762627
1492808172956039864,4.07661151886
1492808173055998045,4.50683450699
1492808173155946737,5.60964679718
1492808173256054384,6.74450778961
1492808173356078180,7.64028215408
1492808173455964653,8.20102214813
1492808173556101185,8.67717266083
1492808173656066846,8.45203590393
1492808173756054589,7.98020648956
1492808173856107070,6.79019975662
1492808173955981701,5.23323869705
1492808174056013214,3.8970618248
1492808174156103711,3.8110396862
1492808174256041926,5.25459003448
1492808174355995653,7.29979944229
1492808174455978525,8.39759159088
1492808174556066546,8.42199897766
1492808174656043777,7.2925491333
1492808174756221963,6.16562271118
1492808174856110562,5.69555664062
1492808174956086774,5.81313419342
1492808175055897190,5.84825563431
1492808175156168022,5.5628361702
1492808175255939965,5.23802471161
1492808175355916329,5.11686992645
1492808175455997970,4.90661430359
1492808175556004939,5.03446960449
1492808175656053952,4.5934472084
1492808175756062616,4.51222705841
1492808175856029640,5.64578676224
1492808175955991757,7.39383554459
1492808176055975019,8.14351272583
1492808176156024040,7.73328447342
1492808176256030241,6.2393283844
1492808176356040883,4.83356285095
1492808176456129700,3.92771172523
1492808176556069664,4.18433666229
1492808176656003303,5.26636219025
1492808176756056567,7.01904296875
1492808176856165227,8.86417961121
1492808176956058572,9.83422756195
1492808177056051009,9.853556633
1492808177155956655,8.55065345764
1492808177256033302,6.39705228806
1492808177356156700,4.44328641891
1492808177456006548,3.65559244156
1492808177556026689,4.51023483276
1492808177656016690,5.83257246017
1492808177756050393,7.1819152832
1492808177856015362,8.04614830017
1492808177956026676,8.37724399567
1492808178056050568,8.55875682831
1492808178155873620,8.83766078949
1492808178255962284,8.8798160553
1492808178356054800,8.83291721344
1492808178456126013,8.26838970184
1492808178555977726,8.18231105804
1492808178656065910,8.18842315674
1492808178755928592,8.45554828644
1492808178856008961,8.48504638672
1492808178956041847,8.43370056152
1492808179056087904,8.58390522003
1492808179156098462,8.70902919769
1492808179256469020,8.89016723633
1492808179356164851,9.14078521729
1492808179456014353,9.26997375488
1492808179556005258,9.25514411926
1492808179656035803,9.24025344849
1492808179756065876,9.58028030396
1492808179856052345,10.0950193405
1492808179955908496,10.2964601517
1492808180056063981,10.2296476364
1492808180156017494,10.2179517746
1492808180255893053,9.92827320099
1492808180355995137,10.097910881
1492808180456006802,10.7187757492
1492808180556014420,11.5789899826
1492808180655995702,12.2818136215
1492808180755952816,12.2263679504
1492808180855988931,12.1557435989
1492808180956070790,11.3445224762
1492808181055974819,10.6019220352
1492808181156292354,10.5406904221
1492808181256081720,10.8496198654
1492808181356054279,11.6885843277
1492808181456073316,12.7436065674
1492808181556002687,13.8195343018
1492808181656121692,14.9840707779
1492808181756008751,15.8578624725
1492808181856007608,16.0223407745
1492808181956060633,15.2913675308
1492808182055960341,14.3341112137
1492808182156035649,13.5813817978
1492808182256011547,13.4212398529
1492808182355935060,13.9343175888
1492808182455978776,15.0564832687
1492808182555995465,15.8538188934
1492808182656056913,15.9761991501
1492808182756066042,14.9237642288
1492808182856024009,13.4282398224
1492808182956130272,12.743522644
1492808183056020329,14.2758560181
1492808183155984785,14.993932724
1492808183256019949,15.6395196915
1492808183356043665,16.3254356384
1492808183456033474,16.0189933777
1492808183556010430,15.4270906448
1492808183656013285,15.1561498642
1492808183756080399,15.4353208542
1492808183855953463,16.4711704254
1492808183956060407,18.0719795227
1492808184056067861,18.934009552
1492808184156084611,19.1998538971
1492808184256076094,19.4200954437
1492808184356017946,19.6151485443
1492808184456008704,19.7692909241
1492808184556188980,20.0840873718
1492808184655982956,20.3943519592
1492808184755979429,20.1340255737
1492808184855991024,19.3057365417
1492808184955959995,18.304271698
1492808185056051250,18.0670013428
1492808185155985213,17.7915306091
1492808185255982928,17.4911460876
1492808185356057351,18.0010738373
1492808185456043190,18.9282989502
1492808185556001355,18.8919143677
1492808185656087606,18.9261302948
1492808185756058585,18.1290683746
1492808185856007205,17.6324386597
1492808185956070441,18.4202060699
1492808186056089575,19.178691864
1492808186156254853,19.1319885254
1492808186256035584,18.2306308746
1492808186356057889,17.3885192871
1492808186456058748,17.2236690521
1492808186556091543,17.8822383881
1492808186656005343,18.1840839386
1492808186756007919,18.0176544189
1492808186856094990,17.9489746094
1492808186956106967,17.7327651978
1492808187056091268,17.9206867218
1492808187156050342,18.6650047302
1492808187256018823,19.2396469116
1492808187355933939,19.0754947662
1492808187456083160,18.89686203
1492808187556438734,18.9625205994
1492808187656049890,19.4694843292
1492808187756009161,20.0623550415
1492808187856015526,20.2011928558
1492808187956089457,19.5580329895
1492808188056030951,18.4022159576
1492808188156065307,16.8859081268
1492808188256087522,16.1937389374
1492808188355983832,15.4342432022
1492808188456012124,14.965423584
1492808188556048640,16.0563964844
1492808188655923975,17.4019203186
1492808188755974940,19.2902679443
1492808188856055924,21.5570011139
1492808188955971366,22.4371929169
1492808189055950337,21.8063678741
1492808189156082332,20.3809986115
1492808189256086016,18.1994686127
1492808189356041931,15.4634628296
1492808189455987275,14.7216358185
1492808189556415718,14.7284870148
1492808189656047513,16.0294380188
1492808189756013574,18.1499214172
1492808189855951902,20.2249851227
1492808189956095761,21.0328712463
1492808190055973367,20.2844295502
1492808190156349602,18.950510025
1492808190256027192,18.1767044067
1492808190356068008,18.3363933563
1492808190456372766,18.7601261139
1492808190556051050,18.7881126404
1492808190656057535,17.989364624
1492808190756034068,16.7474460602
1492808190856019056,16.6805419922
1492808190955980629,17.1326255798
1492808191055978963,17.8765144348
1492808191156011893,18.375082016
1492808191256054423,18.524471283
1492808191356067879,18.8603935242
1492808191455973143,19.2158126831
1492808191555998362,19.155462265
1492808191655990890,18.7322006226
1492808191756036382,17.9003543854
1492808191856075460,16.9552326202
1492808191956046028,16.3398017883
1492808192055934172,16.1430873871
1492808192156014663,15.9909725189
1492808192255983799,16.0124855042
1492808192356215056,16.4308414459
1492808192456220466,17.3668022156
1492808192555962815,18.3834056854
1492808192656046633,19.4345626831
1492808192756018950,20.1341667175
1492808192855995675,20.2425117493
1492808192955892195,19.5249404907
1492808193056016653,18.5601577759
1492808193156014584,18.64153862
1492808193256038076,18.7927875519
1492808193356061256,19.0259532928
1492808193456051062,18.9076290131
1492808193556034341,18.2717247009
1492808193655966464,17.3321647644
1492808193756014397,16.7056484222
1492808193856037682,16.6457023621
1492808193956011367,17.2816448212
1492808194055986101,18.3477153778
1492808194155960413,19.4189167023
1492808194256037959,20.3999729156
1492808194356029082,21.1479701996
1492808194456035058,21.1780872345
1492808194555996749,20.332950592
1492808194656078366,19.5657863617
1492808194756022363,19.095495224
1492808194856022728,18.6509552002
1492808194956051551,18.0151157379
1492808195056000831,18.1692123413
1492808195155984550,18.4312725067
1492808195256039099,18.9583969116
1492808195355968917,19.3332614899
1492808195456029735,18.9923362732
1492808195555974645,18.2158546448
1492808195655934767,17.4465007782
1492808195756056964,17.5494098663
1492808195856022352,17.3098011017
1492808195956041708,17.5478725433
1492808196055975321,18.1621646881
1492808196156074185,18.6150188446
1492808196256011772,18.9744491577
1492808196356073130,19.5954475403
1492808196456039887,19.828666687
1492808196556036004,20.1455383301
1492808196656083451,20.4923496246
1492808196755985721,20.9696063995
1492808196855990889,20.9970169067
1492808196956062938,20.4635658264
1492808197056054714,18.7065391541
1492808197155970792,17.0523090363
1492808197256003760,16.6049518585
1492808197356023476,17.0747776031
1492808197456016077,18.1174030304
1492808197556026833,18.955242157
1492808197656126237,19.1479129791
1492808197755991218,19.1720371246
1492808197856030852,19.1880264282
1492808197956044174,19.5565376282
1492808198055960078,19.4995861053
1492808198155959942,19.8589363098
1492808198256050593,20.3900775909
1492808198355962194,20.4496498108
1492808198456095986,20.3918380737
1492808198555987844,20.7479248047
1492808198656068769,21.0135917664
1492808198755994052,21.2296791077
1492808198855965352,20.9940052032
1492808198955946991,20.7262153625
1492808199055995997,20.1882839203
1492808199156021020,19.8357315063
1492808199256102116,19.282617569
1492808199356031331,19.1731548309
1492808199456059843,19.9989509583
1492808199556096506,20.9956760406
1492808199656300205,21.5961761475
1492808199756020898,21.9484920502
1492808199855997362,21.8050422668
1492808199955958525,21.7879867554
1492808200008717136,0.0
