%time,field.data
1492808165456108585,0.0
1492808165555986325,0.0
1492808165655963516,0.0
1492808165756043595,0.0
1492808165855860337,0.0
1492808165955931213,0.0
1492808166056079661,0.0
1492808166156073687,0.0
1492808166255893883,0.0
1492808166355946669,0.0
1492808166455911037,0.0
1492808166555925368,0.0
1492808166656101509,0.0
1492808166755970996,0.0
1492808166855955007,0.0
1492808166955918127,0.0
1492808167055885963,0.0
1492808167155932702,0.0
1492808167255848973,0.0
1492808167355934157,0.0
1492808167455975199,0.0
1492808167555890211,0.0
1492808167656315029,0.0
1492808167755918128,0.0
1492808167855830993,0.0
1492808167955969038,0.0
1492808168056034885,0.0
1492808168156173905,0.0
1492808168255865985,0.0
1492808168355953486,0.0
1492808168455998401,0.0
1492808168555956068,0.0
1492808168655866807,0.0
1492808168755902165,0.0
1492808168855897459,0.0
1492808168955939236,0.0
1492808169056148084,0.0
1492808169155775238,0.0
1492808169255933152,0.0
1492808169355940265,0.0
1492808169455920647,0.0
1492808169555819537,0.0
1492808169655830907,0.0
1492808169755862841,0.0
1492808169856013356,0.0
1492808169955943287,0.0
1492808170055923074,-35.0
1492808170155873471,-35.0
1492808170256010496,-20.9925174713
1492808170355933692,-11.9726819992
1492808170455921295,-7.04547071457
1492808170555950505,-5.92297029495
1492808170655992863,-5.84736156464
1492808170755990185,-5.59539699554
1492808170855934864,-5.50116205215
1492808170956059769,-6.00831317902
1492808171055964576,-5.99395704269
1492808171155882002,-5.78546762466
1492808171255897000,-4.90323162079
1492808171356246114,-3.7392411232
1492808171456011099,-2.87731933594
1492808171555941097,-2.9402012825
1492808171655860108,-4.10430955887
1492808171755941874,-5.2745847702
1492808171855972999,-5.87622117996
1492808171955957343,-5.26299476624
1492808172055981921,-3.84482598305
1492808172155924748,-2.40251541138
1492808172255965542,-1.68194830418
1492808172355839456,-1.49892067909
1492808172455903472,-1.520144701
1492808172556021558,-1.54043996334
1492808172656005087,-0.927259981632
1492808172756048010,-0.22060084343
1492808172855971929,0.287073284388
1492808172955946600,-0.840927124023
1492808173055889237,-1.73052728176
1492808173155842352,-2.25992965698
1492808173255984552,-2.29458475113
1492808173355998426,-0.819475531578
1492808173455955643,1.04758286476
1492808173556016502,1.66890752316
1492808173655945776,1.39345920086
1492808173755888137,0.697017610073
1492808173855984484,0.222699180245
1492808173955867045,0.334313869476
1492808174055951310,0.445032417774
1492808174155932881,0.707475304604
1492808174256048518,1.05521416664
1492808174355912356,1.40836393833
1492808174455874260,1.74283397198
1492808174555927531,2.02583670616
1492808174655965363,2.10931968689
1492808174755958047,1.58928656578
1492808174855995377,0.90368270874
1492808174955872024,0.599882662296
1492808175055873975,0.935745120049
1492808175156237576,1.63599324226
1492808175255882875,2.37610530853
1492808175355923984,2.76905870438
1492808175455903167,2.92102766037
1492808175555884839,2.01565623283
1492808175655950940,1.47137606144
1492808175755917137,1.13292622566
1492808175855966904,1.50715911388
1492808175955845997,2.48544549942
1492808176055893653,3.50654959679
1492808176156049471,4.2170548439
1492808176256072487,4.31504487991
1492808176355970835,3.36633563042
1492808176455944918,1.94852387905
1492808176555990262,1.32861065865
1492808176655959791,1.87291538715
1492808176755931252,3.32783007622
1492808176855998608,4.49459981918
1492808176955849797,4.47163963318
1492808177056038575,3.75646424294
1492808177155960703,3.20553350449
1492808177255887332,3.12978291512
1492808177356030781,3.31139779091
1492808177455922432,3.27456688881
1492808177555948515,3.00841164589
1492808177655901492,2.52061200142
1492808177755883419,2.47660684586
1492808177856022709,3.04586958885
1492808177955938422,3.94248890877
1492808178055942432,4.57201385498
1492808178155834537,4.25577926636
1492808178255788510,3.6822707653
1492808178355919492,3.12963271141
1492808178456040215,2.46562981606
1492808178556036790,2.45105290413
1492808178655872760,2.94710373878
1492808178755879129,4.07483291626
1492808178855915919,4.66247272491
1492808178955916815,4.43560171127
1492808179056036316,3.72893548012
1492808179155978712,2.58791017532
1492808179256259040,1.60547721386
1492808179356046169,1.16093039513
1492808179456081030,1.76746797562
1492808179555970100,3.15540218353
1492808179655919149,4.19906377792
1492808179755958969,4.37196207047
1492808179856116702,3.68267679214
1492808179955826495,3.07144069672
1492808180055931070,3.06125473976
1492808180155877221,3.74425673485
1492808180255911009,4.10368108749
1492808180355996819,4.43789720535
1492808180455870543,4.06381082535
1492808180555968289,3.17240214348
1492808180655926332,1.97977626324
1492808180755857759,0.921121776104
1492808180855895114,0.180847615004
1492808180955961719,0.188699156046
1492808181055998637,0.851040959358
1492808181156085809,1.69934689999
1492808181255933073,2.27071070671
1492808181355964941,2.75079011917
1492808181455918750,3.48813295364
1492808181555929563,3.97444295883
1492808181656128459,3.89812469482
1492808181755880589,3.41345667839
1492808181855883647,2.70227074623
1492808181955937366,2.12607455254
1492808182055938175,2.03803133965
1492808182155927934,2.27004146576
1492808182255942508,2.79940342903
1492808182355900367,3.32977461815
1492808182455854003,3.39411020279
1492808182555911262,2.55976223946
1492808182655959178,2.29269099236
1492808182756011010,2.87001180649
1492808182855936649,3.87962412834
1492808182956045083,5.85556983948
1492808183055958769,5.85193824768
1492808183156068780,5.44873952866
1492808183255924896,4.27905845642
1492808183355853831,2.56983113289
1492808183455895903,1.93145239353
1492808183555966090,2.11781835556
1492808183656059195,2.31258106232
1492808183755944414,2.53470540047
1492808183855838917,2.53168034554
1492808183955962594,2.1324634552
1492808184056093694,1.95594346523
1492808184155942442,2.35659503937
1492808184256083506,3.53880214691
1492808184356082525,4.34011411667
1492808184455877593,3.52048182487
1492808184556045903,1.90697026253
1492808184655883957,0.583248019218
1492808184755890057,-0.293002098799
1492808184855920904,-0.980323553085
1492808184956052721,-0.940734386444
1492808185055982124,0.0316631086171
1492808185155869940,0.725661814213
1492808185255994029,0.549203276634
1492808185355912347,0.0940271019936
1492808185455907548,-0.333386898041
1492808185555916717,-0.625452160835
1492808185655991740,-1.44492852688
1492808185755915970,-1.45061898232
1492808185855944446,-1.02752363682
1492808185955891463,-0.619078695774
1492808186056048167,0.555749118328
1492808186156041179,1.09802258015
1492808186255967055,0.262123882771
1492808186355909649,-0.1065088287
1492808186455855183,0.0777095034719
1492808186555990234,0.757685661316
1492808186655898095,1.00951695442
1492808186755849148,1.06453204155
1492808186856069112,1.39500010014
1492808186955841171,1.53960800171
1492808187056067567,1.51085066795
1492808187155902828,1.3575258255
1492808187255902313,1.47450351715
1492808187355804126,2.09069371223
1492808187455873427,3.59433197975
1492808187556246572,4.98015022278
1492808187655858073,5.6080622673
1492808187755850768,5.50084924698
1492808187856021386,5.02581310272
1492808187955992808,4.00783967972
1492808188055914417,2.66201043129
1492808188156057315,1.60951030254
1492808188255889682,0.917549073696
1492808188356005174,1.85619938374
1492808188455971335,3.61525464058
1492808188556017804,4.95892286301
1492808188655823464,5.88542079926
1492808188755948304,5.55912160873
1492808188855918268,5.33944511414
1492808188956063203,5.68266296387
1492808189055926055,6.50696134567
1492808189155980140,7.52946233749
1492808189255904209,7.91249704361
1492808189355921888,6.85915613174
1492808189455979036,7.16720294952
1492808189556254245,7.26955080032
1492808189655904683,7.57988071442
1492808189755882185,8.16805267334
1492808189856008141,8.9792842865
1492808189955968349,9.40321826935
1492808190055966697,9.64114761353
1492808190156151964,9.74384498596
1492808190255902337,9.13422203064
1492808190355947496,8.54774951935
1492808190456222275,8.63567829132
1492808190555996262,9.58772850037
1492808190655921328,10.5170917511
1492808190755872510,11.2146606445
1492808190855826553,10.7226676941
1492808190955986488,10.7771453857
1492808191055875915,11.4806041718
1492808191155889160,12.1428451538
1492808191256026300,12.700674057
1492808191355908968,12.4847517014
1492808191456025377,11.6364603043
1492808191555875175,11.1030025482
1492808191655911888,11.2655267715
1492808191755906312,11.9450283051
1492808191855971139,12.5570850372
1492808191956023302,12.9572286606
1492808192055967698,13.1123943329
1492808192155884921,13.3429260254
1492808192255998317,13.6886367798
1492808192356083264,14.2014760971
1492808192456227246,14.4873399734
1492808192556033513,14.0567932129
1492808192655970409,13.4603691101
1492808192755992322,12.9481468201
1492808192855968957,13.0014314651
1492808192956017383,13.4442863464
1492808193055912296,14.2557859421
1492808193155969897,14.3382005692
1492808193255952666,14.1098136902
1492808193355894247,13.4125299454
1492808193455882651,12.7990093231
1492808193555876767,12.8627538681
1492808193655929471,13.4881010056
1492808193755909435,14.056347847
1492808193855938990,14.4361715317
1492808193956016685,14.8457946777
1492808194055917556,15.4749965668
1492808194155841389,15.8081302643
1492808194255919376,16.1217746735
1492808194356007128,16.7586460114
1492808194456033864,17.1790885925
1492808194556067378,17.1238803864
1492808194656022715,16.8617115021
1492808194755907317,16.7475204468
1492808194855995985,16.6498641968
1492808194955901285,16.5666770935
1492808195055880424,16.980463028
1492808195155942834,17.304069519
1492808195255962024,17.574010849
1492808195355918375,17.4180164337
1492808195455940699,17.3150634766
1492808195555831926,17.4808921814
1492808195655846721,18.1072692871
1492808195755892596,17.7819309235
1492808195855948174,17.631061554
1492808195955888582,17.8538780212
1492808196055917740,18.1204776764
1492808196155873580,19.1017494202
1492808196256018004,20.3125572205
1492808196355918236,21.1375102997
1492808196455880973,21.4302539825
1492808196556029394,21.3892650604
1492808196655973760,20.8721103668
1492808196755957240,19.7359409332
1492808196855897088,18.1947154999
1492808196955939818,17.3328304291
1492808197055946143,17.1177940369
1492808197156006856,17.3736190796
1492808197256011776,17.8143177032
1492808197355974113,17.904718399
1492808197455935577,18.0031070709
1492808197555860364,18.3974399567
1492808197655935165,18.8320083618
1492808197755917440,19.2282447815
1492808197856096499,19.4479560852
1492808197955883749,20.0525817871
1492808198055934418,20.0054759979
1492808198155952707,20.2669315338
1492808198255837916,20.8807563782
1492808198355918812,20.8965339661
1492808198456076157,21.0985145569
1492808198555929144,21.3824939728
1492808198656027562,21.1899681091
1492808198755922021,21.4666690826
1492808198855992957,21.7388725281
1492808198955853019,21.5464096069
1492808199055908157,21.0292549133
1492808199155986097,21.4685764313
1492808199256050327,21.8310165405
1492808199355881261,22.4203109741
1492808199455975181,23.1928310394
1492808199555991026,23.7509326935
1492808199656236513,23.8239307404
1492808199756012626,23.9093551636
1492808199855860839,23.6052818298
1492808199955925063,23.5436706543
1492808200008541458,0.0
