%time,field.data
1492808165455993291,0.0
1492808165555907172,0.0
1492808165655849821,0.0
1492808165755979218,0.0
1492808165855738314,0.0
1492808165955767608,0.0
1492808166055854080,0.0
1492808166155852992,0.0
1492808166255886799,0.0
1492808166355922292,0.0
1492808166455825526,0.0
1492808166555904558,0.0
1492808166655944684,0.0
1492808166755849175,0.0
1492808166855688301,0.0
1492808166955910875,0.0
1492808167055930041,0.0
1492808167155863343,0.0
1492808167255842705,0.0
1492808167355814619,0.0
1492808167455828082,0.0
1492808167556014032,0.0
1492808167656251555,0.0
1492808167755772949,0.0
1492808167855759160,0.0
1492808167955829678,0.0
1492808168055950318,0.0
1492808168155758294,0.0
1492808168256019339,0.0
1492808168355904170,0.0
1492808168455794412,0.0
1492808168555928146,0.0
1492808168655966504,0.0
1492808168755737701,0.0
1492808168855753043,0.0
1492808168955885366,0.0
1492808169055998933,0.0
1492808169155809619,0.0
1492808169255832092,0.0
1492808169355868909,0.0
1492808169455783484,0.0
1492808169555991413,0.0
1492808169655848347,0.0
1492808169755840741,0.0
1492808169856173728,0.0
1492808169955791959,0.0
1492808170055915011,-1.09863805771
1492808170155716656,-1.22700607777
1492808170256005107,-2.15168380737
1492808170355767012,-1.49769878387
1492808170456013222,0.749423921108
1492808170555742605,1.35699260235
1492808170655976752,1.91709363461
1492808170756089742,2.19191145897
1492808170855792972,2.10527992249
1492808170955881518,1.99094688892
1492808171055775502,1.97347509861
1492808171155875256,1.84908103943
1492808171255792711,1.84229493141
1492808171356003441,1.90867054462
1492808171455858864,2.15155720711
1492808171555809769,2.17950248718
1492808171655852631,1.8325163126
1492808171755787506,1.38651823997
1492808171855754325,0.800852477551
1492808171955807816,0.446701198816
1492808172055949222,0.415713518858
1492808172155833137,0.941813826561
1492808172255853486,1.84838783741
1492808172355795690,3.2519865036
1492808172455927095,4.44465780258
1492808172555919353,4.71729516983
1492808172655943181,4.15542650223
1492808172755997169,3.11662602425
1492808172855925208,2.08218050003
1492808172955844412,1.61784219742
1492808173055821684,1.38815355301
1492808173155777895,1.67485868931
1492808173255849834,2.22496151924
1492808173355926070,3.41040325165
1492808173455970328,4.62430286407
1492808173555948966,5.17303991318
1492808173655769766,4.922747612
1492808173755859682,4.33861207962
1492808173855913477,3.50644946098
1492808173955769297,2.78377628326
1492808174055790837,2.17104721069
1492808174155841172,2.25925755501
1492808174255829993,3.15490221977
1492808174355873457,4.35408163071
1492808174456033330,5.07021284103
1492808174555891265,5.22391796112
1492808174655877780,4.7009344101
1492808174755765654,3.87745451927
1492808174855830541,3.29961967468
1492808174955952842,3.20650839806
1492808175055694987,3.39200043678
1492808175155840421,3.59941482544
1492808175255874281,3.80706501007
1492808175356114551,3.94296431541
1492808175455842505,3.91382098198
1492808175555853894,3.52506303787
1492808175655847473,3.03241157532
1492808175755908491,2.82257652283
1492808175855950187,3.57647299767
1492808175955906951,4.939640522
1492808176056045507,5.82503128052
1492808176155887878,5.97516965866
1492808176255879957,5.27718639374
1492808176355772169,4.09994935989
1492808176455938113,2.93811798096
1492808176555978966,2.75647354126
1492808176655802317,3.5696387291
1492808176755891416,5.17343664169
1492808176855965657,6.67938995361
1492808176955814769,7.1529340744
1492808177056017124,6.80501031876
1492808177155826375,5.87809371948
1492808177255796508,4.76341772079
1492808177355875957,3.87734222412
1492808177455875380,3.46507978439
1492808177555782872,3.75932335854
1492808177655787785,4.17659235001
1492808177756005399,4.82926082611
1492808177855882999,5.54600906372
1492808177955799749,6.15986633301
1492808178055859351,6.56538534164
1492808178155724394,6.54672002792
1492808178255649075,6.28104352951
1492808178355788865,5.98127508163
1492808178455824616,5.36700963974
1492808178555789119,5.31668186188
1492808178655824556,5.56776332855
1492808178755839571,6.26519060135
1492808178855818996,6.57375955582
1492808178955742773,6.43465137482
1492808179055859881,6.15642023087
1492808179155813447,5.64846944809
1492808179256031358,5.2478222847
1492808179355867330,5.15085792542
1492808179455777202,5.51872062683
1492808179555894507,6.2052731514
1492808179655816275,6.71965837479
1492808179755824482,6.97612094879
1492808179855970203,6.88884830475
1492808179955842343,6.68395042419
1492808180055802152,6.64545154572
1492808180155766630,6.98110437393
1492808180255928693,7.01597690582
1492808180355762862,7.26790428162
1492808180455966816,7.3912935257
1492808180555884384,7.37569570541
1492808180655798220,7.13079500198
1492808180755738836,6.57374477386
1492808180855814525,6.16829586029
1492808180955877041,5.76661109924
1492808181055887656,5.72648143768
1492808181155903458,6.12001848221
1492808181255873661,6.56016540527
1492808181355802230,7.21968698502
1492808181455816500,8.11586952209
1492808181555744763,8.89698886871
1492808181655865191,9.4410982132
1492808181755781268,9.63565921783
1492808181855876276,9.36230564117
1492808181955999513,8.70872116089
1492808182055808229,8.18607139587
1492808182155863037,7.92571163177
1492808182255829680,8.1103219986
1492808182355880864,8.63204574585
1492808182455850397,9.22529697418
1492808182555975579,9.20679092407
1492808182655853490,9.13444519043
1492808182755845976,8.89688777924
1492808182855880078,8.65393161774
1492808182955879604,9.29954624176
1492808183055836302,10.0638971329
1492808183155748001,10.2213363647
1492808183255875657,9.95928955078
1492808183355772209,9.44763278961
1492808183455856538,8.97522258759
1492808183555734876,8.77245426178
1492808183656007138,8.73436546326
1492808183755871024,8.98501300812
1492808183856014696,9.5014257431
1492808183955819387,10.102221489
1492808184055907231,10.444975853
1492808184155841313,10.7782239914
1492808184255843987,11.4794483185
1492808184355853871,11.9776315689
1492808184455771144,11.6448869705
1492808184556034725,10.9955282211
1492808184655765041,10.4888000488
1492808184755769864,9.9205121994
1492808184855912346,9.16270637512
1492808184955792324,8.68176841736
1492808185055973855,9.04933261871
1492808185155729914,9.25859642029
1492808185255798523,9.02017402649
1492808185355773581,9.04755020142
1492808185455842068,9.29745674133
1492808185555863183,9.13323116302
1492808185655829787,8.74060058594
1492808185755890071,8.33922481537
1492808185855890764,8.30245780945
1492808185955815331,8.90056324005
1492808186055860725,9.8672208786
1492808186156066626,10.1150054932
1492808186255724969,9.24637699127
1492808186355875539,8.64100551605
1492808186456021035,8.65068912506
1492808186555848446,9.31996154785
1492808186655835534,9.59680080414
1492808186755768435,9.54109287262
1492808186855904898,9.67198753357
1492808186955935360,9.63618564606
1492808187055799606,9.71576881409
1492808187155770285,10.011264801
1492808187255760762,10.3570747375
1492808187355746034,10.5830945969
1492808187455914966,11.2455968857
1492808187556065585,11.9713354111
1492808187655883141,12.5387735367
1492808187755761910,12.7816019058
1492808187855929010,12.6135025024
1492808187955840785,11.7829360962
1492808188055858375,10.5321130753
1492808188155829220,9.24770927429
1492808188255941654,8.55564403534
1492808188355891350,8.64522075653
1492808188455863872,9.29033946991
1492808188555802641,10.5076599121
1492808188655814020,11.6436710358
1492808188755848714,12.424695015
1492808188855810390,13.448223114
1492808188955771118,14.0599279404
1492808189055861367,14.1566648483
1492808189155962913,13.9552307129
1492808189255858507,13.0559825897
1492808189355783652,11.1613092422
1492808189455791719,10.9444198608
1492808189556100152,10.9990186691
1492808189655856269,11.8046598434
1492808189755848182,13.1589870453
1492808189855824419,14.6021347046
1492808189955829507,15.2180452347
1492808190055730952,14.9627885818
1492808190155980171,14.3471775055
1492808190255824907,13.6554632187
1492808190355828456,13.442070961
1492808190456025938,13.6979026794
1492808190555952296,14.1879205704
1492808190655810940,14.2532281876
1492808190755836507,13.9810533524
1492808190855892508,13.7016048431
1492808190955943257,13.9548854828
1492808191055773608,14.6785593033
1492808191155829995,15.2589635849
1492808191255791908,15.6125717163
1492808191356063239,15.6725730896
1492808191455752277,15.4261360168
1492808191555900680,15.1292324066
1492808191655869278,14.9988632202
1492808191755899462,14.9226913452
1492808191855830610,14.7561588287
1492808191955838393,14.6485157013
1492808192055784527,14.62774086
1492808192156008102,14.6669492722
1492808192255856792,14.850561142
1492808192355901909,15.3161582947
1492808192456028927,15.9270706177
1492808192555922807,16.2200984955
1492808192655796919,16.4474658966
1492808192755718680,16.5411567688
1492808192855708043,16.6219711304
1492808192955856674,16.4846134186
1492808193055903546,16.4079723358
1492808193155759342,16.4898700714
1492808193255825368,16.4513015747
1492808193355918621,16.2192420959
1492808193455803272,15.8533191681
1492808193555869527,15.5672388077
1492808193655767572,15.4101324081
1492808193755820431,15.3809986115
1492808193855878060,15.54093647
1492808193955985045,16.0637207031
1492808194055897228,16.9113559723
1492808194155845273,17.6135234833
1492808194255886060,18.2608737946
1492808194355798382,18.9533081055
1492808194455912412,19.1785869598
1492808194555823493,18.7284145355
1492808194655823544,18.2137489319
1492808194756016019,17.9215068817
1492808194855835174,17.6504096985
1492808194955780077,17.290895462
1492808195055791909,17.5748386383
1492808195155828655,17.8676700592
1492808195255951415,18.266204834
1492808195355851172,18.3756389618
1492808195455902488,18.1536998749
1492808195555806343,17.8483734131
1492808195655752997,17.776884079
1492808195755840833,17.6656703949
1492808195855800701,17.4704322815
1492808195955883327,17.700876236
1492808196055934210,18.1413211823
1492808196155832465,18.8583831787
1492808196255977756,19.6435031891
1492808196355817685,20.3664798737
1492808196455797618,20.6294593811
1492808196555814655,20.7674007416
1492808196655854448,20.6822299957
1492808196755805302,20.3527736664
1492808196856015979,19.5958652496
1492808196955786448,18.8981971741
1492808197055805974,17.9121665955
1492808197155778703,17.2129631042
1492808197255947772,17.2096347809
1492808197355745975,17.4897480011
1492808197455926810,18.0602550507
1492808197555853578,18.6763401031
1492808197655833494,18.9899597168
1492808197755797785,19.2001419067
1492808197855894986,19.3179912567
1492808197955746626,19.8045597076
1492808198055776994,19.7525310516
1492808198155805013,20.0629348755
1492808198255759476,20.6354179382
1492808198355778502,20.6730918884
1492808198455839964,20.7451763153
1492808198555821026,21.0652084351
1492808198655838630,21.1017799377
1492808198755914127,21.3481750488
1492808198855874047,21.366437912
1492808198955793382,21.1363124847
1492808199055864117,20.6087684631
1492808199155979253,20.6521530151
1492808199255883732,20.5568180084
1492808199355951696,20.7967338562
1492808199455852980,21.5958900452
1492808199555856172,22.3733043671
1492808199656046387,22.7100543976
1492808199755802328,22.9289245605
1492808199855789203,22.7051620483
1492808199955780242,22.6658287048
1492808200008492480,0.0
