%time,field.header.seq,field.header.stamp,field.header.frame_id,field.temperature,field.variance
1492808165485744355,6586,1492808165485510040,/temperature,15.6266078949,0.0
1492808165559986789,6587,1492808165559510040,/temperature,15.6353387833,0.0
1492808165634020745,6588,1492808165633510040,/temperature,15.6266078949,0.0
1492808165707671863,6589,1492808165707510040,/temperature,15.6266078949,0.0
1492808165783095991,6590,1492808165782510040,/temperature,15.6266078949,0.0
1492808165856317132,6591,1492808165856510040,/temperature,15.6266078949,0.0
1492808165930426596,6592,1492808165932161090,/temperature,15.6266078949,0.0
1492808166004251150,6593,1492808166007161090,/temperature,15.6353387833,0.0
1492808166079153966,6594,1492808166081161090,/temperature,15.6266078949,0.0
1492808166153710639,6595,1492808166155161090,/temperature,15.6266078949,0.0
1492808166227333137,6596,1492808166229161090,/temperature,15.6266078949,0.0
1492808166302144590,6597,1492808166304161090,/temperature,15.6266078949,0.0
1492808166376186185,6598,1492808166378161090,/temperature,15.6266078949,0.0
1492808166450565686,6599,1492808166452161090,/temperature,15.6178760529,0.0
1492808166524563142,6600,1492808166526161090,/temperature,15.6266078949,0.0
1492808166598239149,6601,1492808166601161090,/temperature,15.6266078949,0.0
1492808166673604836,6602,1492808166675161090,/temperature,15.6266078949,0.0
1492808166747771024,6603,1492808166749161090,/temperature,15.6266078949,0.0
1492808166821661471,6604,1492808166823161090,/temperature,15.6266078949,0.0
1492808166895557184,6605,1492808166898161090,/temperature,15.6266078949,0.0
1492808166970443414,6606,1492808166972161090,/temperature,15.6266078949,0.0
1492808167044137532,6607,1492808167046161090,/temperature,15.6266078949,0.0
1492808167118410339,6608,1492808167120161090,/temperature,15.6353387833,0.0
1492808167192717765,6609,1492808167195161090,/temperature,15.6353387833,0.0
1492808167267997045,6610,1492808167269161090,/temperature,15.6353387833,0.0
1492808167341509410,6611,1492808167343161090,/temperature,15.6266078949,0.0
1492808167415098400,6612,1492808167417161090,/temperature,15.6266078949,0.0
1492808167490755729,6613,1492808167492161090,/temperature,15.6266078949,0.0
1492808167564733486,6614,1492808167566161090,/temperature,15.6266078949,0.0
1492808167638930567,6615,1492808167640161090,/temperature,15.6266078949,0.0
1492808167713070220,6616,1492808167714161090,/temperature,15.6091451645,0.0
1492808167787713901,6617,1492808167789161090,/temperature,15.6266078949,0.0
1492808167861789095,6618,1492808167863161090,/temperature,15.6178760529,0.0
1492808167935421068,6619,1492808167937161090,/temperature,15.6178760529,0.0
1492808168009674203,6620,1492808168011161090,/temperature,15.6091451645,0.0
1492808168084485372,6621,1492808168086161090,/temperature,15.6266078949,0.0
1492808168158358017,6622,1492808168160161090,/temperature,15.6178760529,0.0
1492808168233043075,6623,1492808168234161090,/temperature,15.6178760529,0.0
1492808168306473568,6624,1492808168308161090,/temperature,15.6091451645,0.0
1492808168381795576,6625,1492808168383161090,/temperature,15.6178760529,0.0
1492808168455823018,6626,1492808168455653903,/temperature,15.6178760529,0.0
1492808168529701426,6627,1492808168529653903,/temperature,15.6178760529,0.0
1492808168603523245,6628,1492808168604653903,/temperature,15.6178760529,0.0
1492808168678815194,6629,1492808168678653903,/temperature,15.6178760529,0.0
1492808168752959616,6630,1492808168752653903,/temperature,15.6178760529,0.0
1492808168826631836,6631,1492808168826653903,/temperature,15.6266078949,0.0
1492808168900592178,6632,1492808168901653903,/temperature,15.6178760529,0.0
1492808168975711391,6633,1492808168975653903,/temperature,15.6266078949,0.0
1492808169050159786,6634,1492808169049653903,/temperature,15.6266078949,0.0
1492808169123714010,6635,1492808169123653903,/temperature,15.6178760529,0.0
1492808169197776143,6636,1492808169198653903,/temperature,15.6178760529,0.0
1492808169272794719,6637,1492808169272653903,/temperature,15.6178760529,0.0
1492808169346071330,6638,1492808169346653903,/temperature,15.6178760529,0.0
1492808169420174948,6639,1492808169420653903,/temperature,15.6178760529,0.0
1492808169495326184,6640,1492808169495653903,/temperature,15.6178760529,0.0
1492808169569792655,6641,1492808169569653903,/temperature,15.6178760529,0.0
1492808169643082809,6642,1492808169643653903,/temperature,15.6178760529,0.0
1492808169717855727,6643,1492808169717653903,/temperature,15.6178760529,0.0
1492808169792654518,6644,1492808169792653903,/temperature,15.6178760529,0.0
1492808169866101521,6645,1492808169866653903,/temperature,15.6178760529,0.0
1492808169940125816,6646,1492808169940653903,/temperature,15.6266078949,0.0
1492808170014699977,6647,1492808170014653903,/temperature,15.6266078949,0.0
1492808170089523680,6648,1492808170089653903,/temperature,15.6178760529,0.0
1492808170163557125,6649,1492808170163653903,/temperature,15.6178760529,0.0
1492808170237606196,6650,1492808170237653903,/temperature,15.6091451645,0.0
1492808170311730303,6651,1492808170311653903,/temperature,15.6091451645,0.0
1492808170386899326,6652,1492808170386653903,/temperature,15.6178760529,0.0
1492808170460540768,6653,1492808170460653903,/temperature,15.6178760529,0.0
1492808170534114286,6654,1492808170534653903,/temperature,15.6266078949,0.0
1492808170608748653,6655,1492808170608653903,/temperature,15.6178760529,0.0
1492808170683089235,6656,1492808170683653903,/temperature,15.6178760529,0.0
1492808170757555125,6657,1492808170757653903,/temperature,15.6178760529,0.0
1492808170831727822,6658,1492808170831653903,/temperature,15.6178760529,0.0
1492808170906578266,6659,1492808170906653903,/temperature,15.6091451645,0.0
1492808170980796674,6660,1492808170981742929,/temperature,15.6091451645,0.0
1492808171054080122,6661,1492808171055742929,/temperature,15.6091451645,0.0
1492808171128648063,6662,1492808171129742929,/temperature,15.6091451645,0.0
1492808171203871947,6663,1492808171204742929,/temperature,15.6178760529,0.0
1492808171277960820,6664,1492808171278742929,/temperature,15.6091451645,0.0
1492808171351746292,6665,1492808171352742929,/temperature,15.6266078949,0.0
1492808171425846528,6666,1492808171426742929,/temperature,15.6178760529,0.0
1492808171500994837,6667,1492808171501742929,/temperature,15.6178760529,0.0
1492808171574448824,6668,1492808171575742929,/temperature,15.6266078949,0.0
1492808171648680651,6669,1492808171649742929,/temperature,15.6091451645,0.0
1492808171723140578,6670,1492808171723742929,/temperature,15.6178760529,0.0
1492808171797771997,6671,1492808171798742929,/temperature,15.6091451645,0.0
1492808171871310520,6672,1492808171872742929,/temperature,15.6178760529,0.0
1492808171945683584,6673,1492808171946742929,/temperature,15.6091451645,0.0
1492808172020765686,6674,1492808172021742929,/temperature,15.6178760529,0.0
1492808172094660497,6675,1492808172095742929,/temperature,15.6091451645,0.0
1492808172168271074,6676,1492808172169742929,/temperature,15.6091451645,0.0
1492808172242487688,6677,1492808172243742929,/temperature,15.6178760529,0.0
1492808172317584066,6678,1492808172318742929,/temperature,15.6091451645,0.0
1492808172391585584,6679,1492808172392742929,/temperature,15.6178760529,0.0
1492808172465646541,6680,1492808172466742929,/temperature,15.6091451645,0.0
1492808172540751751,6681,1492808172541742929,/temperature,15.6178760529,0.0
1492808172614881963,6682,1492808172615742929,/temperature,15.6004133224,0.0
1492808172689079530,6683,1492808172689742929,/temperature,15.6178760529,0.0
1492808172762232030,6684,1492808172763742929,/temperature,15.6091451645,0.0
1492808172838039714,6685,1492808172838742929,/temperature,15.6091451645,0.0
1492808172911246361,6686,1492808172912742929,/temperature,15.6091451645,0.0
1492808172985277487,6687,1492808172986742929,/temperature,15.6091451645,0.0
1492808173059045180,6688,1492808173060742929,/temperature,15.6091451645,0.0
1492808173135108595,6689,1492808173135742929,/temperature,15.6004133224,0.0
1492808173208219547,6690,1492808173209742929,/temperature,15.6091451645,0.0
1492808173282231725,6691,1492808173283742929,/temperature,15.6091451645,0.0
1492808173357044214,6692,1492808173357742929,/temperature,15.6178760529,0.0
1492808173432137721,6693,1492808173432742929,/temperature,15.6004133224,0.0
1492808173505466142,6694,1492808173506103990,/temperature,15.6004133224,0.0
1492808173579191192,6695,1492808173580103990,/temperature,15.6178760529,0.0
1492808173655028213,6696,1492808173655103990,/temperature,15.6004133224,0.0
1492808173728774484,6697,1492808173729103990,/temperature,15.6004133224,0.0
1492808173802344146,6698,1492808173803103990,/temperature,15.6178760529,0.0
1492808173876418851,6699,1492808173877103990,/temperature,15.6091451645,0.0
1492808173951794344,6700,1492808173952103990,/temperature,15.6091451645,0.0
1492808174025748496,6701,1492808174026103990,/temperature,15.6004133224,0.0
1492808174099663539,6702,1492808174100103990,/temperature,15.6004133224,0.0
1492808174174888092,6703,1492808174174103990,/temperature,15.6004133224,0.0
1492808174249086636,6704,1492808174249103990,/temperature,15.6091451645,0.0
1492808174323141711,6705,1492808174323103990,/temperature,15.5916824341,0.0
1492808174396483375,6706,1492808174397103990,/temperature,15.6091451645,0.0
1492808174471558204,6707,1492808174472103990,/temperature,15.6004133224,0.0
1492808174545344102,6708,1492808174546103990,/temperature,15.6004133224,0.0
1492808174619722318,6709,1492808174620103990,/temperature,15.6004133224,0.0
1492808174693185818,6710,1492808174694103990,/temperature,15.6004133224,0.0
1492808174768244584,6711,1492808174769103990,/temperature,15.6091451645,0.0
1492808174842186039,6712,1492808174843103990,/temperature,15.6004133224,0.0
1492808174916143970,6713,1492808174917103990,/temperature,15.6004133224,0.0
1492808174991751767,6714,1492808174991103990,/temperature,15.6004133224,0.0
1492808175065165852,6715,1492808175066103990,/temperature,15.6091451645,0.0
1492808175139932843,6716,1492808175140103990,/temperature,15.6091451645,0.0
1492808175214067119,6717,1492808175214103990,/temperature,15.5916824341,0.0
1492808175288748333,6718,1492808175288103990,/temperature,15.5916824341,0.0
1492808175362176796,6719,1492808175363103990,/temperature,15.5916824341,0.0
1492808175436096345,6720,1492808175437103990,/temperature,15.5916824341,0.0
1492808175510278267,6721,1492808175511103990,/temperature,15.5916824341,0.0
1492808175585745237,6722,1492808175585103990,/temperature,15.582950592,0.0
1492808175659269010,6723,1492808175660103990,/temperature,15.5916824341,0.0
1492808175733371163,6724,1492808175734103990,/temperature,15.5916824341,0.0
1492808175807919809,6725,1492808175808103990,/temperature,15.582950592,0.0
1492808175883067794,6726,1492808175883103990,/temperature,15.582950592,0.0
1492808175956208399,6727,1492808175957103990,/temperature,15.5916824341,0.0
1492808176030404938,6728,1492808176032109020,/temperature,15.582950592,0.0
1492808176106005161,6729,1492808176106109020,/temperature,15.5916824341,0.0
1492808176179167353,6730,1492808176181109020,/temperature,15.5742177963,0.0
1492808176253921074,6731,1492808176255109020,/temperature,15.582950592,0.0
1492808176327050249,6732,1492808176329109020,/temperature,15.5742177963,0.0
1492808176402522482,6733,1492808176403109020,/temperature,15.5567541122,0.0
1492808176476536397,6734,1492808176478109020,/temperature,15.5742177963,0.0
1492808176550585038,6735,1492808176552109020,/temperature,15.5742177963,0.0
1492808176624440011,6736,1492808176626109020,/temperature,15.5742177963,0.0
1492808176699186370,6737,1492808176701109020,/temperature,15.582950592,0.0
1492808176773236435,6738,1492808176775109020,/temperature,15.5742177963,0.0
1492808176847793568,6739,1492808176849109020,/temperature,15.582950592,0.0
1492808176922206211,6740,1492808176923109020,/temperature,15.5742177963,0.0
1492808176996130626,6741,1492808176998109020,/temperature,15.582950592,0.0
1492808177069999358,6742,1492808177072109020,/temperature,15.582950592,0.0
1492808177144808700,6743,1492808177146109020,/temperature,15.5742177963,0.0
1492808177219508352,6744,1492808177220109020,/temperature,15.582950592,0.0
1492808177293670077,6745,1492808177295109020,/temperature,15.5742177963,0.0
1492808177367102116,6746,1492808177369109020,/temperature,15.582950592,0.0
1492808177441453234,6747,1492808177443109020,/temperature,15.5916824341,0.0
1492808177516241563,6748,1492808177517109020,/temperature,15.582950592,0.0
1492808177590989551,6749,1492808177592109020,/temperature,15.5742177963,0.0
1492808177664792794,6750,1492808177666109020,/temperature,15.5742177963,0.0
1492808177739717349,6751,1492808177740109020,/temperature,15.5742177963,0.0
1492808177813761117,6752,1492808177814109020,/temperature,15.5742177963,0.0
1492808177887766411,6753,1492808177889109020,/temperature,15.5742177963,0.0
1492808177961779584,6754,1492808177963109020,/temperature,15.5567541122,0.0
1492808178036805313,6755,1492808178037109020,/temperature,15.5742177963,0.0
1492808178110853438,6756,1492808178112109020,/temperature,15.5654859543,0.0
1492808178184740918,6757,1492808178186109020,/temperature,15.5654859543,0.0
1492808178258441685,6758,1492808178260109020,/temperature,15.5654859543,0.0
1492808178333665738,6759,1492808178334109020,/temperature,15.582950592,0.0
1492808178407985253,6760,1492808178409109020,/temperature,15.5742177963,0.0
1492808178481583008,6761,1492808178483109020,/temperature,15.5654859543,0.0
1492808178556234368,6762,1492808178557024000,/temperature,15.582950592,0.0
1492808178630203154,6763,1492808178631024000,/temperature,15.5742177963,0.0
1492808178704752117,6764,1492808178706024000,/temperature,15.5654859543,0.0
1492808178778292626,6765,1492808178780024000,/temperature,15.5654859543,0.0
1492808178853742456,6766,1492808178854024000,/temperature,15.5654859543,0.0
1492808178927668092,6767,1492808178929024000,/temperature,15.5654859543,0.0
1492808179001412880,6768,1492808179003024000,/temperature,15.5742177963,0.0
1492808179075178532,6769,1492808179077024000,/temperature,15.5654859543,0.0
1492808179150586038,6770,1492808179151024000,/temperature,15.5654859543,0.0
1492808179224722842,6771,1492808179226024000,/temperature,15.582950592,0.0
1492808179298368500,6772,1492808179300024000,/temperature,15.5742177963,0.0
1492808179373293298,6773,1492808179374024000,/temperature,15.5654859543,0.0
1492808179447300417,6774,1492808179448024000,/temperature,15.5742177963,0.0
1492808179521648107,6775,1492808179523024000,/temperature,15.5654859543,0.0
1492808179595888964,6776,1492808179597024000,/temperature,15.5742177963,0.0
1492808179670145813,6777,1492808179671024000,/temperature,15.5742177963,0.0
1492808179744689539,6778,1492808179746024000,/temperature,15.5742177963,0.0
1492808179818681109,6779,1492808179820024000,/temperature,15.5567541122,0.0
1492808179892155080,6780,1492808179894024000,/temperature,15.5567541122,0.0
1492808179967325864,6781,1492808179968024000,/temperature,15.5567541122,0.0
1492808180041206296,6782,1492808180043024000,/temperature,15.5567541122,0.0
1492808180115300516,6783,1492808180117024000,/temperature,15.5567541122,0.0
1492808180189088952,6784,1492808180191024000,/temperature,15.5654859543,0.0
1492808180264807283,6785,1492808180265024000,/temperature,15.5567541122,0.0
1492808180338949670,6786,1492808180340024000,/temperature,15.5654859543,0.0
1492808180412286217,6787,1492808180414024000,/temperature,15.5567541122,0.0
1492808180487921666,6788,1492808180488024000,/temperature,15.5742177963,0.0
1492808180562001342,6789,1492808180562024000,/temperature,15.5567541122,0.0
1492808180635891817,6790,1492808180637024000,/temperature,15.5654859543,0.0
1492808180709625256,6791,1492808180711024000,/temperature,15.5654859543,0.0
1492808180784534578,6792,1492808180785024000,/temperature,15.5654859543,0.0
1492808180858385029,6793,1492808180860024000,/temperature,15.5567541122,0.0
1492808180932440753,6794,1492808180934024000,/temperature,15.5654859543,0.0
1492808181006616912,6795,1492808181008024000,/temperature,15.5567541122,0.0
1492808181081416435,6796,1492808181081494091,/temperature,15.5480213165,0.0
1492808181156514866,6797,1492808181156494091,/temperature,15.5654859543,0.0
1492808181229694111,6798,1492808181230494091,/temperature,15.5480213165,0.0
1492808181304658114,6799,1492808181304494091,/temperature,15.5305557251,0.0
1492808181378217622,6800,1492808181378494091,/temperature,15.5480213165,0.0
1492808181453063932,6801,1492808181453494091,/temperature,15.5480213165,0.0
1492808181527048160,6802,1492808181527494091,/temperature,15.5567541122,0.0
1492808181601278412,6803,1492808181601494091,/temperature,15.5480213165,0.0
1492808181675064405,6804,1492808181676494091,/temperature,15.5567541122,0.0
1492808181749206368,6805,1492808181750494091,/temperature,15.5654859543,0.0
1492808181823631823,6806,1492808181824494091,/temperature,15.5567541122,0.0
1492808181898303604,6807,1492808181898494091,/temperature,15.5567541122,0.0
1492808181972489505,6808,1492808181973494091,/temperature,15.5480213165,0.0
1492808182046956177,6809,1492808182047494091,/temperature,15.5480213165,0.0
1492808182121608373,6810,1492808182121494091,/temperature,15.5480213165,0.0
1492808182195854066,6811,1492808182195494091,/temperature,15.5567541122,0.0
1492808182269700699,6812,1492808182270494091,/temperature,15.5392885208,0.0
1492808182343356367,6813,1492808182344494091,/temperature,15.5567541122,0.0
1492808182418994538,6814,1492808182418494091,/temperature,15.5567541122,0.0
1492808182492025335,6815,1492808182492494091,/temperature,15.5742177963,0.0
1492808182566168698,6816,1492808182567494091,/temperature,15.5480213165,0.0
1492808182641072980,6817,1492808182641494091,/temperature,15.5567541122,0.0
1492808182715416225,6818,1492808182715494091,/temperature,15.5480213165,0.0
1492808182789275752,6819,1492808182789494091,/temperature,15.5654859543,0.0
1492808182863057847,6820,1492808182864494091,/temperature,15.5654859543,0.0
1492808182939054239,6821,1492808182938494091,/temperature,15.5392885208,0.0
1492808183012703810,6822,1492808183012494091,/temperature,15.5480213165,0.0
1492808183086281751,6823,1492808183087494091,/temperature,15.5480213165,0.0
1492808183160407367,6824,1492808183161494091,/temperature,15.5567541122,0.0
1492808183235485242,6825,1492808183235494091,/temperature,15.5567541122,0.0
1492808183309785500,6826,1492808183309494091,/temperature,15.5480213165,0.0
1492808183383746404,6827,1492808183384494091,/temperature,15.5480213165,0.0
1492808183457436017,6828,1492808183458494091,/temperature,15.5480213165,0.0
1492808183532288196,6829,1492808183532494091,/temperature,15.5567541122,0.0
1492808183606567084,6830,1492808183606503961,/temperature,15.5480213165,0.0
1492808183680615316,6831,1492808183681503961,/temperature,15.5480213165,0.0
1492808183755333089,6832,1492808183755503961,/temperature,15.5567541122,0.0
1492808183829881680,6833,1492808183829503961,/temperature,15.5392885208,0.0
1492808183903702473,6834,1492808183904503961,/temperature,15.5567541122,0.0
1492808183978019748,6835,1492808183978503961,/temperature,15.5480213165,0.0
1492808184052740730,6836,1492808184052503961,/temperature,15.5480213165,0.0
1492808184127030370,6837,1492808184126503961,/temperature,15.5480213165,0.0
1492808184200998419,6838,1492808184201503961,/temperature,15.5567541122,0.0
1492808184274021999,6839,1492808184275503961,/temperature,15.5567541122,0.0
1492808184349208630,6840,1492808184349503961,/temperature,15.5567541122,0.0
1492808184424029686,6841,1492808184423503961,/temperature,15.5567541122,0.0
1492808184498143399,6842,1492808184498503961,/temperature,15.5567541122,0.0
1492808184572498938,6843,1492808184572503961,/temperature,15.5567541122,0.0
1492808184646858830,6844,1492808184646503961,/temperature,15.5480213165,0.0
1492808184721004751,6845,1492808184720503961,/temperature,15.5480213165,0.0
1492808184794996371,6846,1492808184795503961,/temperature,15.5567541122,0.0
1492808184869625428,6847,1492808184869503961,/temperature,15.5480213165,0.0
1492808184943726980,6848,1492808184943503961,/temperature,15.5392885208,0.0
1492808185017255968,6849,1492808185018503961,/temperature,15.5567541122,0.0
1492808185091683774,6850,1492808185092503961,/temperature,15.5480213165,0.0
1492808185166656977,6851,1492808185166503961,/temperature,15.5567541122,0.0
1492808185240926663,6852,1492808185240503961,/temperature,15.5392885208,0.0
1492808185314917277,6853,1492808185315503961,/temperature,15.5567541122,0.0
1492808185388565473,6854,1492808185389503961,/temperature,15.5480213165,0.0
1492808185463607181,6855,1492808185463503961,/temperature,15.5567541122,0.0
1492808185537816024,6856,1492808185537503961,/temperature,15.5567541122,0.0
1492808185612014870,6857,1492808185612503961,/temperature,15.5480213165,0.0
1492808185686230458,6858,1492808185686503961,/temperature,15.5480213165,0.0
1492808185760207771,6859,1492808185760503961,/temperature,15.5567541122,0.0
1492808185834131593,6860,1492808185834503961,/temperature,15.5392885208,0.0
1492808185908278008,6861,1492808185909503961,/temperature,15.5480213165,0.0
1492808185983205453,6862,1492808185983503961,/temperature,15.5654859543,0.0
1492808186057969655,6863,1492808186057503961,/temperature,15.5567541122,0.0
1492808186131774796,6864,1492808186133234094,/temperature,15.5654859543,0.0
1492808186205155106,6865,1492808186207234094,/temperature,15.5654859543,0.0
1492808186280049140,6866,1492808186281234094,/temperature,15.5567541122,0.0
1492808186354225939,6867,1492808186355234094,/temperature,15.5567541122,0.0
1492808186428644694,6868,1492808186430234094,/temperature,15.5480213165,0.0
1492808186503558377,6869,1492808186504234094,/temperature,15.5567541122,0.0
1492808186577771398,6870,1492808186578234094,/temperature,15.5567541122,0.0
1492808186651969984,6871,1492808186653234094,/temperature,15.5567541122,0.0
1492808186725187853,6872,1492808186727234094,/temperature,15.5567541122,0.0
1492808186800110329,6873,1492808186801234094,/temperature,15.5480213165,0.0
1492808186875129253,6874,1492808186875234094,/temperature,15.5567541122,0.0
1492808186948559838,6875,1492808186950234094,/temperature,15.5480213165,0.0
1492808187022081155,6876,1492808187024234094,/temperature,15.5567541122,0.0
1492808187097650309,6877,1492808187098234094,/temperature,15.5567541122,0.0
1492808187171352336,6878,1492808187172234094,/temperature,15.5480213165,0.0
1492808187245508544,6879,1492808187247234094,/temperature,15.5654859543,0.0
1492808187320542230,6880,1492808187321234094,/temperature,15.5654859543,0.0
1492808187394531577,6881,1492808187395234094,/temperature,15.5567541122,0.0
1492808187468047460,6882,1492808187469234094,/temperature,15.5567541122,0.0
1492808187543137311,6883,1492808187544234094,/temperature,15.5480213165,0.0
1492808187617642453,6884,1492808187618234094,/temperature,15.5567541122,0.0
1492808187691327984,6885,1492808187692234094,/temperature,15.5654859543,0.0
1492808187765305230,6886,1492808187767234094,/temperature,15.5654859543,0.0
1492808187839446154,6887,1492808187841234094,/temperature,15.5567541122,0.0
1492808187914649103,6888,1492808187915234094,/temperature,15.5305557251,0.0
1492808187988699473,6889,1492808187989234094,/temperature,15.5567541122,0.0
1492808188062493924,6890,1492808188064234094,/temperature,15.5567541122,0.0
1492808188137673518,6891,1492808188138234094,/temperature,15.5567541122,0.0
1492808188211969437,6892,1492808188212234094,/temperature,15.5567541122,0.0
1492808188285940477,6893,1492808188286234094,/temperature,15.5654859543,0.0
1492808188359536764,6894,1492808188361234094,/temperature,15.5567541122,0.0
1492808188434385359,6895,1492808188435234094,/temperature,15.5480213165,0.0
1492808188508057070,6896,1492808188509234094,/temperature,15.5567541122,0.0
1492808188582125883,6897,1492808188583234094,/temperature,15.5742177963,0.0
1492808188656149444,6898,1492808188658111881,/temperature,15.5480213165,0.0
1492808188731759551,6899,1492808188732111881,/temperature,15.5567541122,0.0
1492808188805822107,6900,1492808188806111881,/temperature,15.5742177963,0.0
1492808188879137195,6901,1492808188881111881,/temperature,15.5567541122,0.0
1492808188954807622,6902,1492808188955111881,/temperature,15.5567541122,0.0
1492808189028023216,6903,1492808189029111881,/temperature,15.5567541122,0.0
1492808189102794499,6904,1492808189103111881,/temperature,15.5567541122,0.0
1492808189176401900,6905,1492808189178111881,/temperature,15.5480213165,0.0
1492808189251474938,6906,1492808189252111881,/temperature,15.5392885208,0.0
1492808189325511307,6907,1492808189326111881,/temperature,15.5654859543,0.0
1492808189399744344,6908,1492808189400111881,/temperature,15.5567541122,0.0
1492808189474063262,6909,1492808189475111881,/temperature,15.5567541122,0.0
1492808189548982427,6910,1492808189549111881,/temperature,15.5567541122,0.0
1492808189622335732,6911,1492808189623111881,/temperature,15.5567541122,0.0
1492808189697059137,6912,1492808189697111881,/temperature,15.5567541122,0.0
1492808189770916966,6913,1492808189772111881,/temperature,15.5480213165,0.0
1492808189845058117,6914,1492808189846111881,/temperature,15.5480213165,0.0
1492808189919684675,6915,1492808189920111881,/temperature,15.5480213165,0.0
1492808189993403860,6916,1492808189995111881,/temperature,15.5392885208,0.0
1492808190068343771,6917,1492808190069111881,/temperature,15.5480213165,0.0
1492808190142786932,6918,1492808190143111881,/temperature,15.5218229294,0.0
1492808190216383413,6919,1492808190217111881,/temperature,15.5480213165,0.0
1492808190290320840,6920,1492808190292111881,/temperature,15.5392885208,0.0
1492808190365284658,6921,1492808190366111881,/temperature,15.5567541122,0.0
1492808190439953833,6922,1492808190440111881,/temperature,15.5567541122,0.0
1492808190513779232,6923,1492808190514111881,/temperature,15.5654859543,0.0
1492808190587777190,6924,1492808190589111881,/temperature,15.5654859543,0.0
1492808190662833733,6925,1492808190663111881,/temperature,15.5392885208,0.0
1492808190736190160,6926,1492808190737111881,/temperature,15.5480213165,0.0
1492808190811005261,6927,1492808190811111881,/temperature,15.5480213165,0.0
1492808190885967968,6928,1492808190886111881,/temperature,15.5654859543,0.0
1492808190959909495,6929,1492808190960111881,/temperature,15.5567541122,0.0
1492808191033445486,6930,1492808191034111881,/temperature,15.5480213165,0.0
1492808191108078199,6931,1492808191109111881,/temperature,15.5567541122,0.0
1492808191182160696,6932,1492808191183461975,/temperature,15.5305557251,0.0
1492808191257088855,6933,1492808191257461975,/temperature,15.5567541122,0.0
1492808191330879214,6934,1492808191331461975,/temperature,15.5654859543,0.0
1492808191404601282,6935,1492808191406461975,/temperature,15.5742177963,0.0
1492808191479331024,6936,1492808191480461975,/temperature,15.5567541122,0.0
1492808191553359585,6937,1492808191554461975,/temperature,15.5567541122,0.0
1492808191628039261,6938,1492808191628461975,/temperature,15.5567541122,0.0
1492808191702004261,6939,1492808191703461975,/temperature,15.5480213165,0.0
1492808191776028675,6940,1492808191777461975,/temperature,15.5567541122,0.0
1492808191850090700,6941,1492808191851461975,/temperature,15.5480213165,0.0
1492808191924465683,6942,1492808191926461975,/temperature,15.5742177963,0.0
1492808191999678783,6943,1492808192000461975,/temperature,15.5392885208,0.0
1492808192073540397,6944,1492808192074461975,/temperature,15.5392885208,0.0
1492808192147665761,6945,1492808192148461975,/temperature,15.5567541122,0.0
1492808192221787014,6946,1492808192223461975,/temperature,15.5567541122,0.0
1492808192296757155,6947,1492808192297461975,/temperature,15.5480213165,0.0
1492808192370234621,6948,1492808192371461975,/temperature,15.5392885208,0.0
1492808192444622071,6949,1492808192445461975,/temperature,15.5567541122,0.0
1492808192519491825,6950,1492808192520461975,/temperature,15.5654859543,0.0
1492808192593549555,6951,1492808192594461975,/temperature,15.5480213165,0.0
1492808192667278020,6952,1492808192668461975,/temperature,15.5654859543,0.0
1492808192741270198,6953,1492808192743461975,/temperature,15.5567541122,0.0
1492808192816335372,6954,1492808192817461975,/temperature,15.5480213165,0.0
1492808192890339216,6955,1492808192891461975,/temperature,15.5567541122,0.0
1492808192964310413,6956,1492808192965461975,/temperature,15.5392885208,0.0
1492808193038099685,6957,1492808193040461975,/temperature,15.5480213165,0.0
1492808193113465759,6958,1492808193114461975,/temperature,15.5480213165,0.0
1492808193187951309,6959,1492808193188461975,/temperature,15.5480213165,0.0
1492808193261544151,6960,1492808193262461975,/temperature,15.5654859543,0.0
1492808193336260175,6961,1492808193337461975,/temperature,15.5567541122,0.0
1492808193410868181,6962,1492808193411461975,/temperature,15.5392885208,0.0
1492808193484446391,6963,1492808193485461975,/temperature,15.5567541122,0.0
1492808193558455156,6964,1492808193559461975,/temperature,15.5567541122,0.0
1492808193633538304,6965,1492808193634461975,/temperature,15.5480213165,0.0
1492808193707262820,6966,1492808193707551000,/temperature,15.5567541122,0.0
1492808193781254070,6967,1492808193781551000,/temperature,15.5567541122,0.0
1492808193855069499,6968,1492808193856551000,/temperature,15.5654859543,0.0
1492808193930687559,6969,1492808193930551000,/temperature,15.5392885208,0.0
1492808194005002601,6970,1492808194004551000,/temperature,15.5480213165,0.0
1492808194078745371,6971,1492808194078551000,/temperature,15.5480213165,0.0
1492808194153836795,6972,1492808194153551000,/temperature,15.5654859543,0.0
1492808194227654244,6973,1492808194227551000,/temperature,15.5567541122,0.0
1492808194301648746,6974,1492808194301551000,/temperature,15.5567541122,0.0
1492808194376040004,6975,1492808194375551000,/temperature,15.5480213165,0.0
1492808194450077887,6976,1492808194450551000,/temperature,15.5567541122,0.0
1492808194524053629,6977,1492808194524551000,/temperature,15.5654859543,0.0
1492808194598107525,6978,1492808194598551000,/temperature,15.5480213165,0.0
1492808194672288682,6979,1492808194672551000,/temperature,15.5567541122,0.0
1492808194747348927,6980,1492808194747551000,/temperature,15.5480213165,0.0
1492808194821060742,6981,1492808194821551000,/temperature,15.5654859543,0.0
1492808194895711660,6982,1492808194895551000,/temperature,15.5567541122,0.0
1492808194970394769,6983,1492808194970551000,/temperature,15.5480213165,0.0
1492808195044939767,6984,1492808195044551000,/temperature,15.5480213165,0.0
1492808195118883431,6985,1492808195118551000,/temperature,15.5567541122,0.0
1492808195192824383,6986,1492808195192551000,/temperature,15.5567541122,0.0
1492808195267582780,6987,1492808195267551000,/temperature,15.5480213165,0.0
1492808195342072966,6988,1492808195341551000,/temperature,15.5392885208,0.0
1492808195416011978,6989,1492808195415551000,/temperature,15.5480213165,0.0
1492808195489081046,6990,1492808195489551000,/temperature,15.5480213165,0.0
1492808195564095422,6991,1492808195564551000,/temperature,15.5392885208,0.0
1492808195638606644,6992,1492808195638551000,/temperature,15.5567541122,0.0
1492808195712208687,6993,1492808195712551000,/temperature,15.5392885208,0.0
1492808195786196193,6994,1492808195786551000,/temperature,15.5392885208,0.0
1492808195861178148,6995,1492808195861551000,/temperature,15.5392885208,0.0
1492808195935233897,6996,1492808195935551000,/temperature,15.51308918,0.0
1492808196010015472,6997,1492808196009551000,/temperature,15.5392885208,0.0
1492808196084100996,6998,1492808196084551000,/temperature,15.5392885208,0.0
1492808196158805697,6999,1492808196158551000,/temperature,15.5218229294,0.0
1492808196232772363,7000,1492808196233131883,/temperature,15.5305557251,0.0
1492808196306888303,7001,1492808196307131883,/temperature,15.5218229294,0.0
1492808196381008165,7002,1492808196382131883,/temperature,15.51308918,0.0
1492808196456066118,7003,1492808196456131883,/temperature,15.4956226349,0.0
1492808196529774205,7004,1492808196530131883,/temperature,15.51308918,0.0
1492808196603840423,7005,1492808196604131883,/temperature,15.51308918,0.0
1492808196679034774,7006,1492808196679131883,/temperature,15.51308918,0.0
1492808196752278302,7007,1492808196753131883,/temperature,15.5218229294,0.0
1492808196826098199,7008,1492808196827131883,/temperature,15.5218229294,0.0
1492808196901164936,7009,1492808196902131883,/temperature,15.4956226349,0.0
1492808196975248402,7010,1492808196976131883,/temperature,15.5043563843,0.0
1492808197049097279,7011,1492808197050131883,/temperature,15.5218229294,0.0
1492808197123573147,7012,1492808197124131883,/temperature,15.4956226349,0.0
1492808197198304485,7013,1492808197199131883,/temperature,15.51308918,0.0
1492808197272490399,7014,1492808197273131883,/temperature,15.4956226349,0.0
1492808197346822953,7015,1492808197347131883,/temperature,15.5043563843,0.0
1492808197420740612,7016,1492808197421131883,/temperature,15.4956226349,0.0
1492808197495689630,7017,1492808197496131883,/temperature,15.4868888855,0.0
1492808197569611610,7018,1492808197570131883,/temperature,15.4956226349,0.0
1492808197643672212,7019,1492808197644131883,/temperature,15.4956226349,0.0
1492808197719132879,7020,1492808197718131883,/temperature,15.51308918,0.0
1492808197792183703,7021,1492808197793131883,/temperature,15.4956226349,0.0
1492808197866061788,7022,1492808197867131883,/temperature,15.5043563843,0.0
1492808197940287534,7023,1492808197941131883,/temperature,15.4868888855,0.0
1492808198015586499,7024,1492808198016131883,/temperature,15.5043563843,0.0
1492808198089149106,7025,1492808198090131883,/temperature,15.4956226349,0.0
1492808198163425705,7026,1492808198164131883,/temperature,15.5043563843,0.0
1492808198238642999,7027,1492808198238131883,/temperature,15.4956226349,0.0
1492808198312486685,7028,1492808198313131883,/temperature,15.4956226349,0.0
1492808198386504417,7029,1492808198387131883,/temperature,15.5043563843,0.0
1492808198460577684,7030,1492808198461131883,/temperature,15.4956226349,0.0
1492808198535983576,7031,1492808198535131883,/temperature,15.4956226349,0.0
1492808198608958390,7032,1492808198610131883,/temperature,15.5043563843,0.0
1492808198683075208,7033,1492808198684131883,/temperature,15.4868888855,0.0
1492808198757231829,7034,1492808198758011100,/temperature,15.4956226349,0.0
1492808198832584337,7035,1492808198833011100,/temperature,15.4868888855,0.0
1492808198906619993,7036,1492808198907011100,/temperature,15.4956226349,0.0
1492808198980563537,7037,1492808198981011100,/temperature,15.4868888855,0.0
1492808199055421322,7038,1492808199055011100,/temperature,15.4868888855,0.0
1492808199129730491,7039,1492808199130011100,/temperature,15.4868888855,0.0
1492808199203230592,7040,1492808199204011100,/temperature,15.4868888855,0.0
1492808199277213064,7041,1492808199278011100,/temperature,15.4868888855,0.0
1492808199352858506,7042,1492808199353011100,/temperature,15.4781551361,0.0
1492808199426262680,7043,1492808199427011100,/temperature,15.4956226349,0.0
1492808199500064404,7044,1492808199501011100,/temperature,15.4956226349,0.0
1492808199575024326,7045,1492808199575011100,/temperature,15.4868888855,0.0
1492808199649354584,7046,1492808199650011100,/temperature,15.4868888855,0.0
1492808199723819788,7047,1492808199724011100,/temperature,15.4956226349,0.0
1492808199797804468,7048,1492808199798011100,/temperature,15.5043563843,0.0
1492808199872317886,7049,1492808199872011100,/temperature,15.4956226349,0.0
1492808199946731080,7050,1492808199947011100,/temperature,15.4781551361,0.0
1492808200020736802,7051,1492808200021011100,/temperature,15.4956226349,0.0
