%time,field.transforms0.header.seq,field.transforms0.header.stamp,field.transforms0.header.frame_id,field.transforms0.child_frame_id,field.transforms0.transform.translation.x,field.transforms0.transform.translation.y,field.transforms0.transform.translation.z,field.transforms0.transform.rotation.x,field.transforms0.transform.rotation.y,field.transforms0.transform.rotation.z,field.transforms0.transform.rotation.w
1492808165527853751,0,1492808165520142317,odom,robot_frame,-1.03992603393e-06,1.62746238582e-05,-0.302126708462,0.0214427568908,-0.118529183253,0.848893307767,0.514656383349
1492808165627831284,0,1492808165623064995,odom,robot_frame,-8.23424685734e-05,0.000424422555853,-0.30523511978,0.0252301808027,-0.118397170836,0.847821340453,0.516279500452
1492808165727834521,0,1492808165718278885,odom,robot_frame,-0.000449396188603,0.0018351511535,-0.306770636842,0.0307943277985,-0.120477011565,0.847204374193,0.516509193925
1492808165827862707,0,1492808165819832087,odom,robot_frame,-0.00129656422908,0.00488221389406,-0.298058994248,0.035321883627,-0.122990713982,0.847429351365,0.515256385945
1492808165927883393,0,1492808165919528961,odom,robot_frame,-0.00229702992002,0.0089855238463,-0.303193505478,0.038246263789,-0.126112883306,0.84808147036,0.513215922982
1492808166027835247,0,1492808166017777920,odom,robot_frame,-0.00303926528319,0.0130067773537,-0.29289160689,0.0389239687948,-0.129916049894,0.848398770116,0.511689624185
1492808166127843780,0,1492808166119281530,odom,robot_frame,-0.00293999274238,0.0158926043583,-0.290232956597,0.0370341569566,-0.132977046615,0.8481409889,0.511470858642
1492808166227840470,0,1492808166220849752,odom,robot_frame,-0.00193588137743,0.0170549869238,-0.291605770807,0.0338942531385,-0.134900462691,0.847218339222,0.512712522235
1492808166327827734,0,1492808166317393541,odom,robot_frame,-0.000609297675645,0.0169389714044,-0.290620310009,0.0311447410452,-0.135519184095,0.846051071967,0.514647587647
1492808166427858268,0,1492808166418825388,odom,robot_frame,0.000481920877944,0.0168431422151,-0.287962843698,0.0292045378953,-0.134351603019,0.845370223737,0.516184004549
1492808166527879179,0,1492808166520416498,odom,robot_frame,0.000915602727637,0.0177456206412,-0.286047895523,0.0286814394979,-0.131914903979,0.845571173095,0.516512559738
1492808166627835035,0,1492808166617105961,odom,robot_frame,0.000774668522277,0.0198919132364,-0.290303631029,0.0293241475464,-0.12913149892,0.846501625096,0.515655067916
1492808166727832506,0,1492808166718549728,odom,robot_frame,0.00038675874004,0.0228156227102,-0.289386130956,0.0294035000069,-0.126552692064,0.847766099381,0.514210551292
1492808166827850979,0,1492808166820132256,odom,robot_frame,0.000331515782465,0.0264557147327,-0.297355459919,0.0281460123692,-0.124449010236,0.848838613465,0.513023638957
1492808166927823548,0,1492808166916817665,odom,robot_frame,0.000771031237936,0.0295061692551,-0.296329971633,0.0256003212083,-0.122905302076,0.849267572646,0.512819169227
1492808167027884243,0,1492808167018379927,odom,robot_frame,0.00219547646341,0.032592790132,-0.305052356548,0.0233232858982,-0.122406191408,0.848750390103,0.513902251347
1492808167127906728,0,1492808167119981050,odom,robot_frame,0.00431008552206,0.034323949753,-0.304001571914,0.023488668931,-0.123378094234,0.84730794065,0.516038159448
1492808167227828571,0,1492808167216542721,odom,robot_frame,0.00677139467537,0.0352008717571,-0.301661569924,0.0266094372888,-0.125526769961,0.845408404623,0.51847815505
1492808167327865147,0,1492808167317965269,odom,robot_frame,0.00940685007558,0.0361026888737,-0.299570372607,0.0323670370578,-0.128607588243,0.843694021128,0.520185411052
1492808167427881258,0,1492808167419409275,odom,robot_frame,0.0117721042578,0.0377242447457,-0.29802811939,0.0397915250973,-0.132440427836,0.842611918336,0.5204626045
1492808167527879778,0,1492808167520868301,odom,robot_frame,0.0136297061858,0.0401312667284,-0.291497791021,0.0468978578177,-0.136455141656,0.842299391133,0.519338349195
1492808167627852736,0,1492808167617414236,odom,robot_frame,0.0156697797372,0.0433056810511,-0.296171564138,0.050460596788,-0.139168265865,0.842771544922,0.517515260661
1492808167727813029,0,1492808167718934774,odom,robot_frame,0.0176655975436,0.045713343304,-0.289444571886,0.0490521464056,-0.139698066376,0.843667322758,0.51604630189
1492808167827841284,0,1492808167820411921,odom,robot_frame,0.0206696599984,0.0471673218385,-0.293941453462,0.043917914251,-0.138131610234,0.844290966551,0.51591049501
1492808167927846464,0,1492808167924499035,odom,robot_frame,0.0239437323564,0.0473228988781,-0.291969814075,0.0356455846839,-0.134935646239,0.844433219504,0.517159841311
1492808168027872977,0,1492808168018608332,odom,robot_frame,0.0268446326447,0.0478349107801,-0.297041319029,0.0263963367522,-0.128832641632,0.844870660724,0.518554674556
1492808168127846235,0,1492808168120132208,odom,robot_frame,0.029020051448,0.0488883713554,-0.291058751872,0.0187003633422,-0.123650715819,0.845202763045,0.519608589449
1492808168227819578,0,1492808168222157955,odom,robot_frame,0.0302661717498,0.0522550370349,-0.288909387076,0.0123867655424,-0.119491657564,0.845845655749,0.519724387019
1492808168327869243,0,1492808168318178654,odom,robot_frame,0.030864087136,0.0576617937877,-0.293397290882,0.00955775134193,-0.116854147995,0.846622040749,0.519119328867
1492808168427831013,0,1492808168419659615,odom,robot_frame,0.0318338629074,0.0626410025009,-0.295353140536,0.0111285841876,-0.117166981958,0.846927848918,0.518518342665
1492808168527819622,0,1492808168518806934,odom,robot_frame,0.0338652854315,0.0656427350248,-0.298091465931,0.0168200701309,-0.119564567779,0.846383341447,0.518706698139
1492808168627860569,0,1492808168617633581,odom,robot_frame,0.0373856121909,0.0664485395242,-0.304123868293,0.025693530379,-0.124455693503,0.844656029919,0.520006551855
1492808168727814919,0,1492808168719196796,odom,robot_frame,0.0421551572195,0.0641792273152,-0.300863088468,0.0354368345251,-0.130442211446,0.842241128158,0.521880199156
1492808168827838323,0,1492808168820817709,odom,robot_frame,0.0472384085606,0.0621607921349,-0.299015009535,0.0426792091655,-0.13590916341,0.840221861301,0.523196338097
1492808168927840638,0,1492808168917275906,odom,robot_frame,0.0519042654493,0.0618311055489,-0.303568170488,0.045667699392,-0.138797625526,0.839461251921,0.523406617177
1492808169027937600,0,1492808169018848658,odom,robot_frame,0.0548585884199,0.0638216333612,-0.300098622844,0.0445216753135,-0.138383863054,0.839815837327,0.523045969536
1492808169127897088,0,1492808169120580673,odom,robot_frame,0.0564661297303,0.0673323233332,-0.293924858398,0.0393304550235,-0.135337846071,0.840757631094,0.522746007624
1492808169227895195,0,1492808169217158794,odom,robot_frame,0.0575844619267,0.0711179321585,-0.291749049475,0.0310521664238,-0.131030674202,0.841741992221,0.522816549002
1492808169327872678,0,1492808169318742752,odom,robot_frame,0.0587285202119,0.075133387097,-0.292139224023,0.0223023339206,-0.126621600082,0.842555186854,0.523039514186
1492808169427829923,0,1492808169420370579,odom,robot_frame,0.06021288566,0.0785369843655,-0.291211212117,0.0141203340997,-0.121989795152,0.84322621533,0.523343726268
1492808169527842957,0,1492808169516908407,odom,robot_frame,0.0626686860145,0.0797831177256,-0.286726670491,0.00957651259538,-0.119041586134,0.843247281627,0.524091035228
1492808169627831550,0,1492808169618538618,odom,robot_frame,0.0657232936941,0.0821480726939,-0.296522386825,0.00949638510859,-0.119304599079,0.842387154291,0.525414230483
1492808169727829130,0,1492808169720108271,odom,robot_frame,0.0696423804228,0.0822117183346,-0.29823267644,0.0128938473108,-0.122128972231,0.841190415782,0.526608912989
1492808169827829824,0,1492808169816378355,odom,robot_frame,0.0729419251155,0.0825063071196,-0.298700975258,0.0189125314383,-0.125498459241,0.84026893913,0.527105836447
1492808169927818623,0,1492808169917820454,odom,robot_frame,0.0751202721197,0.0838104532899,-0.296959659427,0.0255628023021,-0.12741667069,0.839800734535,0.527111242
1492808170027828948,0,1492808170019292593,odom,robot_frame,0.0760902231873,0.0874697159422,-0.301891139081,0.0306741621539,-0.127641181734,0.839672425639,0.526988654644
1492808170127851759,0,1492808170120888948,odom,robot_frame,0.0760391384822,0.0918137696934,-0.300797107432,0.033260466097,-0.127127075971,0.839729038104,0.526865818321
1492808170227814559,0,1492808170226640940,odom,robot_frame,0.0770889596765,0.0965444920586,-0.303193506773,0.0318727327918,-0.12656642692,0.839650378865,0.527211826264
1492808170327882250,0,1492808170318868637,odom,robot_frame,0.0774989719745,0.0983343101805,-0.290065468451,0.0290260982137,-0.12623316839,0.838185082123,0.529781503007
1492808170427849267,0,1492808170420314789,odom,robot_frame,0.0803382547705,0.0988312379489,-0.301788430253,0.0273727867175,-0.127445847889,0.835831155526,0.533286570106
1492808170527863859,0,1492808170523164034,odom,robot_frame,0.081903497903,0.0952857260788,-0.291969815192,0.027576255071,-0.129720511235,0.833310428202,0.536661783036
1492808170627814904,0,1492808170618250608,odom,robot_frame,0.0839701491665,0.0911850844975,-0.287989617758,0.0284397343972,-0.132451062611,0.831129838383,0.539324660358
1492808170727853024,0,1492808170719843626,odom,robot_frame,0.0863243360339,0.0871542898601,-0.287404331021,0.0299155885764,-0.13460871024,0.829043206835,0.541915965707
1492808170827838225,0,1492808170820816994,odom,robot_frame,0.0886616076783,0.0844647959197,-0.288909386785,0.0307753034039,-0.1356759645,0.827134517564,0.544512078113
1492808170927850946,0,1492808170917774200,odom,robot_frame,0.0906879808208,0.0837723138903,-0.289349782316,0.0311049422716,-0.136336052465,0.825671904234,0.546544481194
1492808171027825328,0,1492808171019291639,odom,robot_frame,0.0927794221735,0.0851065353053,-0.294202669502,0.029271238155,-0.135354355734,0.824600310843,0.548504075061
1492808171127849447,0,1492808171120799065,odom,robot_frame,0.0945921136495,0.0876485033207,-0.290005138923,0.0277544614326,-0.133987407809,0.823431769959,0.550669760058
1492808171227810537,0,1492808171217277050,odom,robot_frame,0.0972570698394,0.0899356197214,-0.293832006422,0.0277482187386,-0.132837261738,0.821688996681,0.55354447968
1492808171327934583,0,1492808171318724155,odom,robot_frame,0.100999848986,0.0911919234307,-0.297154570801,0.0293105136951,-0.132259113287,0.81925899028,0.557192181914
1492808171427830467,0,1492808171420224905,odom,robot_frame,0.105129473711,0.0915567585839,-0.297334768781,0.031170874319,-0.131847649386,0.816626467493,0.561039915278
1492808171527826727,0,1492808171516681671,odom,robot_frame,0.109110187155,0.0923872675421,-0.29844409706,0.0319113046756,-0.131249715273,0.814322937906,0.564476158642
1492808171627830689,0,1492808171618262053,odom,robot_frame,0.112969119372,0.0947436025787,-0.297302230512,0.0308025071583,-0.130470519198,0.812753242941,0.566975145189
1492808171727820860,0,1492808171719803095,odom,robot_frame,0.117117306161,0.0984910338358,-0.296238242735,0.0279955380181,-0.130036520897,0.811628046274,0.568829207747
1492808171827932551,0,1492808171821430445,odom,robot_frame,0.122473487787,0.102582352366,-0.298368379578,0.0246575869733,-0.130538355987,0.810314463732,0.570738303329
1492808171927867083,0,1492808171918002605,odom,robot_frame,0.128703917951,0.104907402421,-0.299918691283,0.0221555820334,-0.132169577718,0.808162008275,0.573510681061
1492808172027900460,0,1492808172019552231,odom,robot_frame,0.136255175064,0.104501089901,-0.295889024024,0.0201632374686,-0.133756777203,0.805224291591,0.577335611788
1492808172127840526,0,1492808172121262074,odom,robot_frame,0.144504059812,0.1028471028,-0.296858565039,0.0191930214765,-0.134651337559,0.802062164279,0.58154701431
1492808172227963054,0,1492808172217741728,odom,robot_frame,0.152109106117,0.101413112123,-0.295333830398,0.018172666331,-0.134058790769,0.799559518953,0.585151749948
1492808172327843268,0,1492808172319518566,odom,robot_frame,0.159219294958,0.101428962811,-0.291197823699,0.0157419426007,-0.131684539098,0.798359378449,0.58739567265
1492808172427868852,0,1492808172421139002,odom,robot_frame,0.164820314504,0.104159424829,-0.295033190598,0.0111513713143,-0.127943972223,0.798200154686,0.588542691696
1492808172527847993,0,1492808172517669201,odom,robot_frame,0.170544660671,0.105740782392,-0.289324443,0.00861778206485,-0.125963377025,0.797726329924,0.589653851023
1492808172627880494,0,1492808172619286060,odom,robot_frame,0.176886247493,0.107905189911,-0.290366910416,0.00828607550522,-0.125662720662,0.796074216415,0.591951065163
1492808172727934823,0,1492808172720842361,odom,robot_frame,0.185101072045,0.107962747323,-0.289316043559,0.0106168214915,-0.126786376192,0.793117925637,0.595631139168
1492808172827785950,0,1492808172825963020,odom,robot_frame,0.195181532551,0.107537379143,-0.289928998082,0.0150342215806,-0.128394984799,0.789287941407,0.600260981248
1492808172927869761,0,1492808172918880224,odom,robot_frame,0.204853627353,0.107245643761,-0.28959948748,0.0198039111978,-0.131431138962,0.786006293945,0.603761349121
1492808173027846433,0,1492808173020425558,odom,robot_frame,0.215779399915,0.107969021126,-0.290312734235,0.0229262668829,-0.134009297409,0.783324186421,0.606563363106
1492808173127867338,0,1492808173123069048,odom,robot_frame,0.227659762766,0.109209150039,-0.295031038358,0.0227219821326,-0.135720310127,0.781470685206,0.608578078072
1492808173227841348,0,1492808173218311071,odom,robot_frame,0.238049892778,0.110337185141,-0.29543481515,0.0194890045736,-0.136242581249,0.780295504264,0.610079555288
1492808173328010298,0,1492808173319910288,odom,robot_frame,0.248793490671,0.111116487528,-0.295064599581,0.0143264687022,-0.135080148525,0.779249949684,0.611815022443
1492808173428019330,0,1492808173421092033,odom,robot_frame,0.259034004603,0.111983909513,-0.291969814666,0.00884503647227,-0.132658837767,0.778068512791,0.613948521861
1492808173528010498,0,1492808173517846346,odom,robot_frame,0.268204139419,0.113947222867,-0.295791789226,0.00415914636043,-0.128438327509,0.777296438971,0.615870557415
1492808173627819477,0,1492808173619256735,odom,robot_frame,0.278403183032,0.116753495848,-0.294290798325,0.00151341405822,-0.12535463467,0.776349091377,0.617710298977
1492808173727819336,0,1492808173720969439,odom,robot_frame,0.288806942541,0.121137415864,-0.293025199096,0.000862503039047,-0.124057840561,0.775184061123,0.619434080161
1492808173827827798,0,1492808173817393064,odom,robot_frame,0.299515359597,0.124768238121,-0.288948276753,0.00258022926267,-0.125216879923,0.773326752749,0.621514126052
1492808173927860228,0,1492808173918960333,odom,robot_frame,0.311518471149,0.129824961482,-0.289982474766,0.00662120031632,-0.128596827864,0.770531584536,0.62425963573
1492808174027875425,0,1492808174020683527,odom,robot_frame,0.324943111697,0.131492187553,-0.284825908963,0.0118273942153,-0.133006292932,0.767177590793,0.627381847817
1492808174127908355,0,1492808174117253780,odom,robot_frame,0.339177990723,0.133027327641,-0.29125177556,0.0165554123129,-0.13695843521,0.763970988437,0.630330575314
1492808174227852211,0,1492808174218831778,odom,robot_frame,0.352860632412,0.135022415983,-0.288784866596,0.018797741249,-0.138870440986,0.761735988396,0.632550337544
1492808174327849426,0,1492808174320456505,odom,robot_frame,0.366704130613,0.137280768874,-0.29116838627,0.0174133449044,-0.138121591541,0.760734191299,0.633957957248
1492808174427880356,0,1492808174416994810,odom,robot_frame,0.378749806826,0.14081170028,-0.290707120611,0.0125526593723,-0.134822578626,0.76050788216,0.635053591603
1492808174527856156,0,1492808174518445492,odom,robot_frame,0.392043120341,0.143772965687,-0.295154290954,0.00682960780748,-0.13110734521,0.760238566835,0.63624016062
1492808174627825235,0,1492808174620125055,odom,robot_frame,0.40565091312,0.146561802348,-0.295079687721,0.00243187366325,-0.128383714095,0.759346785388,0.637890403961
1492808174727838047,0,1492808174716629267,odom,robot_frame,0.419452146447,0.148408805159,-0.294833385235,0.000660588756622,-0.127620714948,0.75797183441,0.639680556981
1492808174827864029,0,1492808174818169594,odom,robot_frame,0.43510792159,0.148952946,-0.292066420172,0.00183463083018,-0.129020372766,0.756352562493,0.641312075944
1492808174927823165,0,1492808174919739962,odom,robot_frame,0.451268927363,0.149365766665,-0.29068653618,0.00433144161836,-0.131271041286,0.754754488792,0.64272452418
1492808175028066327,0,1492808175016350985,odom,robot_frame,0.467031801683,0.149854852013,-0.292569053057,0.00622029503903,-0.132963579533,0.753169358452,0.644218838545
1492808175127888282,0,1492808175117851496,odom,robot_frame,0.483773096413,0.149575034432,-0.289528165097,0.00690411710814,-0.133677239505,0.751490527847,0.64602222513
1492808175227859814,0,1492808175219388962,odom,robot_frame,0.501019288286,0.149773283061,-0.293087219894,0.00697641446271,-0.133891355845,0.749653750811,0.64810777527
1492808175328009527,0,1492808175320940256,odom,robot_frame,0.518236847543,0.149842074405,-0.290301157232,0.0070394032686,-0.134182786801,0.747766183245,0.650223931982
1492808175427995198,0,1492808175425132990,odom,robot_frame,0.536235221603,0.149484454528,-0.286867773756,0.00718060843039,-0.134453733969,0.745862490644,0.652349428861
1492808175527837825,0,1492808175519128799,odom,robot_frame,0.553523498106,0.148349175808,-0.290326173126,0.00752623588197,-0.134874511447,0.744434272887,0.653888243729
1492808175627821430,0,1492808175620646477,odom,robot_frame,0.572512880681,0.146880995644,-0.28880280498,0.00689272206798,-0.134322867441,0.743227962804,0.655379319914
1492808175727913263,0,1492808175722337961,odom,robot_frame,0.592241448051,0.145470649158,-0.288909386955,0.0051154633367,-0.132987003671,0.742336607666,0.656676975238
1492808175827824503,0,1492808175818696022,odom,robot_frame,0.61097664768,0.144791832197,-0.290240593591,0.00322839049311,-0.131055529098,0.741881575454,0.657590871127
1492808175927848821,0,1492808175920251131,odom,robot_frame,0.629938198427,0.144547785806,-0.288827160428,0.00138012478578,-0.128754631965,0.741765349386,0.658182730291
1492808176027855527,0,1492808176019326925,odom,robot_frame,0.647974681301,0.145149994521,-0.291969814054,0.00129424003789,-0.127412819137,0.741306719715,0.65896027632
1492808176127806099,0,1492808176118319988,odom,robot_frame,0.66589312258,0.144557883611,-0.294071186805,0.00281714722721,-0.127324603954,0.740217899649,0.660195402854
1492808176227854743,0,1492808176220028400,odom,robot_frame,0.684966946055,0.142787206122,-0.296252177652,0.00605359804596,-0.129390472118,0.738230533469,0.661994818053
1492808176327829300,0,1492808176316492558,odom,robot_frame,0.703631978872,0.140234477793,-0.29606006521,0.00960245765564,-0.133183392181,0.73592073419,0.663770027828
1492808176427837279,0,1492808176417979956,odom,robot_frame,0.725009984456,0.137955321003,-0.297522976582,0.0115494696544,-0.137125231432,0.733883699694,0.665190195342
1492808176527827509,0,1492808176519524097,odom,robot_frame,0.745861374757,0.13683629409,-0.294004397124,0.0102976928335,-0.138979210489,0.732642213432,0.666193758355
1492808176627843335,0,1492808176621073723,odom,robot_frame,0.767748015962,0.134873596098,-0.293911284654,0.00524006658117,-0.137033954128,0.732380537106,0.666943015546
1492808176727866090,0,1492808176717521906,odom,robot_frame,0.787522023976,0.134488633762,-0.288528298793,-0.00130507595246,-0.132395068287,0.73274630568,0.667497336461
1492808176828043737,0,1492808176819014549,odom,robot_frame,0.807503161628,0.13349321785,-0.286834683418,-0.00614493637013,-0.127875075947,0.733304963349,0.667737999096
1492808176928045649,0,1492808176920529842,odom,robot_frame,0.827775794074,0.131291315503,-0.285048281321,-0.00665345984547,-0.126474446575,0.73358867778,0.667688248862
1492808177028013304,0,1492808177016992331,odom,robot_frame,0.847825239426,0.127180865264,-0.282797765382,-0.00378821731717,-0.127954214272,0.733528674566,0.667494608254
1492808177127829557,0,1492808177118406534,odom,robot_frame,0.869228484987,0.124255729047,-0.283999947682,0.00162634594157,-0.131974146581,0.732598313694,0.667742383263
1492808177227845619,0,1492808177219925404,odom,robot_frame,0.891588741266,0.120838524729,-0.284297537054,0.00830566790879,-0.137168084723,0.730642468474,0.668788094747
1492808177327876460,0,1492808177316472769,odom,robot_frame,0.914195240526,0.117670975799,-0.288355213487,0.0147642243599,-0.141858420981,0.728110335326,0.670457713556
1492808177427816049,0,1492808177418083191,odom,robot_frame,0.936591749299,0.116945293434,-0.287520361705,0.0197642733574,-0.144698696008,0.725890910834,0.672126510741
1492808177527847921,0,1492808177519610405,odom,robot_frame,0.961634287587,0.113023247006,-0.292687088319,0.0218287112978,-0.144971655777,0.72480970608,0.673169827277
1492808177627830248,0,1492808177621157169,odom,robot_frame,0.985389514382,0.110930636613,-0.295644300898,0.0194911782026,-0.142699698416,0.724979442607,0.673544132067
1492808177727920757,0,1492808177717718124,odom,robot_frame,1.00632933038,0.110750901356,-0.294751841627,0.0134009186529,-0.139129345912,0.725863033965,0.673488156101
1492808177827826482,0,1492808177819229841,odom,robot_frame,1.02895609234,0.107531769668,-0.294221309442,0.00535633391369,-0.135233335456,0.72680592159,0.673376868485
1492808177927831710,0,1492808177920800924,odom,robot_frame,1.05196377729,0.102536850917,-0.290246769651,-0.00193249992691,-0.131812330405,0.727369431448,0.673465281356
1492808178027815481,0,1492808178024827957,odom,robot_frame,1.07621114444,0.0959171831877,-0.28686777371,-0.00628101274471,-0.129671093537,0.727523271579,0.673688240725
1492808178127841016,0,1492808178118946552,odom,robot_frame,1.09718748369,0.0925394431908,-0.288167514131,-0.00659950644331,-0.128615778742,0.72772358565,0.673671144448
1492808178227840922,0,1492808178220545292,odom,robot_frame,1.12237063387,0.0850635076543,-0.283358922294,-0.00458237449144,-0.128949878763,0.727846225131,0.673491501931
1492808178327858765,0,1492808178321671963,odom,robot_frame,1.14336622403,0.0916105711405,-0.296051445577,-0.00069655542726,-0.130902369377,0.727793183498,0.673187319069
1492808178427824323,0,1492808178418497086,odom,robot_frame,1.16664249302,0.0863646364806,-0.288044826587,0.00385268475127,-0.13492028983,0.72731141519,0.672903988357
1492808178527857588,0,1492808178520153761,odom,robot_frame,1.1913205443,0.0842980168794,-0.290421375169,0.00854465656122,-0.139082564098,0.726718997939,0.672653348496
1492808178627831586,0,1492808178619410038,odom,robot_frame,1.21486444051,0.0821796442944,-0.28890938711,0.0120318568489,-0.141562703709,0.726253613914,0.67258525379
1492808178727824421,0,1492808178718251228,odom,robot_frame,1.238642301,0.0794660737853,-0.290822159884,0.0138817119221,-0.141903625256,0.725931946914,0.672824990368
1492808178827830713,0,1492808178819688082,odom,robot_frame,1.26226840687,0.0776367170726,-0.292263076979,0.0154458860236,-0.141473735289,0.725629557877,0.673207510032
1492808178927869611,0,1492808178921218395,odom,robot_frame,1.28343253624,0.0805192868225,-0.287051176012,0.0159505164673,-0.14078875476,0.725520916873,0.673456388148
1492808179027850836,0,1492808179017565489,odom,robot_frame,1.30666204658,0.0777691361849,-0.289925892247,0.0157521833068,-0.140475785105,0.725679455438,0.67335558992
1492808179127833850,0,1492808179119105101,odom,robot_frame,1.32958905079,0.078009156797,-0.287368102593,0.0151710846602,-0.140514166103,0.726198484218,0.672801136172
1492808179227817369,0,1492808179220683336,odom,robot_frame,1.35714126061,0.0725885552957,-0.295201487122,0.0142455034001,-0.140632205303,0.72703933768,0.671887974242
1492808179327853221,0,1492808179317224741,odom,robot_frame,1.38055643046,0.0723578409753,-0.292539604126,0.0128167513263,-0.140465884005,0.728084660047,0.670818749083
1492808179427861408,0,1492808179418679953,odom,robot_frame,1.40554306738,0.0714895671912,-0.289914230813,0.0101119092792,-0.139036936197,0.729107758138,0.67005101051
1492808179527850312,0,1492808179520276308,odom,robot_frame,1.43105277575,0.0685808416716,-0.292176044132,0.00674328528465,-0.136564362216,0.729791664122,0.669857320669
1492808179628000703,0,1492808179616696358,odom,robot_frame,1.45501307132,0.0649818384602,-0.29160139691,0.00408564187355,-0.134322068419,0.730098903896,0.669997373126
1492808179727992195,0,1492808179718317270,odom,robot_frame,1.48062570402,0.0597590546636,-0.287656871809,0.0030566262184,-0.133475892199,0.730272197838,0.66998310449
1492808179827825392,0,1492808179819964886,odom,robot_frame,1.50481767442,0.0583623800057,-0.291034118151,0.00413692356112,-0.134637923948,0.730499832784,0.669496459738
1492808179927827592,0,1492808179921487331,odom,robot_frame,1.5295028809,0.0555597913009,-0.291085672197,0.00717606968805,-0.137448025475,0.730583544648,0.668808065596
1492808180027876996,0,1492808180017934322,odom,robot_frame,1.55305578468,0.0514941198075,-0.288078523293,0.0110826446298,-0.140659802535,0.730404254704,0.668282589665
1492808180127832818,0,1492808180119568586,odom,robot_frame,1.57842327573,0.0467348916693,-0.294304936673,0.013745835429,-0.142461173359,0.730070089439,0.668216679378
1492808180227818626,0,1492808180221231461,odom,robot_frame,1.60186541788,0.0462454327573,-0.287729237943,0.0142340278225,-0.142311192728,0.729795977,0.668537769189
1492808180328001049,0,1492808180317703009,odom,robot_frame,1.62700752323,0.0377576815123,-0.297650883714,0.0127247447746,-0.14075917936,0.729667084549,0.6690372785
1492808180427871624,0,1492808180419443130,odom,robot_frame,1.65063372205,0.0367311293723,-0.291094999649,0.0107856946882,-0.139150697712,0.729805978133,0.669256293506
1492808180527865878,0,1492808180521039009,odom,robot_frame,1.6750322959,0.0331830096053,-0.289891938614,0.00939797795083,-0.138138823412,0.730265089567,0.668985980747
1492808180627843573,0,1492808180625016928,odom,robot_frame,1.70012400962,0.0295221939596,-0.286867773542,0.00904633456241,-0.137995867886,0.73095781065,0.66826340864
1492808180727878972,0,1492808180718966961,odom,robot_frame,1.72313955684,0.0258448515374,-0.282739784708,0.00910705949953,-0.138402379455,0.731571527911,0.667506511113
1492808180827880478,0,1492808180820605993,odom,robot_frame,1.74883673472,0.0229559167109,-0.28824847042,0.00851029180114,-0.138677658136,0.732187219137,0.666781792043
1492808180927837063,0,1492808180921497107,odom,robot_frame,1.77496609491,0.0187248636038,-0.284826957366,0.00710263788274,-0.138636571289,0.732284257347,0.666700247546
1492808181027852269,0,1492808181018603086,odom,robot_frame,1.80019214128,0.0142025236644,-0.28603298471,0.00638062202993,-0.1388549598,0.731642985642,0.66736581375
1492808181127925983,0,1492808181120272636,odom,robot_frame,1.82622018185,0.00813627669664,-0.289606693206,0.00698036088575,-0.139908040243,0.730406950925,0.668492857761
1492808181227811881,0,1492808181218826056,odom,robot_frame,1.85187103164,0.000240390032224,-0.289928997871,0.00717829587835,-0.140621456949,0.729064583256,0.669805129389
1492808181327841806,0,1492808181318391562,odom,robot_frame,1.87761962092,-0.00859508192347,-0.288169084967,0.00583475742301,-0.140208309938,0.727985224897,0.671077564639
1492808181427869253,0,1492808181420056343,odom,robot_frame,1.9023468058,-0.0177595468138,-0.290386551853,0.0031153637194,-0.138738830151,0.727077131599,0.672384321816
1492808181527828835,0,1492808181516514540,odom,robot_frame,1.92685499602,-0.0273390178341,-0.285849378374,-0.000109265284721,-0.13653016648,0.726374834492,0.673601589605
1492808181627828749,0,1492808181617984772,odom,robot_frame,1.94939486381,-0.0335608647249,-0.289162504489,-0.0025208607947,-0.134448037308,0.725927413647,0.674497413368
1492808181727813990,0,1492808181719526052,odom,robot_frame,1.9722093079,-0.0402765737948,-0.291736181435,-0.00290171596861,-0.13356715607,0.725497696715,0.675132940187
1492808181827849905,0,1492808181821059227,odom,robot_frame,1.995721307,-0.0476572984039,-0.294210388108,-4.2174109525e-05,-0.135160325802,0.724625447367,0.675758570481
1492808181928023730,0,1492808181917533398,odom,robot_frame,2.02017843307,-0.0618876752807,-0.287460259811,0.00635083861367,-0.139692946497,0.722814983886,0.676745185885
1492808182027901738,0,1492808182018988848,odom,robot_frame,2.0440784621,-0.0729118768613,-0.283681170521,0.0149218431024,-0.146437824709,0.719978939281,0.678206184788
1492808182127842718,0,1492808182120652676,odom,robot_frame,2.06735653839,-0.0805606796782,-0.280900898898,0.0233101717516,-0.153495655228,0.716526060848,0.680063323408
1492808182227846042,0,1492808182217175722,odom,robot_frame,2.09598147905,-0.105675988612,-0.288573031765,0.0303515399997,-0.1596432987,0.712897037927,0.682180778471
1492808182327884032,0,1492808182318838596,odom,robot_frame,2.11804528855,-0.110153676572,-0.288267974825,0.0352229166116,-0.163783435374,0.709642131645,0.684355446706
1492808182427851186,0,1492808182420526743,odom,robot_frame,2.14283590949,-0.123040223531,-0.291351635848,0.0375420454779,-0.165667815555,0.707244435209,0.686258026238
1492808182527856985,0,1492808182517045259,odom,robot_frame,2.15916477074,-0.109432199992,-0.287774971449,0.0367258521485,-0.165397850324,0.705825835617,0.687826033723
1492808182627852746,0,1492808182618446112,odom,robot_frame,2.1814621304,-0.11409244583,-0.288390186431,0.0329464295567,-0.163264540608,0.704749518808,0.689628405955
1492808182727853552,0,1492808182719871044,odom,robot_frame,2.20315515799,-0.115292252154,-0.287277498919,0.0270411813066,-0.159472996786,0.703216952048,0.692331608524
1492808182827813240,0,1492808182821327209,odom,robot_frame,2.22741533253,-0.127961001269,-0.289163504124,0.0199401530701,-0.15423014651,0.700978050108,0.696020994992
1492808182927808176,0,1492808182926923037,odom,robot_frame,2.25206778062,-0.138342313295,-0.286867773891,0.0118073842352,-0.148416124372,0.697838993254,0.7006097196
1492808183027841462,0,1492808183019366741,odom,robot_frame,2.27395890794,-0.155422601125,-0.286560080907,0.00638262354713,-0.141958397851,0.695561840562,0.704273243387
1492808183127853976,0,1492808183121031046,odom,robot_frame,2.29722808556,-0.171677072436,-0.291921905115,0.00183110630936,-0.137487675053,0.693082347364,0.707623237345
1492808183227871363,0,1492808183223485947,odom,robot_frame,2.32172042929,-0.196529060889,-0.290949406435,-0.00199951173172,-0.134502067929,0.690857973002,0.71036642433
1492808183327813765,0,1492808183319249868,odom,robot_frame,2.34460936171,-0.223840959141,-0.288339979592,-0.00418306410626,-0.132957382533,0.689089613157,0.712362507045
1492808183427865266,0,1492808183420872927,odom,robot_frame,2.36957966596,-0.250876161999,-0.285438789421,-0.00488441909294,-0.133272184867,0.686765105129,0.714540661941
1492808183527816945,0,1492808183520304918,odom,robot_frame,2.39172819308,-0.2506448784,-0.294011426831,-0.0043737618302,-0.134193261093,0.683836105308,0.71717586404
1492808183627812052,0,1492808183618853331,odom,robot_frame,2.41579413646,-0.28222698929,-0.2880195131,-0.00288064241983,-0.135862240589,0.680523121864,0.720014884631
1492808183727825500,0,1492808183720281601,odom,robot_frame,2.43923758446,-0.304600266784,-0.287138531228,-0.00116542887961,-0.137922564976,0.677094670952,0.722854628825
1492808183827826909,0,1492808183819031954,odom,robot_frame,2.4618081961,-0.322211218163,-0.289928997552,-1.54454855312e-05,-0.14013450251,0.673970664758,0.725345341208
1492808183927833331,0,1492808183918280125,odom,robot_frame,2.48368858473,-0.342780368487,-0.290213193905,-0.00017819104294,-0.14195344137,0.671569767939,0.727216085851
1492808184027857209,0,1492808184019828796,odom,robot_frame,2.50540228904,-0.364722697079,-0.287329807224,-0.00265151001178,-0.141990200109,0.669655121881,0.7289676058
1492808184127833107,0,1492808184121514320,odom,robot_frame,2.52739570744,-0.385601166801,-0.286933567911,-0.00705468576061,-0.140056215288,0.667828657723,0.730985206342
1492808184227812205,0,1492808184218052864,odom,robot_frame,2.54821963292,-0.405730879527,-0.287340003575,-0.0111087969111,-0.137609704994,0.665573228825,0.733452412085
1492808184327871944,0,1492808184319586992,odom,robot_frame,2.56861272742,-0.425108782738,-0.29032418895,-0.0127863048672,-0.136135234968,0.662844631666,0.736166219328
1492808184427837867,0,1492808184421077490,odom,robot_frame,2.59639135263,-0.45937131566,-0.284072941649,-0.0114619837112,-0.136645688546,0.660132558999,0.738526630042
1492808184527926879,0,1492808184517545700,odom,robot_frame,2.61808229682,-0.482444431353,-0.285092048948,-0.00885921563532,-0.138150554829,0.657890092363,0.740281409242
1492808184627877064,0,1492808184619112730,odom,robot_frame,2.64022101322,-0.501948405981,-0.290883657373,-0.00564089220584,-0.140317872978,0.655932561386,0.741641119256
1492808184727815093,0,1492808184720705271,odom,robot_frame,2.66258898861,-0.526135592927,-0.288445935378,-0.00349273015005,-0.14139481512,0.654174353408,0.743001495582
1492808184828052020,0,1492808184817130089,odom,robot_frame,2.68544580632,-0.546502232509,-0.295841689927,-0.00282924951106,-0.14111219963,0.652408252777,0.74460916874
1492808184928017960,0,1492808184918720961,odom,robot_frame,2.7049902688,-0.567854515402,-0.290530618249,-0.00278283011989,-0.140323615599,0.650171245483,0.746712053143
1492808185027822214,0,1492808185020285130,odom,robot_frame,2.7263602431,-0.590988089109,-0.29040888003,-0.00252037655564,-0.139856678004,0.647326701273,0.749267575129
1492808185127877764,0,1492808185116930485,odom,robot_frame,2.74863361514,-0.614343461922,-0.295169512393,-0.002191715486,-0.139706307263,0.644023601449,0.752137583738
1492808185227847135,0,1492808185218469381,odom,robot_frame,2.76851492036,-0.638849388359,-0.294920394862,-0.00217309151863,-0.139735641913,0.640654322407,0.755004150475
1492808185328023812,0,1492808185320080280,odom,robot_frame,2.78738911731,-0.662729111346,-0.293465063353,-0.00318742909779,-0.139366150728,0.637732521755,0.757538214893
1492808185427828804,0,1492808185416754007,odom,robot_frame,2.80409473563,-0.684794412874,-0.28977742461,-0.00507598170254,-0.138505745478,0.635349597948,0.75968498818
1492808185527809475,0,1492808185526896954,odom,robot_frame,2.82505816959,-0.710548207282,-0.286867773824,-0.00734725100285,-0.137750319298,0.63284549172,0.761890708071
1492808185627853002,0,1492808185619833231,odom,robot_frame,2.84652005403,-0.73048788222,-0.293470500971,-0.00933817141222,-0.137228368146,0.630591707049,0.763829347781
1492808185727839365,0,1492808185721389532,odom,robot_frame,2.86713057383,-0.759874830964,-0.2865794158,-0.0108597939747,-0.13775532706,0.627621625095,0.766157053387
1492808185827837774,0,1492808185823110104,odom,robot_frame,2.88856198557,-0.78706129011,-0.286867773376,-0.0105455011006,-0.139576724159,0.624028393953,0.768762443164
1492808185927889915,0,1492808185919294834,odom,robot_frame,2.90816284355,-0.813994215186,-0.286106515854,-0.00996645928331,-0.141427511172,0.620644649368,0.771167392972
1492808186027886956,0,1492808186020738602,odom,robot_frame,2.92755402781,-0.843616866432,-0.291943437769,-0.00987904670114,-0.142147661223,0.617226594967,0.773775017243
1492808186127831631,0,1492808186120707035,odom,robot_frame,2.94599608866,-0.872696762921,-0.290949406292,-0.00907925943088,-0.143050057494,0.613524874028,0.77655745251
1492808186227838667,0,1492808186218795776,odom,robot_frame,2.96317957927,-0.89979283994,-0.286691822624,-0.00796453752229,-0.144228259497,0.609797636024,0.779282758954
1492808186327818455,0,1492808186320384264,odom,robot_frame,2.980658081,-0.932352574862,-0.287477810896,-0.00780021686348,-0.144636484385,0.605997444926,0.782167846913
1492808186427829616,0,1492808186417834044,odom,robot_frame,2.99765469774,-0.966008309156,-0.289928997759,-0.00870161238732,-0.144146253155,0.602242852095,0.785143099533
1492808186527854052,0,1492808186518382788,odom,robot_frame,3.01444335819,-1.00027488413,-0.291335468848,-0.00986824176471,-0.143142956892,0.59862848133,0.788071477112
1492808186627869588,0,1492808186619946480,odom,robot_frame,3.03100265894,-1.03390884628,-0.29255245155,-0.0129203114174,-0.139917133055,0.595451969786,0.791007720006
1492808186727844943,0,1492808186721586943,odom,robot_frame,3.04649542417,-1.06592956559,-0.286860260155,-0.0180308696724,-0.134645963423,0.592531197622,0.794010158699
1492808186827874443,0,1492808186818025589,odom,robot_frame,3.06199848797,-1.09239231382,-0.289893704444,-0.02357912357,-0.129349351054,0.589429496869,0.797048077931
1492808186927893460,0,1492808186919517994,odom,robot_frame,3.07882966086,-1.13140516145,-0.2866352675,-0.0281659913084,-0.125561175318,0.585966414859,0.800052766287
1492808187027835722,0,1492808187021134138,odom,robot_frame,3.095396989,-1.17926828929,-0.281711038236,-0.030930403621,-0.12400676892,0.582333039019,0.802841119438
1492808187127834888,0,1492808187117737055,odom,robot_frame,3.1068719058,-1.20241031145,-0.284794262646,-0.0312165476664,-0.125230771455,0.578720815974,0.805248407755
1492808187227880435,0,1492808187219283342,odom,robot_frame,3.11784414371,-1.2274593648,-0.289043813058,-0.0301884596565,-0.128037015148,0.57503506216,0.807483657384
1492808187327847566,0,1492808187320899487,odom,robot_frame,3.13180428735,-1.27929978352,-0.28379825771,-0.0293142858884,-0.130998582681,0.570940434977,0.809942629874
1492808187427861913,0,1492808187417551994,odom,robot_frame,3.14042772161,-1.3110999917,-0.288069995207,-0.0291291174165,-0.133462043244,0.566250598246,0.812834323535
1492808187527880977,0,1492808187519104719,odom,robot_frame,3.15086500777,-1.35286833111,-0.287434773216,-0.0292210835408,-0.135439696657,0.56127576202,0.8159483659
1492808187627870820,0,1492808187620609760,odom,robot_frame,3.16328743683,-1.39650752046,-0.28307705847,-0.0282872988674,-0.137480338532,0.556517570732,0.818893875119
1492808187727819605,0,1492808187717134476,odom,robot_frame,3.1708741081,-1.4356849131,-0.286103251803,-0.0264250675332,-0.138702278172,0.552437861321,0.821508249024
1492808187827884747,0,1492808187818702459,odom,robot_frame,3.17796357981,-1.47857599806,-0.293048255858,-0.0242771699254,-0.138783581283,0.548945506446,0.823898396369
1492808187927836683,0,1492808187920225620,odom,robot_frame,3.18583497447,-1.51387037248,-0.28768406512,-0.022706109418,-0.137763285721,0.545887890562,0.826142917805
1492808188027795768,0,1492808188016748905,odom,robot_frame,3.19186604128,-1.55260239529,-0.288146978014,-0.0231163868159,-0.135337992004,0.54318874722,0.82830866558
1492808188127820205,0,1492808188125571012,odom,robot_frame,3.20378036149,-1.60130079985,-0.294011427225,-0.0267200319708,-0.131317059101,0.540523558903,0.830587835302
1492808188227846083,0,1492808188219904184,odom,robot_frame,3.20581977331,-1.64772739886,-0.284506875978,-0.0310595242022,-0.126296869901,0.53817328945,0.832738804868
1492808188327822663,0,1492808188321244717,odom,robot_frame,3.21724106711,-1.67689845755,-0.292958027757,-0.0357310720351,-0.122152733804,0.53492986805,0.835255671267
1492808188427843772,0,1492808188422447920,odom,robot_frame,3.22331371663,-1.73265956053,-0.285847365516,-0.0400197857033,-0.118588826779,0.530823266715,0.838189576665
1492808188527864498,0,1492808188519327164,odom,robot_frame,3.22851925485,-1.74240448246,-0.292277810247,-0.0429589850408,-0.116011872673,0.526889213586,0.840882588481
1492808188627818106,0,1492808188620893478,odom,robot_frame,3.23259699052,-1.79114144565,-0.288588756656,-0.0448541293937,-0.115516386132,0.523081670906,0.843225733225
1492808188727852616,0,1492808188719906092,odom,robot_frame,3.23714237455,-1.84950624944,-0.282785343832,-0.0446799764291,-0.118204052707,0.520068598987,0.8447248984
1492808188827857142,0,1492808188818885803,odom,robot_frame,3.23960267103,-1.88530380251,-0.285209268544,-0.0426171581302,-0.123174839888,0.51789325505,0.845457457845
1492808188927883643,0,1492808188920548439,odom,robot_frame,3.24361831088,-1.93390917343,-0.285972768129,-0.038401216552,-0.129311981598,0.515708090211,0.846078556443
1492808189027830816,0,1492808189016970634,odom,robot_frame,3.24755162545,-1.97888078117,-0.285904066781,-0.0328579503463,-0.134879366011,0.513011680637,0.847081417134
1492808189127839884,0,1492808189118486643,odom,robot_frame,3.2489542716,-2.0281478784,-0.295061143933,-0.0269819573628,-0.139226171358,0.509656996453,0.848609328933
1492808189227865276,0,1492808189220042706,odom,robot_frame,3.24181848159,-2.04843055594,-0.291061007184,-0.0222483773697,-0.141867312659,0.505776305553,0.850628593479
1492808189327781957,0,1492808189321566105,odom,robot_frame,3.24416049467,-2.1015024175,-0.296234386801,-0.0204102704465,-0.142397404081,0.501847611326,0.852909945527
1492808189427847796,0,1492808189418015242,odom,robot_frame,3.24062876299,-2.13445917978,-0.294027074489,-0.0235115492379,-0.139063007937,0.498333599432,0.855436912083
1492808189527870891,0,1492808189519489288,odom,robot_frame,3.23710057991,-2.16995980186,-0.288567297739,-0.0309175423372,-0.132460786455,0.495560255315,0.857856793981
1492808189627862017,0,1492808189621120691,odom,robot_frame,3.24193271125,-2.22762743935,-0.292560135269,-0.0406901506938,-0.123847259847,0.493833245607,0.859729546659
1492808189727832149,0,1492808189717662573,odom,robot_frame,3.24215557358,-2.27642809437,-0.285446913396,-0.0500379643662,-0.115022860227,0.493102067572,0.860881115314
1492808189827834596,0,1492808189819204569,odom,robot_frame,3.23690672437,-2.31082849192,-0.285217923471,-0.0558234784881,-0.108736830386,0.492801350836,0.861514288669
1492808189927858869,0,1492808189920740366,odom,robot_frame,3.23173298152,-2.34161141192,-0.286865003474,-0.0567384018581,-0.10659644202,0.492281233985,0.862019221926
1492808190027847391,0,1492808190017144918,odom,robot_frame,3.22915487617,-2.38149747868,-0.288417364663,-0.0537027265491,-0.108589055404,0.490867096677,0.862771074856
1492808190127812674,0,1492808190118708134,odom,robot_frame,3.22739976365,-2.42972224166,-0.290431960875,-0.0485284354911,-0.114358233559,0.488346896756,0.863761827007
1492808190227853577,0,1492808190220373392,odom,robot_frame,3.22539768653,-2.48647259149,-0.290335843468,-0.0437552776488,-0.121319979518,0.485743165362,0.864534855024
1492808190327834334,0,1492808190321876764,odom,robot_frame,3.22246100445,-2.53696257448,-0.288723762726,-0.0416964236683,-0.125631187125,0.483936088454,0.865034146937
1492808190427838320,0,1492808190418343306,odom,robot_frame,3.2187442112,-2.58078554959,-0.285823301179,-0.0420589493935,-0.125924695975,0.482873951683,0.865567306745
1492808190528005482,0,1492808190519924879,odom,robot_frame,3.21676789126,-2.63152669619,-0.293374934143,-0.0429761747453,-0.124063186996,0.48170837481,0.866440081987
1492808190627854079,0,1492808190621604443,odom,robot_frame,3.21428444751,-2.6795540029,-0.289799569773,-0.0427818592379,-0.123465287447,0.479646430081,0.867678130084
1492808190727821503,0,1492808190725390911,odom,robot_frame,3.20969312864,-2.73105295661,-0.287887384613,-0.0413900186073,-0.125576423832,0.476448417239,0.869203275332
1492808190827816092,0,1492808190819581747,odom,robot_frame,3.20483335233,-2.77806632488,-0.288076008142,-0.0410077643526,-0.128736605187,0.473560897256,0.870336329437
1492808190927857983,0,1492808190921210766,odom,robot_frame,3.19950139345,-2.82547174631,-0.286064655644,-0.0418286806767,-0.13053266583,0.471119701611,0.871354010364
1492808191027856075,0,1492808191022559881,odom,robot_frame,3.19528469083,-2.87179125045,-0.284826957133,-0.0441146157095,-0.129353816889,0.46921997775,0.872441461198
1492808191127825894,0,1492808191119129419,odom,robot_frame,3.19486570696,-2.91180244153,-0.279910222417,-0.0456714188859,-0.126858225424,0.467596879093,0.873598460851
1492808191227836202,0,1492808191220726490,odom,robot_frame,3.18593063941,-2.9616771473,-0.286664687831,-0.0452326201877,-0.126285761899,0.465621476068,0.874758570942
1492808191327837100,0,1492808191320066929,odom,robot_frame,3.18142178135,-3.00790297467,-0.287887384289,-0.043053709204,-0.128081576119,0.463734895898,0.875609178977
1492808191427903553,0,1492808191418633699,odom,robot_frame,3.17668240512,-3.05074837637,-0.286352692842,-0.0404758062642,-0.131363347769,0.46224501476,0.876033633087
1492808191527860894,0,1492808191520123720,odom,robot_frame,3.1719320444,-3.10147257513,-0.290187331654,-0.0382554443546,-0.134187263932,0.460985887033,0.876368821406
1492808191627879292,0,1492808191621691704,odom,robot_frame,3.1666879393,-3.15067578362,-0.293127249423,-0.037133578924,-0.134960424402,0.459733103686,0.876956244369
1492808191727844229,0,1492808191718172073,odom,robot_frame,3.16190654112,-3.20597332022,-0.299013888389,-0.0364355069922,-0.134441951526,0.4580306926,0.877955408968
1492808191827828757,0,1492808191819618464,odom,robot_frame,3.15251555452,-3.23913747391,-0.295441775851,-0.0356777851948,-0.133956222806,0.455762300164,0.879240326512
1492808191927867424,0,1492808191921075583,odom,robot_frame,3.14473426871,-3.28992179616,-0.297207940324,-0.0353648381522,-0.133824419742,0.453149749251,0.880622312718
1492808192027816950,0,1492808192017497540,odom,robot_frame,3.12891962062,-3.31667231031,-0.28896585863,-0.0367349975069,-0.132866763313,0.450631589397,0.882002343422
1492808192127856441,0,1492808192118891716,odom,robot_frame,3.12149625878,-3.37317648706,-0.290768105425,-0.0396587500592,-0.130707151393,0.448194459356,0.883439047542
1492808192227860657,0,1492808192220326662,odom,robot_frame,3.11384484703,-3.4301209742,-0.29396560378,-0.0432335292277,-0.127754878683,0.445851465909,0.884887576628
1492808192327935355,0,1492808192321878910,odom,robot_frame,3.10348262354,-3.48173592898,-0.281439287097,-0.0462736156118,-0.125011378897,0.443604390028,0.886253943739
1492808192427918397,0,1492808192418426275,odom,robot_frame,3.09329934113,-3.52692935325,-0.286232752834,-0.0482285599986,-0.122794111218,0.44178747912,0.887366573375
1492808192527859478,0,1492808192520068169,odom,robot_frame,3.08447912064,-3.57949371248,-0.286131872179,-0.0488684464186,-0.121827416903,0.440607850356,0.888051055762
1492808192627822979,0,1492808192621622086,odom,robot_frame,3.07595332944,-3.63397216358,-0.28591839131,-0.048600785621,-0.122148713554,0.440026567098,0.888309785864
1492808192727844936,0,1492808192718123198,odom,robot_frame,3.06804394319,-3.6821285396,-0.287700483056,-0.0474581087223,-0.124139334294,0.4396911274,0.888261710355
1492808192827820968,0,1492808192819644928,odom,robot_frame,3.06001249677,-3.73010949815,-0.291443088901,-0.0459863142985,-0.126684841661,0.439179040841,0.888233066192
1492808192927820676,0,1492808192921230555,odom,robot_frame,3.05159847174,-3.7790850978,-0.291085965215,-0.0449931247822,-0.1279793735,0.438252791653,0.888555788507
1492808193027812748,0,1492808193027230024,odom,robot_frame,3.04226665512,-3.82808694429,-0.287887384814,-0.0438243812603,-0.128832175303,0.436642613461,0.889283375715
1492808193127997278,0,1492808193119231462,odom,robot_frame,3.03470437357,-3.87926560487,-0.296363583065,-0.0427742830666,-0.130352662341,0.435164749984,0.889837167407
1492808193227829530,0,1492808193220853090,odom,robot_frame,3.02389755988,-3.92091855891,-0.291325937451,-0.042016856614,-0.13152683681,0.433989342662,0.890274410177
1492808193327824922,0,1492808193324460983,odom,robot_frame,3.01408591405,-3.97000618437,-0.290949406019,-0.0422535102128,-0.131559678599,0.433452543679,0.890519839319
1492808193427820465,0,1492808193418914795,odom,robot_frame,3.0052714378,-4.00966364003,-0.286856710927,-0.0430652157104,-0.130309683326,0.43329607555,0.890740862732
1492808193527860653,0,1492808193520425797,odom,robot_frame,2.99598130723,-4.05999416928,-0.287058942134,-0.0441780259358,-0.12791292835,0.432919734331,0.891216633828
1492808193627996817,0,1492808193621931076,odom,robot_frame,2.98671137599,-4.11090854828,-0.287890841402,-0.0448166906334,-0.125798871532,0.431803139083,0.89202699356
1492808193727826948,0,1492808193718255997,odom,robot_frame,2.97728574983,-4.15977653636,-0.28819744613,-0.0449252570198,-0.124975574106,0.430094284353,0.892962336118
1492808193827832327,0,1492808193819807053,odom,robot_frame,2.96452528072,-4.21350059386,-0.284349125793,-0.0449331280227,-0.125492443251,0.428139961263,0.893828190573
1492808193927827875,0,1492808193921387911,odom,robot_frame,2.95461485735,-4.2643910393,-0.285883548923,-0.0449686025313,-0.127028530082,0.426259122595,0.894508098195
1492808194027872255,0,1492808194017838717,odom,robot_frame,2.94535949524,-4.31308633658,-0.290383995304,-0.0446549390366,-0.129820381822,0.424457120066,0.894979752904
1492808194127834378,0,1492808194119473934,odom,robot_frame,2.93418893142,-4.36462398594,-0.294058753865,-0.0447051015961,-0.132492610933,0.423050996806,0.895251370309
1492808194227875881,0,1492808194221136332,odom,robot_frame,2.92739034402,-4.39626570308,-0.283900621065,-0.0451877403784,-0.134206621227,0.422100768349,0.895420343915
1492808194327868375,0,1492808194317584991,odom,robot_frame,2.91949553101,-4.43641866138,-0.282250820564,-0.0460576823566,-0.134177558368,0.421457791464,0.895683204454
1492808194427893168,0,1492808194419183969,odom,robot_frame,2.90086979845,-4.49447772931,-0.290443652455,-0.0469466067653,-0.132762650381,0.420876121754,0.896121300335
1492808194527871750,0,1492808194520710468,odom,robot_frame,2.89685080976,-4.53553245104,-0.286088512282,-0.0472698592652,-0.131312693817,0.419995494898,0.896730907861
1492808194627882830,0,1492808194622233391,odom,robot_frame,2.88425729433,-4.58579454633,-0.290056554887,-0.0472221376043,-0.1297764385,0.419019432967,0.897413427873
1492808194727883138,0,1492808194718690157,odom,robot_frame,2.87530668756,-4.63241307508,-0.285979635502,-0.047849884768,-0.127389730693,0.418070970699,0.898164187941
1492808194827843308,0,1492808194820342541,odom,robot_frame,2.86283821996,-4.68244243039,-0.288890727815,-0.0494522559672,-0.124621063964,0.417040254004,0.898944654212
1492808194927833919,0,1492808194921921492,odom,robot_frame,2.8499041363,-4.7330003492,-0.288308701097,-0.0512814695902,-0.122558298451,0.415680667742,0.899755109362
1492808195027824317,0,1492808195018441200,odom,robot_frame,2.83794262966,-4.76771727279,-0.294061922614,-0.0526588621743,-0.121322327898,0.414200045551,0.900525546142
1492808195127837944,0,1492808195120149374,odom,robot_frame,2.82213961999,-4.83683049505,-0.284583217645,-0.0532627573825,-0.120482500775,0.412764897017,0.901261441244
1492808195227839777,0,1492808195221841574,odom,robot_frame,2.80798401714,-4.88751763543,-0.283358602122,-0.0531626614288,-0.120135124423,0.411500684415,0.901891606589
1492808195327855366,0,1492808195318383217,odom,robot_frame,2.79458423255,-4.93663075614,-0.282609849521,-0.0522295751804,-0.120843315314,0.410423349254,0.902342307003
1492808195427846492,0,1492808195420061111,odom,robot_frame,2.78516873,-4.9717975258,-0.291150161469,-0.0508021212027,-0.122488286937,0.409082085158,0.902810950115
1492808195527849808,0,1492808195521630764,odom,robot_frame,2.76875653931,-5.02715018163,-0.288388343997,-0.0492376066502,-0.124716404506,0.40722886996,0.903430198748
1492808195627833895,0,1492808195627373934,odom,robot_frame,2.75564541391,-5.08081364582,-0.291969813837,-0.0480455377571,-0.126672283675,0.404830640584,0.904299680026
1492808195727857520,0,1492808195719709635,odom,robot_frame,2.7407231317,-5.12345408801,-0.288017145809,-0.0479172258671,-0.127841327608,0.402976008091,0.90497009416
1492808195827839794,0,1492808195821268559,odom,robot_frame,2.72571385912,-5.17345474033,-0.286983521169,-0.0485436296396,-0.128373273989,0.40116627438,0.905665191363
1492808195927881389,0,1492808195924207926,odom,robot_frame,2.71089749362,-5.23185888198,-0.291969813577,-0.0510759558963,-0.127106698147,0.399640533338,0.906378827052
1492808196027815749,0,1492808196019266129,odom,robot_frame,2.69964029682,-5.27744557016,-0.285655053512,-0.054636242113,-0.123517979982,0.398710277172,0.907076790876
1492808196128025845,0,1492808196120912790,odom,robot_frame,2.68124805051,-5.32315204442,-0.289532759649,-0.0586636191054,-0.119840950223,0.397510296094,0.907844860614
1492808196228043424,0,1492808196221925974,odom,robot_frame,2.66647492038,-5.37414946805,-0.287887384299,-0.0618182167871,-0.118025290425,0.395722275512,0.908654180399
1492808196327838985,0,1492808196318912745,odom,robot_frame,2.64991051117,-5.41813154505,-0.287614176731,-0.063402507216,-0.117918747475,0.393805591657,0.909391250811
1492808196427829810,0,1492808196420451164,odom,robot_frame,2.63685120331,-5.48066685573,-0.283457096572,-0.0633697770389,-0.119496818632,0.391768311626,0.910067234714
1492808196527831741,0,1492808196521933556,odom,robot_frame,2.61898394609,-5.53156984604,-0.28384852552,-0.0627600807987,-0.120051682497,0.390219753567,0.910701548101
1492808196627816319,0,1492808196618221045,odom,robot_frame,2.59869085085,-5.57337039722,-0.288614066851,-0.0619160413457,-0.119539775923,0.389363312579,0.91119309513
1492808196727852373,0,1492808196719878197,odom,robot_frame,2.58810375245,-5.64084013491,-0.284533232709,-0.0606638714192,-0.11943976897,0.389282410917,0.91132499189
1492808196827862346,0,1492808196821431637,odom,robot_frame,2.57547499676,-5.70537340226,-0.279888597001,-0.0598026830138,-0.119180478252,0.389883687857,0.911158802104
1492808196927869348,0,1492808196918009996,odom,robot_frame,2.56167578991,-5.74735662414,-0.285321903798,-0.0595183080813,-0.118484552916,0.390507888042,0.911000862294
1492808197027851124,0,1492808197019536495,odom,robot_frame,2.54890894618,-5.78782200532,-0.292281833503,-0.0593250886969,-0.118371112138,0.390141358922,0.91118523568
1492808197127814195,0,1492808197121160269,odom,robot_frame,2.53447363809,-5.84025421991,-0.290854647216,-0.0582948926214,-0.120254534856,0.38864726789,0.911643490353
1492808197227833184,0,1492808197217642784,odom,robot_frame,2.52036976901,-5.88909371681,-0.290551378531,-0.0563186389255,-0.123807351221,0.386713859919,0.912114215019
1492808197327854616,0,1492808197319085836,odom,robot_frame,2.50367855713,-5.93771183102,-0.283889180557,-0.054873569665,-0.126779679865,0.385211356876,0.912429731354
1492808197427817085,0,1492808197420624495,odom,robot_frame,2.48590907205,-6.00873861256,-0.292907546833,-0.055203880489,-0.12727156378,0.384537287782,0.912625637892
1492808197527813927,0,1492808197522241354,odom,robot_frame,2.47057489444,-6.05661677024,-0.290551771075,-0.0576824393989,-0.124475744747,0.384455899192,0.91289220981
1492808197627865308,0,1492808197618723154,odom,robot_frame,2.45605103093,-6.10318828078,-0.287993956095,-0.0610205407467,-0.12068643992,0.384333017916,0.913235680515
1492808197727828573,0,1492808197720342159,odom,robot_frame,2.43931164509,-6.15300012187,-0.286555743556,-0.0637594322265,-0.118273328737,0.383866698117,0.913560349724
1492808197827869864,0,1492808197822076082,odom,robot_frame,2.42635109847,-6.21376637009,-0.279700819191,-0.0652703821369,-0.117461633527,0.383166969863,0.913852075049
1492808197927881952,0,1492808197918484449,odom,robot_frame,2.40076563964,-6.22997447339,-0.289003907116,-0.0655449622298,-0.117719743619,0.382287695585,0.914167401351
1492808198027818036,0,1492808198020047426,odom,robot_frame,2.38701890673,-6.28701075944,-0.284605368783,-0.0644848320571,-0.119306281549,0.381319530274,0.914441432487
1492808198127834211,0,1492808198121584415,odom,robot_frame,2.36607019881,-6.32553105606,-0.289706447337,-0.0625792033026,-0.122085933294,0.380288413398,0.914636316161
1492808198227838871,0,1492808198226502895,odom,robot_frame,2.34563959534,-6.3753587561,-0.292989424687,-0.0600463014565,-0.125694350493,0.37913030842,0.914798109515
1492808198327788826,0,1492808198319559574,odom,robot_frame,2.33484260068,-6.41343726129,-0.28790307197,-0.058683032294,-0.128945738155,0.37802138689,0.914892960617
1492808198427840317,0,1492808198421061516,odom,robot_frame,2.31203273742,-6.47387463933,-0.292265123264,-0.0583477722097,-0.130238156072,0.377071316856,0.915123369927
1492808198527828441,0,1492808198523852110,odom,robot_frame,2.29293715957,-6.52620997583,-0.294011427536,-0.0594313044464,-0.128982650113,0.376578191823,0.915434465959
1492808198627839475,0,1492808198619151354,odom,robot_frame,2.28977121949,-6.55320987349,-0.286018104281,-0.060758592846,-0.126004676467,0.376640809048,0.91573626982
1492808198727826733,0,1492808198720738649,odom,robot_frame,2.26945694087,-6.60475723804,-0.289334050608,-0.0624617371755,-0.122099171191,0.376769528145,0.916097727562
1492808198827891733,0,1492808198822468042,odom,robot_frame,2.25161141549,-6.65316792552,-0.290953960905,-0.0635712665244,-0.119909347686,0.376388422692,0.916467237643
1492808198927870348,0,1492808198918910027,odom,robot_frame,2.2358901892,-6.68977928434,-0.297152644378,-0.0634285030634,-0.120788981819,0.375608005325,0.916681773139
1492808199027842194,0,1492808199020489931,odom,robot_frame,2.21934715935,-6.75900389369,-0.282493930413,-0.0621970353401,-0.123775220939,0.374560738437,0.916796311455
1492808199128028611,0,1492808199122115850,odom,robot_frame,2.19839090251,-6.80806161777,-0.293021929775,-0.0611335193797,-0.126407782702,0.373163218297,0.917078501433
1492808199227816774,0,1492808199218545675,odom,robot_frame,2.18397827357,-6.85197205179,-0.290241482247,-0.0603811860524,-0.128583868966,0.371460360282,0.917517030769
1492808199327854310,0,1492808199320093393,odom,robot_frame,2.16803183474,-6.8959485476,-0.287474813247,-0.0599919645637,-0.130554416965,0.369552030761,0.918034751499
1492808199427826969,0,1492808199421782732,odom,robot_frame,2.14870190609,-6.94552902057,-0.287998446761,-0.0602459331308,-0.131376405824,0.367979913121,0.918532226475
1492808199527869570,0,1492808199518239737,odom,robot_frame,2.12583720496,-6.99894011499,-0.291624838886,-0.060767128508,-0.131137870192,0.366875350473,0.918973716876
1492808199627898127,0,1492808199619750738,odom,robot_frame,2.12580856637,-7.01928292054,-0.281954904617,-0.0616506369687,-0.12905728985,0.366363000509,0.919413708162
1492808199727862360,0,1492808199721409559,odom,robot_frame,2.0931096742,-7.08394574895,-0.293275812361,-0.062799647414,-0.125819798623,0.366157788395,0.919866325374
1492808199827845864,0,1492808199817938566,odom,robot_frame,2.08029192603,-7.13146700753,-0.284560392822,-0.0642462715988,-0.122251395419,0.366073617892,0.920281000123
1492808199927859101,0,1492808199919485331,odom,robot_frame,2.05974463991,-7.17882080612,-0.289232562334,-0.0665581803823,-0.117719490339,0.366125825177,0.920686705865
1492808200027879059,0,1492808200020990610,odom,robot_frame,2.03932673579,-7.233640062,-0.289027681438,-0.069211369307,-0.113248353629,0.366206396232,0.921019800068
