%time,field.header.seq,field.header.stamp,field.header.frame_id,field.temperature,field.variance
1492810501576079015,9705,1492810501576787971,/temperature,15.6091451645,0.0
1492810501649405734,9706,1492810501650787971,/temperature,15.6004133224,0.0
1492810501724870128,9707,1492810501724787971,/temperature,15.6091451645,0.0
1492810501799102911,9708,1492810501799787971,/temperature,15.6004133224,0.0
1492810501872551266,9709,1492810501873787971,/temperature,15.6091451645,0.0
1492810501946386410,9710,1492810501947787971,/temperature,15.6091451645,0.0
1492810502021472257,9711,1492810502021787971,/temperature,15.6091451645,0.0
1492810502096051516,9712,1492810502096787971,/temperature,15.6091451645,0.0
1492810502170021484,9713,1492810502170787971,/temperature,15.6178760529,0.0
1492810502243583062,9714,1492810502244787971,/temperature,15.6091451645,0.0
1492810502318577144,9715,1492810502319041965,/temperature,15.6178760529,0.0
1492810502392711268,9716,1492810502394041965,/temperature,15.6091451645,0.0
1492810502467204691,9717,1492810502468041965,/temperature,15.6178760529,0.0
1492810502541663821,9718,1492810502542041965,/temperature,15.6178760529,0.0
1492810502615748086,9719,1492810502616041965,/temperature,15.6178760529,0.0
1492810502689639050,9720,1492810502691041965,/temperature,15.6178760529,0.0
1492810502763566392,9721,1492810502765041965,/temperature,15.6178760529,0.0
1492810502838487814,9722,1492810502839041965,/temperature,15.6178760529,0.0
1492810502912755334,9723,1492810502913041965,/temperature,15.6091451645,0.0
1492810502986414483,9724,1492810502988041965,/temperature,15.6178760529,0.0
1492810503061218122,9725,1492810503062041965,/temperature,15.6266078949,0.0
1492810503135799361,9726,1492810503136041965,/temperature,15.6091451645,0.0
1492810503210350740,9727,1492810503210041965,/temperature,15.6178760529,0.0
1492810503283881976,9728,1492810503285041965,/temperature,15.6091451645,0.0
1492810503357920982,9729,1492810503359041965,/temperature,15.6178760529,0.0
1492810503432452937,9730,1492810503433041965,/temperature,15.6178760529,0.0
1492810503507254597,9731,1492810503508041965,/temperature,15.6178760529,0.0
1492810503581107051,9732,1492810503582041965,/temperature,15.6266078949,0.0
1492810503654881608,9733,1492810503656041965,/temperature,15.6266078949,0.0
1492810503730376146,9734,1492810503730041965,/temperature,15.6266078949,0.0
1492810503803389348,9735,1492810503805041965,/temperature,15.6266078949,0.0
1492810503877858047,9736,1492810503879041965,/temperature,15.6266078949,0.0
1492810503951994175,9737,1492810503953041965,/temperature,15.6178760529,0.0
1492810504026835260,9738,1492810504027041965,/temperature,15.6178760529,0.0
1492810504100505741,9739,1492810504102041965,/temperature,15.6178760529,0.0
1492810504174359356,9740,1492810504176041965,/temperature,15.6178760529,0.0
1492810504248374402,9741,1492810504250041965,/temperature,15.6178760529,0.0
1492810504324417021,9742,1492810504324041965,/temperature,15.6178760529,0.0
1492810504397795668,9743,1492810504399041965,/temperature,15.6178760529,0.0
1492810504471655395,9744,1492810504473041965,/temperature,15.6178760529,0.0
1492810504545578624,9745,1492810504547041965,/temperature,15.6178760529,0.0
1492810504620424356,9746,1492810504621041965,/temperature,15.6178760529,0.0
1492810504694437436,9747,1492810504696041965,/temperature,15.6091451645,0.0
1492810504768952028,9748,1492810504770041965,/temperature,15.6178760529,0.0
1492810504844157957,9749,1492810504843475101,/temperature,15.6091451645,0.0
1492810504917778216,9750,1492810504917475101,/temperature,15.6178760529,0.0
1492810504992100544,9751,1492810504992475101,/temperature,15.6178760529,0.0
1492810505066377993,9752,1492810505066475101,/temperature,15.6178760529,0.0
1492810505140623800,9753,1492810505140475101,/temperature,15.6004133224,0.0
1492810505214914045,9754,1492810505214475101,/temperature,15.6091451645,0.0
1492810505289368515,9755,1492810505289475101,/temperature,15.6091451645,0.0
1492810505362997417,9756,1492810505363475101,/temperature,15.6091451645,0.0
1492810505438337245,9757,1492810505437475101,/temperature,15.6091451645,0.0
1492810505511955274,9758,1492810505511475101,/temperature,15.6091451645,0.0
1492810505585993418,9759,1492810505586475101,/temperature,15.6091451645,0.0
1492810505659766342,9760,1492810505660475101,/temperature,15.6091451645,0.0
1492810505734981664,9761,1492810505734475101,/temperature,15.6004133224,0.0
1492810505809030124,9762,1492810505808475101,/temperature,15.6004133224,0.0
1492810505883091559,9763,1492810505883475101,/temperature,15.6091451645,0.0
1492810505957511245,9764,1492810505957475101,/temperature,15.6004133224,0.0
1492810506032193519,9765,1492810506031475101,/temperature,15.6004133224,0.0
1492810506106137186,9766,1492810506105475101,/temperature,15.6004133224,0.0
1492810506179584452,9767,1492810506180475101,/temperature,15.6091451645,0.0
1492810506254010349,9768,1492810506254475101,/temperature,15.6091451645,0.0
1492810506329051260,9769,1492810506328475101,/temperature,15.6004133224,0.0
1492810506403102379,9770,1492810506403475101,/temperature,15.6004133224,0.0
1492810506477135128,9771,1492810506477475101,/temperature,15.6004133224,0.0
1492810506552200821,9772,1492810506551475101,/temperature,15.6004133224,0.0
1492810506626143826,9773,1492810506625475101,/temperature,15.6004133224,0.0
1492810506699900569,9774,1492810506700475101,/temperature,15.6091451645,0.0
1492810506773594449,9775,1492810506774475101,/temperature,15.6091451645,0.0
1492810506848466866,9776,1492810506848475101,/temperature,15.6004133224,0.0
1492810506923298635,9777,1492810506922475101,/temperature,15.6004133224,0.0
1492810506997306547,9778,1492810506997475101,/temperature,15.6004133224,0.0
1492810507071429950,9779,1492810507071475101,/temperature,15.6091451645,0.0
1492810507145835530,9780,1492810507145475101,/temperature,15.6004133224,0.0
1492810507219718493,9781,1492810507219475101,/temperature,15.5916824341,0.0
1492810507294093247,9782,1492810507294475101,/temperature,15.6091451645,0.0
1492810507368902503,9783,1492810507368792055,/temperature,15.6004133224,0.0
1492810507442806662,9784,1492810507442792055,/temperature,15.6004133224,0.0
1492810507516514784,9785,1492810507517792055,/temperature,15.6004133224,0.0
1492810507590614956,9786,1492810507591792055,/temperature,15.6004133224,0.0
1492810507665757406,9787,1492810507665792055,/temperature,15.6091451645,0.0
1492810507739930294,9788,1492810507739792055,/temperature,15.6178760529,0.0
1492810507813569100,9789,1492810507814792055,/temperature,15.6004133224,0.0
1492810507888247446,9790,1492810507888792055,/temperature,15.6178760529,0.0
1492810507962624041,9791,1492810507962792055,/temperature,15.6091451645,0.0
1492810508036975677,9792,1492810508037792055,/temperature,15.6091451645,0.0
1492810508111333085,9793,1492810508111792055,/temperature,15.6004133224,0.0
1492810508185114860,9794,1492810508185792055,/temperature,15.5916824341,0.0
1492810508260416530,9795,1492810508259792055,/temperature,15.6091451645,0.0
1492810508333539088,9796,1492810508333792055,/temperature,15.6091451645,0.0
1492810508408298547,9797,1492810508408792055,/temperature,15.5916824341,0.0
1492810508483263596,9798,1492810508482792055,/temperature,15.6004133224,0.0
1492810508557259862,9799,1492810508556792055,/temperature,15.6004133224,0.0
1492810508631243267,9800,1492810508631792055,/temperature,15.6004133224,0.0
1492810508704536688,9801,1492810508705792055,/temperature,15.6091451645,0.0
1492810508780336025,9802,1492810508779792055,/temperature,15.6091451645,0.0
1492810508853806188,9803,1492810508853792055,/temperature,15.6004133224,0.0
1492810508928122266,9804,1492810508928792055,/temperature,15.6004133224,0.0
1492810509001583002,9805,1492810509002792055,/temperature,15.5916824341,0.0
1492810509076421687,9806,1492810509076792055,/temperature,15.5916824341,0.0
1492810509150894047,9807,1492810509151792055,/temperature,15.6004133224,0.0
1492810509224703011,9808,1492810509225792055,/temperature,15.582950592,0.0
1492810509300596244,9809,1492810509299792055,/temperature,15.6004133224,0.0
1492810509373815072,9810,1492810509373792055,/temperature,15.5916824341,0.0
1492810509447981658,9811,1492810509448792055,/temperature,15.5916824341,0.0
1492810509521989843,9812,1492810509522792055,/temperature,15.6004133224,0.0
1492810509597404523,9813,1492810509596792055,/temperature,15.6091451645,0.0
1492810509670752194,9814,1492810509670792055,/temperature,15.5916824341,0.0
1492810509744876577,9815,1492810509745792055,/temperature,15.5916824341,0.0
1492810509819001431,9816,1492810509819792055,/temperature,15.6004133224,0.0
1492810509893437462,9817,1492810509893929002,/temperature,15.6004133224,0.0
1492810509967487412,9818,1492810509967929002,/temperature,15.5916824341,0.0
1492810510042283781,9819,1492810510042929002,/temperature,15.6004133224,0.0
1492810510117186477,9820,1492810510116929002,/temperature,15.5742177963,0.0
1492810510191290700,9821,1492810510190929002,/temperature,15.5916824341,0.0
1492810510265238435,9822,1492810510265929002,/temperature,15.6091451645,0.0
1492810510338582046,9823,1492810510339929002,/temperature,15.6004133224,0.0
1492810510414191072,9824,1492810510413929002,/temperature,15.6091451645,0.0
1492810510488286298,9825,1492810510487929002,/temperature,15.582950592,0.0
1492810510561558450,9826,1492810510562929002,/temperature,15.6091451645,0.0
1492810510636481664,9827,1492810510636929002,/temperature,15.6004133224,0.0
1492810510710578505,9828,1492810510710929002,/temperature,15.6004133224,0.0
1492810510784611942,9829,1492810510784929002,/temperature,15.6004133224,0.0
1492810510858600860,9830,1492810510859929002,/temperature,15.5916824341,0.0
1492810510932708943,9831,1492810510933929002,/temperature,15.5916824341,0.0
1492810511008216303,9832,1492810511007929002,/temperature,15.5916824341,0.0
1492810511082276829,9833,1492810511081929002,/temperature,15.6004133224,0.0
1492810511156704366,9834,1492810511156929002,/temperature,15.6091451645,0.0
1492810511230517500,9835,1492810511230929002,/temperature,15.5742177963,0.0
1492810511305048976,9836,1492810511304929002,/temperature,15.5742177963,0.0
1492810511378636563,9837,1492810511379929002,/temperature,15.582950592,0.0
1492810511452981482,9838,1492810511453929002,/temperature,15.5916824341,0.0
1492810511527929621,9839,1492810511527929002,/temperature,15.582950592,0.0
1492810511602036322,9840,1492810511601929002,/temperature,15.5742177963,0.0
1492810511675603896,9841,1492810511676929002,/temperature,15.5742177963,0.0
1492810511751074467,9842,1492810511750929002,/temperature,15.582950592,0.0
1492810511824936024,9843,1492810511824929002,/temperature,15.5916824341,0.0
1492810511898608875,9844,1492810511898929002,/temperature,15.582950592,0.0
1492810511972659191,9845,1492810511973929002,/temperature,15.5742177963,0.0
1492810512047425322,9846,1492810512047929002,/temperature,15.5742177963,0.0
1492810512121874673,9847,1492810512121929002,/temperature,15.5567541122,0.0
1492810512195776631,9848,1492810512195929002,/temperature,15.5742177963,0.0
1492810512270868027,9849,1492810512270929002,/temperature,15.5742177963,0.0
1492810512345037175,9850,1492810512344929002,/temperature,15.5654859543,0.0
1492810512418962486,9851,1492810512419920919,/temperature,15.5567541122,0.0
1492810512492955397,9852,1492810512494920919,/temperature,15.5567541122,0.0
1492810512567565342,9853,1492810512568920919,/temperature,15.5480213165,0.0
1492810512641696042,9854,1492810512642920919,/temperature,15.5654859543,0.0
1492810512715958502,9855,1492810512716920919,/temperature,15.5392885208,0.0
1492810512790320550,9856,1492810512791920919,/temperature,15.5654859543,0.0
1492810512864451770,9857,1492810512865920919,/temperature,15.5567541122,0.0
1492810512939188424,9858,1492810512939920919,/temperature,15.5654859543,0.0
1492810513012886569,9859,1492810513013920919,/temperature,15.5392885208,0.0
1492810513087218115,9860,1492810513088920919,/temperature,15.5480213165,0.0
1492810513161708404,9861,1492810513162920919,/temperature,15.5567541122,0.0
1492810513236406710,9862,1492810513236920919,/temperature,15.5654859543,0.0
1492810513309694532,9863,1492810513311920919,/temperature,15.5218229294,0.0
1492810513383676517,9864,1492810513385920919,/temperature,15.5305557251,0.0
1492810513459316253,9865,1492810513459920919,/temperature,15.5305557251,0.0
1492810513532733573,9866,1492810513533920919,/temperature,15.5218229294,0.0
1492810513606396760,9867,1492810513608920919,/temperature,15.5392885208,0.0
1492810513681572254,9868,1492810513682920919,/temperature,15.5392885208,0.0
1492810513756486412,9869,1492810513756920919,/temperature,15.5305557251,0.0
1492810513829699265,9870,1492810513830920919,/temperature,15.5392885208,0.0
1492810513903478775,9871,1492810513905920919,/temperature,15.51308918,0.0
1492810513978900878,9872,1492810513979920919,/temperature,15.5218229294,0.0
1492810514053233499,9873,1492810514053920919,/temperature,15.51308918,0.0
1492810514127100478,9874,1492810514127920919,/temperature,15.5305557251,0.0
1492810514201087673,9875,1492810514202920919,/temperature,15.51308918,0.0
1492810514275726166,9876,1492810514276920919,/temperature,15.5043563843,0.0
1492810514349396035,9877,1492810514350920919,/temperature,15.4868888855,0.0
1492810514424004575,9878,1492810514425920919,/temperature,15.51308918,0.0
1492810514499081299,9879,1492810514499920919,/temperature,15.5043563843,0.0
1492810514572913672,9880,1492810514573920919,/temperature,15.5043563843,0.0
1492810514646760846,9881,1492810514647920919,/temperature,15.51308918,0.0
1492810514720915360,9882,1492810514722920919,/temperature,15.5218229294,0.0
1492810514795445575,9883,1492810514796920919,/temperature,15.5043563843,0.0
1492810514870236612,9884,1492810514870920919,/temperature,15.5043563843,0.0
1492810514944096079,9885,1492810514945535015,/temperature,15.4956226349,0.0
1492810515017601500,9886,1492810515019535015,/temperature,15.5305557251,0.0
1492810515093249741,9887,1492810515093535015,/temperature,15.5218229294,0.0
1492810515166635434,9888,1492810515167535015,/temperature,15.5218229294,0.0
1492810515241365097,9889,1492810515242535015,/temperature,15.51308918,0.0
1492810515315490016,9890,1492810515316535015,/temperature,15.4956226349,0.0
1492810515389902617,9891,1492810515390535015,/temperature,15.5043563843,0.0
1492810515464069393,9892,1492810515464535015,/temperature,15.51308918,0.0
1492810515537341721,9893,1492810515539535015,/temperature,15.4956226349,0.0
1492810515612966213,9894,1492810515613535015,/temperature,15.4956226349,0.0
1492810515686685771,9895,1492810515687535015,/temperature,15.51308918,0.0
1492810515761183431,9896,1492810515761535015,/temperature,15.5043563843,0.0
1492810515834716464,9897,1492810515836535015,/temperature,15.5043563843,0.0
1492810515910021792,9898,1492810515910535015,/temperature,15.5043563843,0.0
1492810515984065550,9899,1492810515984535015,/temperature,15.51308918,0.0
1492810516058132411,9900,1492810516059535015,/temperature,15.4956226349,0.0
1492810516131746445,9901,1492810516133535015,/temperature,15.51308918,0.0
1492810516206491622,9902,1492810516207535015,/temperature,15.4956226349,0.0
1492810516280572889,9903,1492810516281535015,/temperature,15.4781551361,0.0
1492810516354509687,9904,1492810516356535015,/temperature,15.5043563843,0.0
1492810516429488917,9905,1492810516430535015,/temperature,15.51308918,0.0
1492810516504022005,9906,1492810516504535015,/temperature,15.51308918,0.0
1492810516578141273,9907,1492810516578535015,/temperature,15.5043563843,0.0
1492810516651569086,9908,1492810516653535015,/temperature,15.4956226349,0.0
1492810516727357142,9909,1492810516727535015,/temperature,15.4956226349,0.0
1492810516800639809,9910,1492810516801535015,/temperature,15.4781551361,0.0
1492810516874954214,9911,1492810516875535015,/temperature,15.5043563843,0.0
1492810516949476430,9912,1492810516950535015,/temperature,15.4956226349,0.0
1492810517024448064,9913,1492810517024535015,/temperature,15.4868888855,0.0
1492810517097885789,9914,1492810517098535015,/temperature,15.5043563843,0.0
1492810517171438800,9915,1492810517172535015,/temperature,15.4781551361,0.0
1492810517247427547,9916,1492810517247535015,/temperature,15.51308918,0.0
1492810517320712809,9917,1492810517321535015,/temperature,15.4868888855,0.0
1492810517394780224,9918,1492810517395535015,/temperature,15.5043563843,0.0
1492810517468510461,9919,1492810517470780920,/temperature,15.4868888855,0.0
1492810517544041882,9920,1492810517544780920,/temperature,15.4781551361,0.0
1492810517617422483,9921,1492810517618780920,/temperature,15.4868888855,0.0
1492810517691724547,9922,1492810517692780920,/temperature,15.4694213867,0.0
1492810517767355215,9923,1492810517767780920,/temperature,15.4694213867,0.0
1492810517840380970,9924,1492810517841780920,/temperature,15.4868888855,0.0
1492810517914670946,9925,1492810517915780920,/temperature,15.4694213867,0.0
1492810517989333190,9926,1492810517989780920,/temperature,15.4781551361,0.0
1492810518064008486,9927,1492810518064780920,/temperature,15.4781551361,0.0
1492810518137631450,9928,1492810518138780920,/temperature,15.4868888855,0.0
1492810518212129997,9929,1492810518212780920,/temperature,15.4781551361,0.0
1492810518285607632,9930,1492810518287780920,/temperature,15.4694213867,0.0
1492810518361530470,9931,1492810518361780920,/temperature,15.4868888855,0.0
1492810518434493421,9932,1492810518435780920,/temperature,15.4694213867,0.0
1492810518508825734,9933,1492810518509780920,/temperature,15.4606866837,0.0
1492810518583650708,9934,1492810518584780920,/temperature,15.4694213867,0.0
1492810518658106816,9935,1492810518658780920,/temperature,15.4694213867,0.0
1492810518732146873,9936,1492810518732780920,/temperature,15.4432182312,0.0
1492810518805638778,9937,1492810518806780920,/temperature,15.4344825745,0.0
1492810518881386761,9938,1492810518881780920,/temperature,15.4606866837,0.0
1492810518955025893,9939,1492810518955780920,/temperature,15.4432182312,0.0
1492810519029388279,9940,1492810519029780920,/temperature,15.4432182312,0.0
1492810519103217999,9941,1492810519104780920,/temperature,15.4606866837,0.0
1492810519178258302,9942,1492810519178780920,/temperature,15.4344825745,0.0
1492810519251497296,9943,1492810519252780920,/temperature,15.4606866837,0.0
1492810519325526717,9944,1492810519326780920,/temperature,15.4781551361,0.0
1492810519400970933,9945,1492810519401780920,/temperature,15.4432182312,0.0
1492810519474668033,9946,1492810519475780920,/temperature,15.4257478714,0.0
1492810519549237143,9947,1492810519549780920,/temperature,15.4432182312,0.0
1492810519623165157,9948,1492810519623780920,/temperature,15.4432182312,0.0
1492810519697365563,9949,1492810519698780920,/temperature,15.4432182312,0.0
1492810519771423092,9950,1492810519772780920,/temperature,15.4432182312,0.0
1492810519845649134,9951,1492810519846780920,/temperature,15.4344825745,0.0
1492810519919693348,9952,1492810519920780920,/temperature,15.4344825745,0.0
1492810519994348615,9953,1492810519995700906,/temperature,15.4257478714,0.0
1492810520068781999,9954,1492810520069700906,/temperature,15.4257478714,0.0
1492810520142487295,9955,1492810520143700906,/temperature,15.4519519806,0.0
1492810520217581780,9956,1492810520218700906,/temperature,15.4344825745,0.0
1492810520291858781,9957,1492810520292700906,/temperature,15.4519519806,0.0
1492810520365977013,9958,1492810520366700906,/temperature,15.4170131683,0.0
1492810520439949215,9959,1492810520440700906,/temperature,15.4344825745,0.0
1492810520515120529,9960,1492810520515700906,/temperature,15.3908061981,0.0
1492810520588444637,9961,1492810520589700906,/temperature,15.4170131683,0.0
1492810520662975553,9962,1492810520663700906,/temperature,15.4257478714,0.0
1492810520736420072,9963,1492810520737700906,/temperature,15.4257478714,0.0
1492810520811606797,9964,1492810520812700906,/temperature,15.4432182312,0.0
1492810520886188768,9965,1492810520886700906,/temperature,15.4170131683,0.0
1492810520960030915,9966,1492810520960700906,/temperature,15.4170131683,0.0
1492810521033914617,9967,1492810521034700906,/temperature,15.4257478714,0.0
1492810521108369099,9968,1492810521109700906,/temperature,15.3995418549,0.0
1492810521183348548,9969,1492810521183700906,/temperature,15.4082775116,0.0
1492810521257006842,9970,1492810521257700906,/temperature,15.3908061981,0.0
1492810521332172109,9971,1492810521332700906,/temperature,15.4170131683,0.0
1492810521405926426,9972,1492810521406700906,/temperature,15.3995418549,0.0
1492810521480137444,9973,1492810521480700906,/temperature,15.3995418549,0.0
1492810521554305102,9974,1492810521554700906,/temperature,15.4082775116,0.0
1492810521628898288,9975,1492810521629700906,/temperature,15.3820095062,0.0
1492810521703205688,9976,1492810521703700906,/temperature,15.3908061981,0.0
1492810521777315303,9977,1492810521777700906,/temperature,15.4082775116,0.0
1492810521851735634,9978,1492810521851700906,/temperature,15.3820095062,0.0
1492810521925726937,9979,1492810521926700906,/temperature,15.3908061981,0.0
1492810521999766611,9980,1492810522000700906,/temperature,15.3995418549,0.0
1492810522073551069,9981,1492810522074700906,/temperature,15.4170131683,0.0
1492810522149018737,9982,1492810522149700906,/temperature,15.3908061981,0.0
1492810522222825542,9983,1492810522223700906,/temperature,15.3995418549,0.0
