%time,field.P_vel,field.I_vel,field.D_vel,field.P_pitch,field.I_pitch,field.D_pitch,field.P_yaw,field.I_yaw,field.D_yaw
1492810501555707003,105.0,44.0,17.5,10.0,2.0,50.0,28.0,0.0,50.0
1492810501655855940,105.0,44.0,17.5,10.0,2.0,50.0,28.0,0.0,50.0
1492810501755692524,105.0,44.0,17.5,10.0,2.0,50.0,28.0,0.0,50.0
1492810501855576030,105.0,44.0,17.5,10.0,2.0,50.0,28.0,0.0,50.0
1492810501955686396,105.0,44.0,17.5,10.0,2.0,50.0,28.0,0.0,50.0
1492810502055621805,105.0,44.0,17.5,10.0,2.0,50.0,28.0,0.0,50.0
1492810502155644116,105.0,44.0,17.5,10.0,2.0,50.0,28.0,0.0,50.0
1492810502255786397,105.0,44.0,17.5,10.0,2.0,50.0,28.0,0.0,50.0
1492810502355783200,105.0,44.0,17.5,10.0,2.0,50.0,28.0,0.0,50.0
1492810502455539630,105.0,44.0,17.5,10.0,2.0,50.0,28.0,0.0,50.0
1492810502555945549,105.0,44.0,17.5,10.0,2.0,50.0,28.0,0.0,50.0
1492810502655880717,105.0,44.0,17.5,10.0,2.0,50.0,28.0,0.0,50.0
1492810502755606583,105.0,44.0,17.5,10.0,2.0,50.0,28.0,0.0,50.0
1492810502855672842,105.0,44.0,17.5,10.0,2.0,50.0,28.0,0.0,50.0
1492810502955673961,105.0,44.0,17.5,10.0,2.0,50.0,28.0,0.0,50.0
1492810503055751602,105.0,44.0,17.5,10.0,2.0,50.0,28.0,0.0,50.0
1492810503155713194,105.0,44.0,17.5,10.0,2.0,50.0,28.0,0.0,50.0
1492810503255646265,105.0,44.0,17.5,10.0,2.0,50.0,28.0,0.0,50.0
1492810503355642580,105.0,44.0,17.5,10.0,2.0,50.0,28.0,0.0,50.0
1492810503455988315,105.0,44.0,17.5,10.0,2.0,50.0,28.0,0.0,50.0
1492810503555711993,105.0,44.0,17.5,10.0,2.0,50.0,28.0,0.0,50.0
1492810503655635086,105.0,44.0,17.5,10.0,2.0,50.0,28.0,0.0,50.0
1492810503755912213,105.0,44.0,17.5,10.0,2.0,50.0,28.0,0.0,50.0
1492810503855656763,105.0,44.0,17.5,10.0,2.0,50.0,28.0,0.0,50.0
1492810503955595161,105.0,44.0,17.5,10.0,2.0,50.0,28.0,0.0,50.0
1492810504055581173,105.0,44.0,17.5,10.0,2.0,50.0,28.0,0.0,50.0
1492810504155796638,105.0,44.0,17.5,10.0,2.0,50.0,28.0,0.0,50.0
1492810504255754104,105.0,44.0,17.5,10.0,2.0,50.0,28.0,0.0,50.0
1492810504355627649,105.0,44.0,17.5,10.0,2.0,50.0,28.0,0.0,50.0
1492810504455802221,105.0,44.0,17.5,10.0,2.0,50.0,28.0,0.0,50.0
1492810504555795445,105.0,44.0,17.5,10.0,2.0,50.0,28.0,0.0,50.0
1492810504655558120,105.0,44.0,17.5,10.0,2.0,50.0,28.0,0.0,50.0
1492810504755780735,105.0,44.0,17.5,10.0,2.0,50.0,28.0,0.0,50.0
1492810504855661288,105.0,44.0,17.5,10.0,2.0,50.0,28.0,0.0,50.0
1492810504955637963,105.0,44.0,17.5,10.0,2.0,50.0,28.0,0.0,50.0
1492810505055618554,105.0,44.0,17.5,10.0,2.0,50.0,28.0,0.0,50.0
1492810505155747989,105.0,44.0,17.5,10.0,2.0,50.0,28.0,0.0,50.0
1492810505255695110,105.0,44.0,17.5,10.0,2.0,50.0,28.0,0.0,50.0
1492810505355614975,105.0,44.0,17.5,10.0,2.0,50.0,28.0,0.0,50.0
1492810505455887430,105.0,44.0,17.5,10.0,2.0,50.0,28.0,0.0,50.0
1492810505555639686,105.0,44.0,17.5,10.0,2.0,50.0,28.0,0.0,50.0
1492810505655700423,105.0,44.0,17.5,10.0,2.0,50.0,28.0,0.0,50.0
1492810505755720187,105.0,44.0,17.5,10.0,2.0,50.0,28.0,0.0,50.0
1492810505855638840,105.0,44.0,17.5,10.0,2.0,50.0,28.0,0.0,50.0
1492810505955797930,105.0,44.0,17.5,10.0,2.0,50.0,28.0,0.0,50.0
1492810506055993833,105.0,44.0,17.5,10.0,2.0,50.0,28.0,0.0,50.0
1492810506155574194,105.0,44.0,17.5,10.0,2.0,50.0,28.0,0.0,50.0
1492810506255762348,105.0,44.0,17.5,10.0,2.0,50.0,28.0,0.0,50.0
1492810506355646230,105.0,44.0,17.5,10.0,2.0,50.0,28.0,0.0,50.0
1492810506455591176,105.0,44.0,17.5,10.0,2.0,50.0,28.0,0.0,50.0
1492810506555641065,105.0,44.0,17.5,10.0,2.0,50.0,28.0,0.0,50.0
1492810506655602642,105.0,44.0,17.5,10.0,2.0,50.0,28.0,0.0,50.0
1492810506755604819,105.0,44.0,17.5,10.0,2.0,50.0,28.0,0.0,50.0
1492810506855583517,105.0,44.0,17.5,10.0,2.0,50.0,28.0,0.0,50.0
1492810506955741210,105.0,44.0,17.5,10.0,2.0,50.0,28.0,0.0,50.0
1492810507055679046,105.0,44.0,17.5,10.0,2.0,50.0,28.0,0.0,50.0
1492810507155741135,105.0,44.0,17.5,10.0,2.0,50.0,28.0,0.0,50.0
1492810507255598393,105.0,44.0,17.5,10.0,2.0,50.0,28.0,0.0,50.0
1492810507355636384,105.0,44.0,17.5,10.0,2.0,50.0,28.0,0.0,50.0
1492810507455568978,105.0,44.0,17.5,10.0,2.0,50.0,28.0,0.0,50.0
1492810507555615544,105.0,44.0,17.5,10.0,2.0,50.0,28.0,0.0,50.0
1492810507655598350,105.0,44.0,17.5,10.0,2.0,50.0,28.0,0.0,50.0
1492810507755945618,105.0,44.0,17.5,10.0,2.0,50.0,28.0,0.0,50.0
1492810507855702336,105.0,44.0,17.5,10.0,2.0,50.0,28.0,0.0,50.0
1492810507955577932,105.0,44.0,17.5,10.0,2.0,50.0,28.0,0.0,50.0
1492810508056072901,105.0,44.0,17.5,10.0,2.0,50.0,28.0,0.0,50.0
1492810508155625256,105.0,44.0,17.5,10.0,2.0,50.0,28.0,0.0,50.0
1492810508256040515,105.0,44.0,17.5,10.0,2.0,50.0,28.0,0.0,50.0
1492810508355643843,105.0,44.0,17.5,10.0,2.0,50.0,28.0,0.0,50.0
1492810508455584092,105.0,44.0,17.5,10.0,2.0,50.0,28.0,0.0,50.0
1492810508555711485,105.0,44.0,17.5,10.0,2.0,50.0,28.0,0.0,50.0
1492810508655590046,105.0,44.0,17.5,10.0,2.0,50.0,28.0,0.0,50.0
1492810508755664620,105.0,44.0,17.5,10.0,2.0,50.0,28.0,0.0,50.0
1492810508855643565,105.0,44.0,17.5,10.0,2.0,50.0,28.0,0.0,50.0
1492810508955648922,105.0,44.0,17.5,10.0,2.0,50.0,28.0,0.0,50.0
1492810509055647769,105.0,44.0,17.5,10.0,2.0,50.0,28.0,0.0,50.0
1492810509155642244,105.0,44.0,17.5,10.0,2.0,50.0,28.0,0.0,50.0
1492810509255959983,105.0,44.0,17.5,10.0,2.0,50.0,28.0,0.0,50.0
1492810509355655455,105.0,44.0,17.5,10.0,2.0,50.0,28.0,0.0,50.0
1492810509455671561,105.0,44.0,17.5,10.0,2.0,50.0,28.0,0.0,50.0
1492810509555541610,105.0,44.0,17.5,10.0,2.0,50.0,28.0,0.0,50.0
1492810509655699577,105.0,44.0,17.5,10.0,2.0,50.0,28.0,0.0,50.0
1492810509755642571,105.0,44.0,17.5,10.0,2.0,50.0,28.0,0.0,50.0
1492810509855611955,105.0,44.0,17.5,10.0,2.0,50.0,28.0,0.0,50.0
1492810509955547765,105.0,44.0,17.5,10.0,2.0,50.0,28.0,0.0,50.0
1492810510055543751,105.0,44.0,17.5,10.0,2.0,50.0,28.0,0.0,50.0
1492810510155691718,105.0,44.0,17.5,10.0,2.0,50.0,28.0,0.0,50.0
1492810510255718778,105.0,44.0,17.5,10.0,2.0,50.0,28.0,0.0,50.0
1492810510355709325,105.0,44.0,17.5,10.0,2.0,50.0,28.0,0.0,50.0
1492810510455775112,105.0,44.0,17.5,10.0,2.0,50.0,28.0,0.0,50.0
1492810510555760346,105.0,44.0,17.5,10.0,2.0,50.0,28.0,0.0,50.0
1492810510655579538,105.0,44.0,17.5,10.0,2.0,50.0,28.0,0.0,50.0
1492810510755611863,105.0,44.0,17.5,10.0,2.0,50.0,28.0,0.0,50.0
1492810510855556129,105.0,44.0,17.5,10.0,2.0,50.0,28.0,0.0,50.0
1492810510955651180,105.0,44.0,17.5,10.0,2.0,50.0,28.0,0.0,50.0
1492810511055678487,105.0,44.0,17.5,10.0,2.0,50.0,28.0,0.0,50.0
1492810511155638645,105.0,44.0,17.5,10.0,2.0,50.0,28.0,0.0,50.0
1492810511255838787,105.0,44.0,17.5,10.0,2.0,50.0,28.0,0.0,50.0
1492810511355567303,105.0,44.0,17.5,10.0,2.0,50.0,28.0,0.0,50.0
1492810511455567747,105.0,44.0,17.5,10.0,2.0,50.0,28.0,0.0,50.0
1492810511555687538,105.0,44.0,17.5,10.0,2.0,50.0,28.0,0.0,50.0
1492810511655677734,105.0,44.0,17.5,10.0,2.0,50.0,28.0,0.0,50.0
1492810511755670293,105.0,44.0,17.5,10.0,2.0,50.0,28.0,0.0,50.0
1492810511855711186,105.0,44.0,17.5,10.0,2.0,50.0,28.0,0.0,50.0
1492810511955759899,105.0,44.0,17.5,10.0,2.0,50.0,28.0,0.0,50.0
1492810512055570063,105.0,44.0,17.5,10.0,2.0,50.0,28.0,0.0,50.0
1492810512155580709,105.0,44.0,17.5,10.0,2.0,50.0,28.0,0.0,50.0
1492810512255852938,105.0,44.0,17.5,10.0,2.0,50.0,28.0,0.0,50.0
1492810512355568181,105.0,44.0,17.5,10.0,2.0,50.0,28.0,0.0,50.0
1492810512455648543,105.0,44.0,17.5,10.0,2.0,50.0,28.0,0.0,50.0
1492810512555673250,105.0,44.0,17.5,10.0,2.0,50.0,28.0,0.0,50.0
1492810512655667454,105.0,44.0,17.5,10.0,2.0,50.0,28.0,0.0,50.0
1492810512755637618,105.0,44.0,17.5,10.0,2.0,50.0,28.0,0.0,50.0
1492810512855717393,105.0,44.0,17.5,10.0,2.0,50.0,28.0,0.0,50.0
1492810512955718485,105.0,44.0,17.5,10.0,2.0,50.0,28.0,0.0,50.0
1492810513055732924,105.0,44.0,17.5,10.0,2.0,50.0,28.0,0.0,50.0
1492810513155587683,105.0,44.0,17.5,10.0,2.0,50.0,28.0,0.0,50.0
1492810513255646705,105.0,44.0,17.5,10.0,2.0,50.0,28.0,0.0,50.0
1492810513355638859,105.0,44.0,17.5,10.0,2.0,50.0,28.0,0.0,50.0
1492810513455745191,105.0,44.0,17.5,10.0,2.0,50.0,28.0,0.0,50.0
1492810513555857754,105.0,44.0,17.5,10.0,2.0,50.0,28.0,0.0,50.0
1492810513655588170,105.0,44.0,17.5,10.0,2.0,50.0,28.0,0.0,50.0
1492810513755637195,105.0,44.0,17.5,10.0,2.0,50.0,28.0,0.0,50.0
1492810513855595858,105.0,44.0,17.5,10.0,2.0,50.0,28.0,0.0,50.0
1492810513955603374,105.0,44.0,17.5,10.0,2.0,50.0,28.0,0.0,50.0
1492810514055701699,105.0,44.0,17.5,10.0,2.0,50.0,28.0,0.0,50.0
1492810514155708018,105.0,44.0,17.5,10.0,2.0,50.0,28.0,0.0,50.0
1492810514255611010,105.0,44.0,17.5,10.0,2.0,50.0,28.0,0.0,50.0
1492810514355920398,105.0,44.0,17.5,10.0,2.0,50.0,28.0,0.0,50.0
1492810514455696267,105.0,44.0,17.5,10.0,2.0,50.0,28.0,0.0,50.0
1492810514555750977,105.0,44.0,17.5,10.0,2.0,50.0,28.0,0.0,50.0
1492810514655631671,105.0,44.0,17.5,10.0,2.0,50.0,28.0,0.0,50.0
1492810514755649631,105.0,44.0,17.5,10.0,2.0,50.0,28.0,0.0,50.0
1492810514855737210,105.0,44.0,17.5,10.0,2.0,50.0,28.0,0.0,50.0
1492810514955868532,105.0,44.0,17.5,10.0,2.0,50.0,28.0,0.0,50.0
1492810515055714707,105.0,44.0,17.5,10.0,2.0,50.0,28.0,0.0,50.0
1492810515156075245,105.0,44.0,17.5,10.0,2.0,50.0,28.0,0.0,50.0
1492810515255644608,105.0,44.0,17.5,10.0,2.0,50.0,28.0,0.0,50.0
1492810515355864418,105.0,44.0,17.5,10.0,2.0,50.0,28.0,0.0,50.0
1492810515455640634,105.0,44.0,17.5,10.0,2.0,50.0,28.0,0.0,50.0
1492810515555761372,105.0,44.0,17.5,10.0,2.0,50.0,28.0,0.0,50.0
1492810515655615065,105.0,44.0,17.5,10.0,2.0,50.0,28.0,0.0,50.0
1492810515755875486,105.0,44.0,17.5,10.0,2.0,50.0,28.0,0.0,50.0
1492810515855649563,105.0,44.0,17.5,10.0,2.0,50.0,28.0,0.0,50.0
1492810515955610641,105.0,44.0,17.5,10.0,2.0,50.0,28.0,0.0,50.0
1492810516055637154,105.0,44.0,17.5,10.0,2.0,50.0,28.0,0.0,50.0
1492810516155758898,105.0,44.0,17.5,10.0,2.0,50.0,28.0,0.0,50.0
1492810516255676547,105.0,44.0,17.5,10.0,2.0,50.0,28.0,0.0,50.0
1492810516355657124,105.0,44.0,17.5,10.0,2.0,50.0,28.0,0.0,50.0
1492810516455644734,105.0,44.0,17.5,10.0,2.0,50.0,28.0,0.0,50.0
1492810516555694078,105.0,44.0,17.5,10.0,2.0,50.0,28.0,0.0,50.0
1492810516655567190,105.0,44.0,17.5,10.0,2.0,50.0,28.0,0.0,50.0
1492810516755757818,105.0,44.0,17.5,10.0,2.0,50.0,28.0,0.0,50.0
1492810516855662955,105.0,44.0,17.5,10.0,2.0,50.0,28.0,0.0,50.0
1492810516955721479,105.0,44.0,17.5,10.0,2.0,50.0,28.0,0.0,50.0
1492810517055628365,105.0,44.0,17.5,10.0,2.0,50.0,28.0,0.0,50.0
1492810517155609377,105.0,44.0,17.5,10.0,2.0,50.0,28.0,0.0,50.0
1492810517255574713,105.0,44.0,17.5,10.0,2.0,50.0,28.0,0.0,50.0
1492810517355597993,105.0,44.0,17.5,10.0,2.0,50.0,28.0,0.0,50.0
1492810517455556233,105.0,44.0,17.5,10.0,2.0,50.0,28.0,0.0,50.0
1492810517555676724,105.0,44.0,17.5,10.0,2.0,50.0,28.0,0.0,50.0
1492810517655600797,105.0,44.0,17.5,10.0,2.0,50.0,28.0,0.0,50.0
1492810517755743793,105.0,44.0,17.5,10.0,2.0,50.0,28.0,0.0,50.0
1492810517855585697,105.0,44.0,17.5,10.0,2.0,50.0,28.0,0.0,50.0
1492810517955668188,105.0,44.0,17.5,10.0,2.0,50.0,28.0,0.0,50.0
1492810518055638729,105.0,44.0,17.5,10.0,2.0,50.0,28.0,0.0,50.0
1492810518155819506,105.0,44.0,17.5,10.0,2.0,50.0,28.0,0.0,50.0
1492810518255799616,105.0,44.0,17.5,10.0,2.0,50.0,28.0,0.0,50.0
1492810518355865781,105.0,44.0,17.5,10.0,2.0,50.0,28.0,0.0,50.0
1492810518455680386,105.0,44.0,17.5,10.0,2.0,50.0,28.0,0.0,50.0
1492810518555974226,105.0,44.0,17.5,10.0,2.0,50.0,28.0,0.0,50.0
1492810518655760111,105.0,44.0,17.5,10.0,2.0,50.0,28.0,0.0,50.0
1492810518755834057,105.0,44.0,17.5,10.0,2.0,50.0,28.0,0.0,50.0
1492810518855843930,105.0,44.0,17.5,10.0,2.0,50.0,28.0,0.0,50.0
1492810518955635129,105.0,44.0,17.5,10.0,2.0,50.0,28.0,0.0,50.0
1492810519055845348,105.0,44.0,17.5,10.0,2.0,50.0,28.0,0.0,50.0
1492810519155667247,105.0,44.0,17.5,10.0,2.0,50.0,28.0,0.0,50.0
1492810519255830071,105.0,44.0,17.5,10.0,2.0,50.0,28.0,0.0,50.0
1492810519355752489,105.0,44.0,17.5,10.0,2.0,50.0,28.0,0.0,50.0
1492810519455821672,105.0,44.0,17.5,10.0,2.0,50.0,28.0,0.0,50.0
1492810519556051949,105.0,44.0,17.5,10.0,2.0,50.0,28.0,0.0,50.0
1492810519655666392,105.0,44.0,17.5,10.0,2.0,50.0,28.0,0.0,50.0
1492810519755661047,105.0,44.0,17.5,10.0,2.0,50.0,28.0,0.0,50.0
1492810519855739047,105.0,44.0,17.5,10.0,2.0,50.0,28.0,0.0,50.0
1492810519955652877,105.0,44.0,17.5,10.0,2.0,50.0,28.0,0.0,50.0
1492810520055605160,105.0,44.0,17.5,10.0,2.0,50.0,28.0,0.0,50.0
1492810520155713383,105.0,44.0,17.5,10.0,2.0,50.0,28.0,0.0,50.0
1492810520255655178,105.0,44.0,17.5,10.0,2.0,50.0,28.0,0.0,50.0
1492810520355593624,105.0,44.0,17.5,10.0,2.0,50.0,28.0,0.0,50.0
1492810520455634985,105.0,44.0,17.5,10.0,2.0,50.0,28.0,0.0,50.0
1492810520555617475,105.0,44.0,17.5,10.0,2.0,50.0,28.0,0.0,50.0
1492810520655679832,105.0,44.0,17.5,10.0,2.0,50.0,28.0,0.0,50.0
1492810520755942780,105.0,44.0,17.5,10.0,2.0,50.0,28.0,0.0,50.0
1492810520855741248,105.0,44.0,17.5,10.0,2.0,50.0,28.0,0.0,50.0
1492810520955571224,105.0,44.0,17.5,10.0,2.0,50.0,28.0,0.0,50.0
1492810521056075395,105.0,44.0,17.5,10.0,2.0,50.0,28.0,0.0,50.0
1492810521155706627,105.0,44.0,17.5,10.0,2.0,50.0,28.0,0.0,50.0
1492810521255729094,105.0,44.0,17.5,10.0,2.0,50.0,28.0,0.0,50.0
1492810521355785373,105.0,44.0,17.5,10.0,2.0,50.0,28.0,0.0,50.0
1492810521455845597,105.0,44.0,17.5,10.0,2.0,50.0,28.0,0.0,50.0
1492810521555771718,105.0,44.0,17.5,10.0,2.0,50.0,28.0,0.0,50.0
1492810521655705715,105.0,44.0,17.5,10.0,2.0,50.0,28.0,0.0,50.0
1492810521755824703,105.0,44.0,17.5,10.0,2.0,50.0,28.0,0.0,50.0
1492810521855575740,105.0,44.0,17.5,10.0,2.0,50.0,28.0,0.0,50.0
1492810521955644046,105.0,44.0,17.5,10.0,2.0,50.0,28.0,0.0,50.0
1492810522055631951,105.0,44.0,17.5,10.0,2.0,50.0,28.0,0.0,50.0
1492810522156218692,105.0,44.0,17.5,10.0,2.0,50.0,28.0,0.0,50.0
1492810522255716008,105.0,44.0,17.5,10.0,2.0,50.0,28.0,0.0,50.0
