%time,field.P_vel,field.I_vel,field.D_vel,field.P_pitch,field.I_pitch,field.D_pitch,field.P_yaw,field.I_yaw,field.D_yaw
1492805866955954417,105.0,44.0,17.5,10.0,0.0,50.0,30.0,0.0,50.0
1492805867055702676,105.0,44.0,17.5,10.0,0.0,50.0,30.0,0.0,50.0
1492805867155616145,105.0,44.0,17.5,10.0,0.0,50.0,30.0,0.0,50.0
1492805867255614368,105.0,44.0,17.5,10.0,0.0,50.0,30.0,0.0,50.0
1492805867356131908,105.0,44.0,17.5,10.0,0.0,50.0,30.0,0.0,50.0
1492805867455615814,105.0,44.0,17.5,10.0,0.0,50.0,30.0,0.0,50.0
1492805867555615972,105.0,44.0,17.5,10.0,0.0,50.0,30.0,0.0,50.0
1492805867655571021,105.0,44.0,17.5,10.0,0.0,50.0,30.0,0.0,50.0
1492805867755580626,105.0,44.0,17.5,10.0,0.0,50.0,30.0,0.0,50.0
1492805867855955271,105.0,44.0,17.5,10.0,0.0,50.0,30.0,0.0,50.0
1492805867955591915,105.0,44.0,17.5,10.0,0.0,50.0,30.0,0.0,50.0
1492805868055696582,105.0,44.0,17.5,10.0,0.0,50.0,30.0,0.0,50.0
1492805868155990135,105.0,44.0,17.5,10.0,0.0,50.0,30.0,0.0,50.0
1492805868255737508,105.0,44.0,17.5,10.0,0.0,50.0,30.0,0.0,50.0
1492805868355567079,105.0,44.0,17.5,10.0,0.0,50.0,30.0,0.0,50.0
1492805868455578872,105.0,44.0,17.5,10.0,0.0,50.0,30.0,0.0,50.0
1492805868555630705,105.0,44.0,17.5,10.0,0.0,50.0,30.0,0.0,50.0
1492805868655811173,105.0,44.0,17.5,10.0,0.0,50.0,30.0,0.0,50.0
1492805868755617665,105.0,44.0,17.5,10.0,0.0,50.0,30.0,0.0,50.0
1492805868855658671,105.0,44.0,17.5,10.0,0.0,50.0,30.0,0.0,50.0
1492805868955699577,105.0,44.0,17.5,10.0,0.0,50.0,30.0,0.0,50.0
1492805869055681191,105.0,44.0,17.5,10.0,0.0,50.0,30.0,0.0,50.0
1492805869155651104,105.0,44.0,17.5,10.0,0.0,50.0,30.0,0.0,50.0
1492805869255683527,105.0,44.0,17.5,10.0,0.0,50.0,30.0,0.0,50.0
1492805869355604935,105.0,44.0,17.5,10.0,0.0,50.0,30.0,0.0,50.0
1492805869455654886,105.0,44.0,17.5,10.0,0.0,50.0,30.0,0.0,50.0
1492805869555683985,105.0,44.0,17.5,10.0,0.0,50.0,30.0,0.0,50.0
1492805869655634030,105.0,44.0,17.5,10.0,0.0,50.0,30.0,0.0,50.0
1492805869755606510,105.0,44.0,17.5,10.0,0.0,50.0,30.0,0.0,50.0
1492805869855598556,105.0,44.0,17.5,10.0,0.0,50.0,30.0,0.0,50.0
1492805869955582318,105.0,44.0,17.5,10.0,0.0,50.0,30.0,0.0,50.0
1492805870055547435,105.0,44.0,17.5,10.0,0.0,50.0,30.0,0.0,50.0
1492805870155699493,105.0,44.0,17.5,10.0,0.0,50.0,30.0,0.0,50.0
1492805870255704461,105.0,44.0,17.5,10.0,0.0,50.0,30.0,0.0,50.0
1492805870355641708,105.0,44.0,17.5,10.0,0.0,50.0,30.0,0.0,50.0
1492805870455697518,105.0,44.0,17.5,10.0,0.0,50.0,30.0,0.0,50.0
1492805870555614355,105.0,44.0,17.5,10.0,0.0,50.0,30.0,0.0,50.0
1492805870655600861,105.0,44.0,17.5,10.0,0.0,50.0,30.0,0.0,50.0
1492805870755578116,105.0,44.0,17.5,10.0,0.0,50.0,30.0,0.0,50.0
1492805870855584025,105.0,44.0,17.5,10.0,0.0,50.0,30.0,0.0,50.0
1492805870955685998,105.0,44.0,17.5,10.0,0.0,50.0,30.0,0.0,50.0
1492805871055630852,105.0,44.0,17.5,10.0,0.0,50.0,30.0,0.0,50.0
1492805871155767503,105.0,44.0,17.5,10.0,0.0,50.0,30.0,0.0,50.0
1492805871255720249,105.0,44.0,17.5,10.0,0.0,50.0,30.0,0.0,50.0
1492805871355619445,105.0,44.0,17.5,10.0,0.0,50.0,30.0,0.0,50.0
1492805871455725931,105.0,44.0,17.5,10.0,0.0,50.0,30.0,0.0,50.0
1492805871555565305,105.0,44.0,17.5,10.0,0.0,50.0,30.0,0.0,50.0
1492805871655616998,105.0,44.0,17.5,10.0,0.0,50.0,30.0,0.0,50.0
1492805871755603504,105.0,44.0,17.5,10.0,0.0,50.0,30.0,0.0,50.0
1492805871855674013,105.0,44.0,17.5,10.0,0.0,50.0,30.0,0.0,50.0
1492805871955739279,105.0,44.0,17.5,10.0,0.0,50.0,30.0,0.0,50.0
1492805872055670919,105.0,44.0,17.5,10.0,0.0,50.0,30.0,0.0,50.0
1492805872155615169,105.0,44.0,17.5,10.0,0.0,50.0,30.0,0.0,50.0
1492805872255633190,105.0,44.0,17.5,10.0,0.0,50.0,30.0,0.0,50.0
1492805872355625492,105.0,44.0,17.5,10.0,0.0,50.0,30.0,0.0,50.0
1492805872455691570,105.0,44.0,17.5,10.0,0.0,50.0,30.0,0.0,50.0
1492805872555610563,105.0,44.0,17.5,10.0,0.0,50.0,30.0,0.0,50.0
1492805872655636969,105.0,44.0,17.5,10.0,0.0,50.0,30.0,0.0,50.0
1492805872755591553,105.0,44.0,17.5,10.0,0.0,50.0,30.0,0.0,50.0
1492805872855529405,105.0,44.0,17.5,10.0,0.0,50.0,30.0,0.0,50.0
1492805872955645158,105.0,44.0,17.5,10.0,0.0,50.0,30.0,0.0,50.0
1492805873055678878,105.0,44.0,17.5,10.0,0.0,50.0,30.0,0.0,50.0
1492805873155563257,105.0,44.0,17.5,10.0,0.0,50.0,30.0,0.0,50.0
1492805873255753359,105.0,44.0,17.5,10.0,0.0,50.0,30.0,0.0,50.0
1492805873355642817,105.0,44.0,17.5,10.0,0.0,50.0,30.0,0.0,50.0
1492805873455562852,105.0,44.0,17.5,10.0,0.0,50.0,30.0,0.0,50.0
1492805873555575575,105.0,44.0,17.5,10.0,0.0,50.0,30.0,0.0,50.0
1492805873655571827,105.0,44.0,17.5,10.0,0.0,50.0,30.0,0.0,50.0
1492805873755691968,105.0,44.0,17.5,10.0,0.0,50.0,30.0,0.0,50.0
1492805873855780100,105.0,44.0,17.5,10.0,0.0,50.0,30.0,0.0,50.0
1492805873955553028,105.0,44.0,17.5,10.0,0.0,50.0,30.0,0.0,50.0
1492805874055807623,105.0,44.0,17.5,10.0,0.0,50.0,30.0,0.0,50.0
1492805874155557222,105.0,44.0,17.5,10.0,0.0,50.0,30.0,0.0,50.0
1492805874255811778,105.0,44.0,17.5,10.0,0.0,50.0,30.0,0.0,50.0
1492805874355639190,105.0,44.0,17.5,10.0,0.0,50.0,30.0,0.0,50.0
1492805874455778024,105.0,44.0,17.5,10.0,0.0,50.0,30.0,0.0,50.0
1492805874555647898,105.0,44.0,17.5,10.0,0.0,50.0,30.0,0.0,50.0
1492805874655715954,105.0,44.0,17.5,10.0,0.0,50.0,30.0,0.0,50.0
1492805874755629439,105.0,44.0,17.5,10.0,0.0,50.0,30.0,0.0,50.0
1492805874855609999,105.0,44.0,17.5,10.0,0.0,50.0,30.0,0.0,50.0
1492805874955733531,105.0,44.0,17.5,10.0,0.0,50.0,30.0,0.0,50.0
1492805875055859968,105.0,44.0,17.5,10.0,0.0,50.0,30.0,0.0,50.0
1492805875155709407,105.0,44.0,17.5,10.0,0.0,50.0,30.0,0.0,50.0
1492805875255642991,105.0,44.0,17.5,10.0,0.0,50.0,30.0,0.0,50.0
1492805875355605654,105.0,44.0,17.5,10.0,0.0,50.0,30.0,0.0,50.0
1492805875455625762,105.0,44.0,17.5,10.0,0.0,50.0,30.0,0.0,50.0
1492805875555640687,105.0,44.0,17.5,10.0,0.0,50.0,30.0,0.0,50.0
1492805875655729125,105.0,44.0,17.5,10.0,0.0,50.0,30.0,0.0,50.0
1492805875755548891,105.0,44.0,17.5,10.0,0.0,50.0,30.0,0.0,50.0
1492805875855627031,105.0,44.0,17.5,10.0,0.0,50.0,30.0,0.0,50.0
1492805875955741948,105.0,44.0,17.5,10.0,0.0,50.0,30.0,0.0,50.0
1492805876055607960,105.0,44.0,17.5,10.0,0.0,50.0,30.0,0.0,50.0
1492805876155703783,105.0,44.0,17.5,10.0,0.0,50.0,30.0,0.0,50.0
1492805876255690778,105.0,44.0,17.5,10.0,0.0,50.0,30.0,0.0,50.0
1492805876355582553,105.0,44.0,17.5,10.0,0.0,50.0,30.0,0.0,50.0
1492805876455602909,105.0,44.0,17.5,10.0,0.0,50.0,30.0,0.0,50.0
1492805876555632740,105.0,44.0,17.5,10.0,0.0,50.0,30.0,0.0,50.0
1492805876655601255,105.0,44.0,17.5,10.0,0.0,50.0,30.0,0.0,50.0
1492805876755688228,105.0,44.0,17.5,10.0,0.0,50.0,30.0,0.0,50.0
1492805876855647381,105.0,44.0,17.5,10.0,0.0,50.0,30.0,0.0,50.0
1492805876955662382,105.0,44.0,17.5,10.0,0.0,50.0,30.0,0.0,50.0
1492805877055716721,105.0,44.0,17.5,10.0,0.0,50.0,30.0,0.0,50.0
1492805877155641628,105.0,44.0,17.5,10.0,0.0,50.0,30.0,0.0,50.0
1492805877255744796,105.0,44.0,17.5,10.0,0.0,50.0,30.0,0.0,50.0
1492805877355602310,105.0,44.0,17.5,10.0,0.0,50.0,30.0,0.0,50.0
1492805877455480211,105.0,44.0,17.5,10.0,0.0,50.0,30.0,0.0,50.0
1492805877555662243,105.0,44.0,17.5,10.0,0.0,50.0,30.0,0.0,50.0
1492805877655609556,105.0,44.0,17.5,10.0,0.0,50.0,30.0,0.0,50.0
1492805877755740562,105.0,44.0,17.5,10.0,0.0,50.0,30.0,0.0,50.0
1492805877855621740,105.0,44.0,17.5,10.0,0.0,50.0,30.0,0.0,50.0
1492805877955746713,105.0,44.0,17.5,10.0,0.0,50.0,30.0,0.0,50.0
1492805878055757521,105.0,44.0,17.5,10.0,0.0,50.0,30.0,0.0,50.0
1492805878155591613,105.0,44.0,17.5,10.0,0.0,50.0,30.0,0.0,50.0
1492805878255646285,105.0,44.0,17.5,10.0,0.0,50.0,30.0,0.0,50.0
1492805878355780404,105.0,44.0,17.5,10.0,0.0,50.0,30.0,0.0,50.0
1492805878455547722,105.0,44.0,17.5,10.0,0.0,50.0,30.0,0.0,50.0
1492805878555580319,105.0,44.0,17.5,10.0,0.0,50.0,30.0,0.0,50.0
1492805878655662103,105.0,44.0,17.5,10.0,0.0,50.0,30.0,0.0,50.0
1492805878755659698,105.0,44.0,17.5,10.0,0.0,50.0,30.0,0.0,50.0
1492805878855694984,105.0,44.0,17.5,10.0,0.0,50.0,30.0,0.0,50.0
1492805878955708621,105.0,44.0,17.5,10.0,0.0,50.0,30.0,0.0,50.0
1492805879055610741,105.0,44.0,17.5,10.0,0.0,50.0,30.0,0.0,50.0
1492805879155760967,105.0,44.0,17.5,10.0,0.0,50.0,30.0,0.0,50.0
1492805879255601375,105.0,44.0,17.5,10.0,0.0,50.0,30.0,0.0,50.0
1492805879355753544,105.0,44.0,17.5,10.0,0.0,50.0,30.0,0.0,50.0
1492805879455777346,105.0,44.0,17.5,10.0,0.0,50.0,30.0,0.0,50.0
1492805879555674549,105.0,44.0,17.5,10.0,0.0,50.0,30.0,0.0,50.0
1492805879655671011,105.0,44.0,17.5,10.0,0.0,50.0,30.0,0.0,50.0
1492805879755627975,105.0,44.0,17.5,10.0,0.0,50.0,30.0,0.0,50.0
1492805879855612822,105.0,44.0,17.5,10.0,0.0,50.0,30.0,0.0,50.0
1492805879955707164,105.0,44.0,17.5,10.0,0.0,50.0,30.0,0.0,50.0
1492805880055808902,105.0,44.0,17.5,10.0,0.0,50.0,30.0,0.0,50.0
1492805880155635314,105.0,44.0,17.5,10.0,0.0,50.0,30.0,0.0,50.0
1492805880255620560,105.0,44.0,17.5,10.0,0.0,50.0,30.0,0.0,50.0
1492805880355662611,105.0,44.0,17.5,10.0,0.0,50.0,30.0,0.0,50.0
1492805880455574818,105.0,44.0,17.5,10.0,0.0,50.0,30.0,0.0,50.0
1492805880555633924,105.0,44.0,17.5,10.0,0.0,50.0,30.0,0.0,50.0
1492805880655634492,105.0,44.0,17.5,10.0,0.0,50.0,30.0,0.0,50.0
1492805880755708173,105.0,44.0,17.5,10.0,0.0,50.0,30.0,0.0,50.0
1492805880855620817,105.0,44.0,17.5,10.0,0.0,50.0,30.0,0.0,50.0
1492805880955734111,105.0,44.0,17.5,10.0,0.0,50.0,30.0,0.0,50.0
1492805881055606653,105.0,44.0,17.5,10.0,0.0,50.0,30.0,0.0,50.0
1492805881155675119,105.0,44.0,17.5,10.0,0.0,50.0,30.0,0.0,50.0
1492805881255623257,105.0,44.0,17.5,10.0,0.0,50.0,30.0,0.0,50.0
1492805881355749981,105.0,44.0,17.5,10.0,0.0,50.0,30.0,0.0,50.0
1492805881455734272,105.0,44.0,17.5,10.0,0.0,50.0,30.0,0.0,50.0
1492805881555584519,105.0,44.0,17.5,10.0,0.0,50.0,30.0,0.0,50.0
1492805881655629203,105.0,44.0,17.5,10.0,0.0,50.0,30.0,0.0,50.0
1492805881755650703,105.0,44.0,17.5,10.0,0.0,50.0,30.0,0.0,50.0
1492805881855606631,105.0,44.0,17.5,10.0,0.0,50.0,30.0,0.0,50.0
1492805881955565770,105.0,44.0,17.5,10.0,0.0,50.0,30.0,0.0,50.0
1492805882055588544,105.0,44.0,17.5,10.0,0.0,50.0,30.0,0.0,50.0
1492805882155567199,105.0,44.0,17.5,10.0,0.0,50.0,30.0,0.0,50.0
1492805882255667986,105.0,44.0,17.5,10.0,0.0,50.0,30.0,0.0,50.0
1492805882355578132,105.0,44.0,17.5,10.0,0.0,50.0,30.0,0.0,50.0
1492805882455609947,105.0,44.0,17.5,10.0,0.0,50.0,30.0,0.0,50.0
1492805882555658763,105.0,44.0,17.5,10.0,0.0,50.0,30.0,0.0,50.0
1492805882655957132,105.0,44.0,17.5,10.0,0.0,50.0,30.0,0.0,50.0
1492805882755607786,105.0,44.0,17.5,10.0,0.0,50.0,30.0,0.0,50.0
1492805882855709681,105.0,44.0,17.5,10.0,0.0,50.0,30.0,0.0,50.0
1492805882955787175,105.0,44.0,17.5,10.0,0.0,50.0,30.0,0.0,50.0
1492805883055679608,105.0,44.0,17.5,10.0,0.0,50.0,30.0,0.0,50.0
1492805883155625326,105.0,44.0,17.5,10.0,0.0,50.0,30.0,0.0,50.0
1492805883255715504,105.0,44.0,17.5,10.0,0.0,50.0,30.0,0.0,50.0
1492805883355624000,105.0,44.0,17.5,10.0,0.0,50.0,30.0,0.0,50.0
1492805883455576782,105.0,44.0,17.5,10.0,0.0,50.0,30.0,0.0,50.0
1492805883555628192,105.0,44.0,17.5,10.0,0.0,50.0,30.0,0.0,50.0
1492805883655613360,105.0,44.0,17.5,10.0,0.0,50.0,30.0,0.0,50.0
1492805883755649682,105.0,44.0,17.5,10.0,0.0,50.0,30.0,0.0,50.0
1492805883855596900,105.0,44.0,17.5,10.0,0.0,50.0,30.0,0.0,50.0
1492805883955924548,105.0,44.0,17.5,10.0,0.0,50.0,30.0,0.0,50.0
1492805884055626624,105.0,44.0,17.5,10.0,0.0,50.0,30.0,0.0,50.0
1492805884155654234,105.0,44.0,17.5,10.0,0.0,50.0,30.0,0.0,50.0
1492805884255829602,105.0,44.0,17.5,10.0,0.0,50.0,30.0,0.0,50.0
1492805884355625239,105.0,44.0,17.5,10.0,0.0,50.0,30.0,0.0,50.0
1492805884455598972,105.0,44.0,17.5,10.0,0.0,50.0,30.0,0.0,50.0
1492805884555622079,105.0,44.0,17.5,10.0,0.0,50.0,30.0,0.0,50.0
1492805884655628985,105.0,44.0,17.5,10.0,0.0,50.0,30.0,0.0,50.0
1492805884755643659,105.0,44.0,17.5,10.0,0.0,50.0,30.0,0.0,50.0
1492805884855657810,105.0,44.0,17.5,10.0,0.0,50.0,30.0,0.0,50.0
1492805884955742044,105.0,44.0,17.5,10.0,0.0,50.0,30.0,0.0,50.0
1492805885055761040,105.0,44.0,17.5,10.0,0.0,50.0,30.0,0.0,50.0
1492805885155640195,105.0,44.0,17.5,10.0,0.0,50.0,30.0,0.0,50.0
1492805885255758940,105.0,44.0,17.5,10.0,0.0,50.0,30.0,0.0,50.0
1492805885355710557,105.0,44.0,17.5,10.0,0.0,50.0,30.0,0.0,50.0
1492805885455625769,105.0,44.0,17.5,10.0,0.0,50.0,30.0,0.0,50.0
1492805885555585090,105.0,44.0,17.5,10.0,0.0,50.0,30.0,0.0,50.0
1492805885655698125,105.0,44.0,17.5,10.0,0.0,50.0,30.0,0.0,50.0
1492805885755717718,105.0,44.0,17.5,10.0,0.0,50.0,30.0,0.0,50.0
1492805885855605702,105.0,44.0,17.5,10.0,0.0,50.0,30.0,0.0,50.0
1492805885955655774,105.0,44.0,17.5,10.0,0.0,50.0,30.0,0.0,50.0
1492805886055628630,105.0,44.0,17.5,10.0,0.0,50.0,30.0,0.0,50.0
1492805886155555480,105.0,44.0,17.5,10.0,0.0,50.0,30.0,0.0,50.0
1492805886255614687,105.0,44.0,17.5,10.0,0.0,50.0,30.0,0.0,50.0
1492805886355605646,105.0,44.0,17.5,10.0,0.0,50.0,30.0,0.0,50.0
1492805886455692459,105.0,44.0,17.5,10.0,0.0,50.0,30.0,0.0,50.0
1492805886555591128,105.0,44.0,17.5,10.0,0.0,50.0,30.0,0.0,50.0
1492805886655592449,105.0,44.0,17.5,10.0,0.0,50.0,30.0,0.0,50.0
1492805886755694112,105.0,44.0,17.5,10.0,0.0,50.0,30.0,0.0,50.0
1492805886855657855,105.0,44.0,17.5,10.0,0.0,50.0,30.0,0.0,50.0
1492805886955628948,105.0,44.0,17.5,10.0,0.0,50.0,30.0,0.0,50.0
1492805887055586695,105.0,44.0,17.5,10.0,0.0,50.0,30.0,0.0,50.0
1492805887155655029,105.0,44.0,17.5,10.0,0.0,50.0,30.0,0.0,50.0
1492805887255609846,105.0,44.0,17.5,10.0,0.0,50.0,30.0,0.0,50.0
1492805887355639305,105.0,44.0,17.5,10.0,0.0,50.0,30.0,0.0,50.0
1492805887455743925,105.0,44.0,17.5,10.0,0.0,50.0,30.0,0.0,50.0
1492805887555578970,105.0,44.0,17.5,10.0,0.0,50.0,30.0,0.0,50.0
1492805887655604975,105.0,44.0,17.5,10.0,0.0,50.0,30.0,0.0,50.0
1492805887755606446,105.0,44.0,17.5,10.0,0.0,50.0,30.0,0.0,50.0
1492805887855621746,105.0,44.0,17.5,10.0,0.0,50.0,30.0,0.0,50.0
1492805887955749296,105.0,44.0,17.5,10.0,0.0,50.0,30.0,0.0,50.0
1492805888055846508,105.0,44.0,17.5,10.0,0.0,50.0,30.0,0.0,50.0
1492805888155667604,105.0,44.0,17.5,10.0,0.0,50.0,30.0,0.0,50.0
1492805888255755213,105.0,44.0,17.5,10.0,0.0,50.0,30.0,0.0,50.0
1492805888355638088,105.0,44.0,17.5,10.0,0.0,50.0,30.0,0.0,50.0
1492805888455575518,105.0,44.0,17.5,10.0,0.0,50.0,30.0,0.0,50.0
1492805888555715399,105.0,44.0,17.5,10.0,0.0,50.0,30.0,0.0,50.0
1492805888655719453,105.0,44.0,17.5,10.0,0.0,50.0,30.0,0.0,50.0
1492805888755735294,105.0,44.0,17.5,10.0,0.0,50.0,30.0,0.0,50.0
1492805888855630554,105.0,44.0,17.5,10.0,0.0,50.0,30.0,0.0,50.0
1492805888955638630,105.0,44.0,17.5,10.0,0.0,50.0,30.0,0.0,50.0
1492805889055744921,105.0,44.0,17.5,10.0,0.0,50.0,30.0,0.0,50.0
1492805889155746808,105.0,44.0,17.5,10.0,0.0,50.0,30.0,0.0,50.0
1492805889255739911,105.0,44.0,17.5,10.0,0.0,50.0,30.0,0.0,50.0
1492805889355776535,105.0,44.0,17.5,10.0,0.0,50.0,30.0,0.0,50.0
1492805889455933618,105.0,44.0,17.5,10.0,0.0,50.0,30.0,0.0,50.0
1492805889555581603,105.0,44.0,17.5,10.0,0.0,50.0,30.0,0.0,50.0
1492805889655592284,105.0,44.0,17.5,10.0,0.0,50.0,30.0,0.0,50.0
1492805889755689111,105.0,44.0,17.5,10.0,0.0,50.0,30.0,0.0,50.0
1492805889855747794,105.0,44.0,17.5,10.0,0.0,50.0,30.0,0.0,50.0
1492805889955687766,105.0,44.0,17.5,10.0,0.0,50.0,30.0,0.0,50.0
1492805890055818595,105.0,44.0,17.5,10.0,0.0,50.0,30.0,0.0,50.0
1492805890155601736,105.0,44.0,17.5,10.0,0.0,50.0,30.0,0.0,50.0
1492805890255645984,105.0,44.0,17.5,10.0,0.0,50.0,30.0,0.0,50.0
1492805890355685709,105.0,44.0,17.5,10.0,0.0,50.0,30.0,0.0,50.0
1492805890455594256,105.0,44.0,17.5,10.0,0.0,50.0,30.0,0.0,50.0
1492805890555847601,105.0,44.0,17.5,10.0,0.0,50.0,30.0,0.0,50.0
1492805890655607078,105.0,44.0,17.5,10.0,0.0,50.0,30.0,0.0,50.0
1492805890755621288,105.0,44.0,17.5,10.0,0.0,50.0,30.0,0.0,50.0
1492805890855688981,105.0,44.0,17.5,10.0,0.0,50.0,30.0,0.0,50.0
1492805890955621898,105.0,44.0,17.5,10.0,0.0,50.0,30.0,0.0,50.0
1492805891055763006,105.0,44.0,17.5,10.0,0.0,50.0,30.0,0.0,50.0
1492805891155557834,105.0,44.0,17.5,10.0,0.0,50.0,30.0,0.0,50.0
1492805891255593698,105.0,44.0,17.5,10.0,0.0,50.0,30.0,0.0,50.0
1492805891355620793,105.0,44.0,17.5,10.0,0.0,50.0,30.0,0.0,50.0
1492805891455610987,105.0,44.0,17.5,10.0,0.0,50.0,30.0,0.0,50.0
1492805891555715868,105.0,44.0,17.5,10.0,0.0,50.0,30.0,0.0,50.0
1492805891655682761,105.0,44.0,17.5,10.0,0.0,50.0,30.0,0.0,50.0
1492805891755630285,105.0,44.0,17.5,10.0,0.0,50.0,30.0,0.0,50.0
1492805891855561048,105.0,44.0,17.5,10.0,0.0,50.0,30.0,0.0,50.0
1492805891955679040,105.0,44.0,17.5,10.0,0.0,50.0,30.0,0.0,50.0
1492805892055754217,105.0,44.0,17.5,10.0,0.0,50.0,30.0,0.0,50.0
1492805892155629287,105.0,44.0,17.5,10.0,0.0,50.0,30.0,0.0,50.0
1492805892255580736,105.0,44.0,17.5,10.0,0.0,50.0,30.0,0.0,50.0
1492805892355705389,105.0,44.0,17.5,10.0,0.0,50.0,30.0,0.0,50.0
1492805892455702745,105.0,44.0,17.5,10.0,0.0,50.0,30.0,0.0,50.0
1492805892555581373,105.0,44.0,17.5,10.0,0.0,50.0,30.0,0.0,50.0
1492805892655562682,105.0,44.0,17.5,10.0,0.0,50.0,30.0,0.0,50.0
1492805892755567260,105.0,44.0,17.5,10.0,0.0,50.0,30.0,0.0,50.0
1492805892855655989,105.0,44.0,17.5,10.0,0.0,50.0,30.0,0.0,50.0
1492805892955668180,105.0,44.0,17.5,10.0,0.0,50.0,30.0,0.0,50.0
1492805893055950670,105.0,44.0,17.5,10.0,0.0,50.0,30.0,0.0,50.0
1492805893155642490,105.0,44.0,17.5,10.0,0.0,50.0,30.0,0.0,50.0
1492805893255888298,105.0,44.0,17.5,10.0,0.0,50.0,30.0,0.0,50.0
1492805893355751371,105.0,44.0,17.5,10.0,0.0,50.0,30.0,0.0,50.0
1492805893455592838,105.0,44.0,17.5,10.0,0.0,50.0,30.0,0.0,50.0
1492805893555786860,105.0,44.0,17.5,10.0,0.0,50.0,30.0,0.0,50.0
1492805893655551080,105.0,44.0,17.5,10.0,0.0,50.0,30.0,0.0,50.0
1492805893755622090,105.0,44.0,17.5,10.0,0.0,50.0,30.0,0.0,50.0
1492805893855602326,105.0,44.0,17.5,10.0,0.0,50.0,30.0,0.0,50.0
1492805893955882470,105.0,44.0,17.5,10.0,0.0,50.0,30.0,0.0,50.0
1492805894055646531,105.0,44.0,17.5,10.0,0.0,50.0,30.0,0.0,50.0
1492805894155593457,105.0,44.0,17.5,10.0,0.0,50.0,30.0,0.0,50.0
1492805894255617871,105.0,44.0,17.5,10.0,0.0,50.0,30.0,0.0,50.0
1492805894355937493,105.0,44.0,17.5,10.0,0.0,50.0,30.0,0.0,50.0
1492805894455636947,105.0,44.0,17.5,10.0,0.0,50.0,30.0,0.0,50.0
1492805894555667410,105.0,44.0,17.5,10.0,0.0,50.0,30.0,0.0,50.0
1492805894655609287,105.0,44.0,17.5,10.0,0.0,50.0,30.0,0.0,50.0
1492805894755620340,105.0,44.0,17.5,10.0,0.0,50.0,30.0,0.0,50.0
1492805894855687320,105.0,44.0,17.5,10.0,0.0,50.0,30.0,0.0,50.0
1492805894955651131,105.0,44.0,17.5,10.0,0.0,50.0,30.0,0.0,50.0
1492805895055633128,105.0,44.0,17.5,10.0,0.0,50.0,30.0,0.0,50.0
1492805895155573390,105.0,44.0,17.5,10.0,0.0,50.0,30.0,0.0,50.0
1492805895255666834,105.0,44.0,17.5,10.0,0.0,50.0,30.0,0.0,50.0
1492805895355571549,105.0,44.0,17.5,10.0,0.0,50.0,30.0,0.0,50.0
1492805895455610275,105.0,44.0,17.5,10.0,0.0,50.0,30.0,0.0,50.0
1492805895555941835,105.0,44.0,17.5,10.0,0.0,50.0,30.0,0.0,50.0
1492805895655866219,105.0,44.0,17.5,10.0,0.0,50.0,30.0,0.0,50.0
1492805895755518025,105.0,44.0,17.5,10.0,0.0,50.0,30.0,0.0,50.0
1492805895855552093,105.0,44.0,17.5,10.0,0.0,50.0,30.0,0.0,50.0
1492805895955748826,105.0,44.0,17.5,10.0,0.0,50.0,30.0,0.0,50.0
1492805896055653142,105.0,44.0,17.5,10.0,0.0,50.0,30.0,0.0,50.0
1492805896155708730,105.0,44.0,17.5,10.0,0.0,50.0,30.0,0.0,50.0
1492805896255544872,105.0,44.0,17.5,10.0,0.0,50.0,30.0,0.0,50.0
1492805896355550688,105.0,44.0,17.5,10.0,0.0,50.0,30.0,0.0,50.0
1492805896455581381,105.0,44.0,17.5,10.0,0.0,50.0,30.0,0.0,50.0
1492805896555709897,105.0,44.0,17.5,10.0,0.0,50.0,30.0,0.0,50.0
1492805896655698878,105.0,44.0,17.5,10.0,0.0,50.0,30.0,0.0,50.0
1492805896755584102,105.0,44.0,17.5,10.0,0.0,50.0,30.0,0.0,50.0
1492805896855760859,105.0,44.0,17.5,10.0,0.0,50.0,30.0,0.0,50.0
1492805896955609052,105.0,44.0,17.5,10.0,0.0,50.0,30.0,0.0,50.0
1492805897055633830,105.0,44.0,17.5,10.0,0.0,50.0,30.0,0.0,50.0
1492805897155690817,105.0,44.0,17.5,10.0,0.0,50.0,30.0,0.0,50.0
1492805897255605884,105.0,44.0,17.5,10.0,0.0,50.0,30.0,0.0,50.0
1492805897355588904,105.0,44.0,17.5,10.0,0.0,50.0,30.0,0.0,50.0
1492805897455603390,105.0,44.0,17.5,10.0,0.0,50.0,30.0,0.0,50.0
1492805897555741448,105.0,44.0,17.5,10.0,0.0,50.0,30.0,0.0,50.0
1492805897655570860,105.0,44.0,17.5,10.0,0.0,50.0,30.0,0.0,50.0
1492805897755559912,105.0,44.0,17.5,10.0,0.0,50.0,30.0,0.0,50.0
1492805897855877011,105.0,44.0,17.5,10.0,0.0,50.0,30.0,0.0,50.0
1492805897955622828,105.0,44.0,17.5,10.0,0.0,50.0,30.0,0.0,50.0
1492805898055535095,105.0,44.0,17.5,10.0,0.0,50.0,30.0,0.0,50.0
1492805898155759123,105.0,44.0,17.5,10.0,0.0,50.0,30.0,0.0,50.0
1492805898255704130,105.0,44.0,17.5,10.0,0.0,50.0,30.0,0.0,50.0
1492805898355594198,105.0,44.0,17.5,10.0,0.0,50.0,30.0,0.0,50.0
1492805898455641545,105.0,44.0,17.5,10.0,0.0,50.0,30.0,0.0,50.0
1492805898555714629,105.0,44.0,17.5,10.0,0.0,50.0,30.0,0.0,50.0
1492805898655653943,105.0,44.0,17.5,10.0,0.0,50.0,30.0,0.0,50.0
1492805898755677111,105.0,44.0,17.5,10.0,0.0,50.0,30.0,0.0,50.0
1492805898855654218,105.0,44.0,17.5,10.0,0.0,50.0,30.0,0.0,50.0
1492805898955719695,105.0,44.0,17.5,10.0,0.0,50.0,30.0,0.0,50.0
1492805899055559474,105.0,44.0,17.5,10.0,0.0,50.0,30.0,0.0,50.0
1492805899155594735,105.0,44.0,17.5,10.0,0.0,50.0,30.0,0.0,50.0
1492805899255764279,105.0,44.0,17.5,10.0,0.0,50.0,30.0,0.0,50.0
1492805899355736495,105.0,44.0,17.5,10.0,0.0,50.0,30.0,0.0,50.0
1492805899455560885,105.0,44.0,17.5,10.0,0.0,50.0,30.0,0.0,50.0
1492805899555700985,105.0,44.0,17.5,10.0,0.0,50.0,30.0,0.0,50.0
1492805899655709072,105.0,44.0,17.5,10.0,0.0,50.0,30.0,0.0,50.0
1492805899755711068,105.0,44.0,17.5,10.0,0.0,50.0,30.0,0.0,50.0
1492805899855544224,105.0,44.0,17.5,10.0,0.0,50.0,30.0,0.0,50.0
1492805899955630226,105.0,44.0,17.5,10.0,0.0,50.0,30.0,0.0,50.0
1492805900055785905,105.0,44.0,17.5,10.0,0.0,50.0,30.0,0.0,50.0
1492805900155785909,105.0,44.0,17.5,10.0,0.0,50.0,30.0,0.0,50.0
1492805900255710422,105.0,44.0,17.5,10.0,0.0,50.0,30.0,0.0,50.0
1492805900355589278,105.0,44.0,17.5,10.0,0.0,50.0,30.0,0.0,50.0
1492805900455682066,105.0,44.0,17.5,10.0,0.0,50.0,30.0,0.0,50.0
1492805900555688739,105.0,44.0,17.5,10.0,0.0,50.0,30.0,0.0,50.0
1492805900655624142,105.0,44.0,17.5,10.0,0.0,50.0,30.0,0.0,50.0
1492805900755713722,105.0,44.0,17.5,10.0,0.0,50.0,30.0,0.0,50.0
1492805900855680552,105.0,44.0,17.5,10.0,0.0,50.0,30.0,0.0,50.0
1492805900955916889,105.0,44.0,17.5,10.0,0.0,50.0,30.0,0.0,50.0
1492805901055805589,105.0,44.0,17.5,10.0,0.0,50.0,30.0,0.0,50.0
1492805901155678483,105.0,44.0,17.5,10.0,0.0,50.0,30.0,0.0,50.0
1492805901255651936,105.0,44.0,17.5,10.0,0.0,50.0,30.0,0.0,50.0
1492805901355574810,105.0,44.0,17.5,10.0,0.0,50.0,30.0,0.0,50.0
1492805901455736930,105.0,44.0,17.5,10.0,0.0,50.0,30.0,0.0,50.0
1492805901555589493,105.0,44.0,17.5,10.0,0.0,50.0,30.0,0.0,50.0
1492805901655677185,105.0,44.0,17.5,10.0,0.0,50.0,30.0,0.0,50.0
