%time,field.data
1492805866956263301,0.0
1492805867056134290,0.0
1492805867156107459,0.0
1492805867255976819,0.0
1492805867356314158,0.0
1492805867456042636,0.0
1492805867556001934,0.0
1492805867656077358,0.0
1492805867755969523,0.0
1492805867856102724,0.0
1492805867955971532,0.0
1492805868056046992,0.0
1492805868156037749,0.0
1492805868256024972,0.0
1492805868356088807,0.0
1492805868456056463,0.0
1492805868556055686,0.0
1492805868656078629,0.0
1492805868756020850,0.0
1492805868856028265,0.0
1492805868956083137,0.0
1492805869056013444,0.0
1492805869155978258,0.0
1492805869256040948,0.0
1492805869356115764,0.0
1492805869455965771,0.0
1492805869556259034,0.0
1492805869656070455,0.0
1492805869756059901,0.0
1492805869856112751,0.0
1492805869956023174,0.0
1492805870056110471,0.0
1492805870156026122,0.0
1492805870256008905,0.0
1492805870356025484,0.0
1492805870456046479,0.0
1492805870556043285,0.0
1492805870656014117,0.0
1492805870756017158,0.0
1492805870856019847,0.0
1492805870956041614,0.0
1492805871056118656,0.0
1492805871156023860,0.0
1492805871256078501,0.0
1492805871356128612,0.0
1492805871455995760,0.0
1492805871555986325,0.0
1492805871656028886,-35.0
1492805871756062671,-35.0
1492805871855984542,-14.7084522247
1492805871956045244,-12.1026678085
1492805872056088163,-12.2091503143
1492805872156037620,-12.6254110336
1492805872256179128,-11.770822525
1492805872356093180,-11.1318778992
1492805872455982730,-11.3849782944
1492805872556106959,-10.8218889236
1492805872656131233,-9.70686435699
1492805872755997656,-8.81819629669
1492805872856066679,-7.07683753967
1492805872956018307,-4.88394594193
1492805873055980317,-3.88353300095
1492805873156067690,-2.78107333183
1492805873256010247,-1.69055056572
1492805873356044308,-1.40106809139
1492805873456057324,-1.82020246983
1492805873556048599,-2.96580529213
1492805873656060206,-4.44371318817
1492805873755956658,-5.18458604813
1492805873855973850,-5.14781665802
1492805873956092145,-4.62546634674
1492805874055959955,-3.714179039
1492805874155997560,-3.05715370178
1492805874256014371,-2.06723356247
1492805874356032026,-0.667710125446
1492805874456029105,0.82471549511
1492805874555995532,2.35294628143
1492805874656043374,3.86371302605
1492805874756011441,3.14700818062
1492805874856019676,2.16107726097
1492805874955954077,0.370741844177
1492805875055969840,-1.37886869907
1492805875156160727,-2.10446095467
1492805875256020927,-2.11160874367
1492805875356009761,-1.73096108437
1492805875456043238,-1.05338466167
1492805875556034086,-0.146387770772
1492805875655994626,0.118424385786
1492805875756008124,0.415858924389
1492805875856035291,0.381269872189
1492805875956097529,0.142786115408
1492805876056026071,0.388564378023
1492805876155995000,0.754329562187
1492805876255987095,1.33977639675
1492805876356041397,1.94176352024
1492805876456064917,2.35910558701
1492805876556009472,2.63994836807
1492805876656021760,2.850897789
1492805876756027196,2.96853637695
1492805876856058573,2.81947278976
1492805876955989499,2.49826860428
1492805877056129480,2.58601021767
1492805877156055494,3.57522058487
1492805877256064722,4.93161058426
1492805877356013095,5.47774982452
1492805877455944610,6.54439496994
1492805877555969221,7.21725893021
1492805877656048007,6.71565341949
1492805877755998305,6.49391222
1492805877856009785,5.99621868134
1492805877956072873,5.58347034454
1492805878055993663,5.29523801804
1492805878155928450,5.3012509346
1492805878256079998,5.51124286652
1492805878355972275,5.9223818779
1492805878455969651,6.38589715958
1492805878556038661,6.83165693283
1492805878656039867,7.40394020081
1492805878756090372,8.04941940308
1492805878856087185,8.47353935242
1492805878956034913,8.65295505524
1492805879055992996,8.7872505188
1492805879156085227,9.05442619324
1492805879256072354,9.32166671753
1492805879356026213,9.07113361359
1492805879456102540,8.06761837006
1492805879556207855,6.74075508118
1492805879656142203,6.58022022247
1492805879756115567,6.55967664719
1492805879856118626,7.37125110626
1492805879955925102,8.56924152374
1492805880056128641,10.0485124588
1492805880155983823,11.2312393188
1492805880256036532,11.1094512939
1492805880356071165,10.4568758011
1492805880456053698,9.56430721283
1492805880556092404,9.82169437408
1492805880655985083,10.5080356598
1492805880756222320,11.4082193375
1492805880856111434,11.8643283844
1492805880956010267,11.8148069382
1492805881056039123,11.2473611832
1492805881156042196,10.6961307526
1492805881256035554,10.3285341263
1492805881356034586,10.5448131561
1492805881456020400,10.7841596603
1492805881556009370,10.7707338333
1492805881656096741,9.92825222015
1492805881756065473,9.2341375351
1492805881856064344,9.47094154358
1492805881956033384,10.8391265869
1492805882055989752,12.6971435547
1492805882156075723,14.3866243362
1492805882255999283,14.1608695984
1492805882356010006,13.6220550537
1492805882455994210,12.7566604614
1492805882555955762,12.2099866867
1492805882656074576,11.9703454971
1492805882755978302,12.4067287445
1492805882856116381,13.1403894424
1492805882955973159,13.7757282257
1492805883056087251,13.6932544708
1492805883156047656,13.1737632751
1492805883256107309,12.6635427475
1492805883356035210,12.3855724335
1492805883455984322,12.4977216721
1492805883556021360,13.1519680023
1492805883656038412,13.6087408066
1492805883756014921,13.8302402496
1492805883856032110,13.8747711182
1492805883956047821,14.0131835938
1492805884056095512,14.277338028
1492805884156053556,14.4683876038
1492805884256041599,15.407500267
1492805884356092819,16.4960098267
1492805884455990738,17.3004055023
1492805884556092279,16.8054943085
1492805884656093832,15.6193389893
1492805884756020708,13.9746675491
1492805884855981324,14.4554710388
1492805884955979774,15.0738153458
1492805885056081503,16.165391922
1492805885155948715,16.7482357025
1492805885255974979,16.7388744354
1492805885356045655,16.49310112
1492805885456030885,16.4259128571
1492805885556088879,17.0088405609
1492805885655997302,18.2516117096
1492805885756063010,19.4441661835
1492805885856053877,20.5274982452
1492805885956063957,21.3546123505
1492805886056038220,21.0424003601
1492805886156024391,19.4629707336
1492805886255996335,18.36287117
1492805886356027803,18.1430244446
1492805886456040729,18.7784767151
1492805886556063364,19.6917991638
1492805886655949708,20.279176712
1492805886756040807,20.3627910614
1492805886855991460,20.2922611237
1492805886956069221,20.472820282
1492805887056087808,21.3382740021
1492805887156098551,21.5252685547
1492805887256083448,21.6985473633
1492805887356052283,21.8661975861
1492805887455990354,21.7915458679
1492805887556045038,21.6405639648
1492805887656027073,22.2642555237
1492805887756085758,23.4483356476
1492805887856068884,24.1002101898
1492805887956016110,24.0838775635
1492805888056059618,23.6996498108
1492805888156057598,22.7038002014
1492805888256072823,21.8284606934
1492805888356088728,22.5608386993
1492805888456001603,22.9804439545
1492805888556036601,23.6559276581
1492805888656113508,23.9090061188
1492805888756034209,22.8045063019
1492805888856028676,21.6974868774
1492805888956038376,21.6823196411
1492805889056011857,22.239402771
1492805889156143858,23.539358139
1492805889256034025,24.5099525452
1492805889356142767,23.8681697845
1492805889456093521,22.8490753174
1492805889556034556,22.8892803192
1492805889656008960,23.7970485687
1492805889756040178,25.5795593262
1492805889856040506,26.315410614
1492805889956043384,24.6896724701
1492805890056055978,23.1951789856
1492805890155996590,22.8635978699
1492805890255988190,23.695898056
1492805890355966715,25.4485664368
1492805890456125766,26.6045722961
1492805890556078950,26.7287597656
1492805890655986531,24.9805717468
1492805890756171776,24.7466239929
1492805890856054371,26.7023143768
1492805890956055787,28.7024269104
1492805891055950823,30.0304088593
1492805891155998931,30.8467578888
1492805891255968685,30.0965461731
1492805891356075576,29.474313736
1492805891455955828,30.7467536926
1492805891556057404,32.7646751404
1492805891656085758,32.8522415161
1492805891756020533,31.6350536346
1492805891855981285,31.6260604858
1492805891956042098,32.2631759644
1492805892056065301,32.9537506104
1492805892156064412,32.966217041
1492805892256008568,32.0639877319
1492805892356024657,32.3433189392
1492805892456000513,32.6708869934
1492805892556016044,34.9234046936
1492805892656004657,35.0
1492805892756031054,35.0
1492805892856067256,35.0
1492805892956021459,35.0
1492805893056131993,35.0
1492805893156018823,35.0
1492805893256022497,35.0
1492805893356064886,35.0
1492805893456006178,35.0
1492805893556020069,35.0
1492805893656049843,35.0
1492805893756014313,35.0
1492805893856077716,35.0
1492805893955994002,35.0
1492805894055999163,35.0
1492805894156023078,35.0
1492805894256057851,35.0
1492805894355965043,35.0
1492805894456055574,35.0
1492805894556039572,35.0
1492805894656014575,35.0
1492805894756075815,35.0
1492805894856049493,35.0
1492805894956071194,35.0
1492805895056022085,35.0
1492805895156026832,35.0
1492805895256043540,35.0
1492805895356095546,35.0
1492805895456124378,35.0
1492805895556046677,35.0
1492805895656175496,35.0
1492805895756039565,35.0
1492805895856042222,35.0
1492805895956090325,35.0
1492805896056129498,35.0
1492805896155945413,35.0
1492805896256057446,35.0
1492805896355941601,35.0
1492805896456063979,35.0
1492805896556024285,35.0
1492805896656051972,35.0
1492805896755977436,35.0
1492805896856081120,35.0
1492805896956104097,35.0
1492805897056068750,35.0
1492805897155958589,35.0
1492805897256064195,35.0
1492805897356094632,35.0
1492805897455959628,35.0
1492805897555976651,35.0
1492805897656061987,35.0
1492805897756066506,35.0
1492805897855938214,35.0
1492805897956192006,35.0
1492805898056021774,35.0
1492805898156104931,35.0
1492805898256035638,35.0
1492805898355982268,35.0
1492805898456005292,35.0
1492805898556036043,35.0
1492805898655983199,35.0
1492805898756065975,35.0
1492805898856032869,35.0
1492805898955993235,35.0
1492805899056055756,35.0
1492805899155916443,35.0
1492805899256002631,35.0
1492805899356031082,35.0
1492805899456111588,35.0
1492805899556082748,35.0
1492805899656039243,35.0
1492805899756073972,35.0
1492805899855965319,35.0
1492805899956013008,35.0
1492805900056075348,35.0
1492805900156086519,35.0
1492805900255953895,35.0
1492805900356086020,35.0
1492805900456034626,35.0
1492805900555958378,35.0
1492805900656078344,35.0
1492805900756198040,35.0
1492805900856015569,35.0
1492805900956061615,35.0
1492805901056009050,35.0
1492805901156060195,35.0
1492805901256245290,35.0
1492805901356105182,35.0
1492805901455976275,35.0
1492805901556038592,35.0
1492805901596042978,0.0
