%time,field.header.seq,field.header.stamp,field.header.frame_id,field.status.status,field.status.service,field.latitude,field.longitude,field.altitude,field.position_covariance0,field.position_covariance1,field.position_covariance2,field.position_covariance3,field.position_covariance4,field.position_covariance5,field.position_covariance6,field.position_covariance7,field.position_covariance8,field.position_covariance_type
1492807088389884175,4667,1492807088389538049,robot_frame,0,1,33.461016,-117.7061425,-35.3,0.8281,0.0,0.0,0.0,0.8281,0.0,0.0,0.0,3.3124,1
1492807089389480435,4668,1492807089389264106,robot_frame,0,1,33.4610163333,-117.706141667,-35.3,0.8281,0.0,0.0,0.0,0.8281,0.0,0.0,0.0,3.3124,1
1492807090387250174,4669,1492807090387077093,robot_frame,0,1,33.4610165,-117.706140167,-35.3,0.8281,0.0,0.0,0.0,0.8281,0.0,0.0,0.0,3.3124,1
1492807091389961239,4670,1492807091389774084,robot_frame,0,1,33.4610165,-117.706138833,-35.3,0.8281,0.0,0.0,0.0,0.8281,0.0,0.0,0.0,3.3124,1
1492807092389804566,4671,1492807092389549970,robot_frame,0,1,33.4610163333,-117.706138167,-35.4,0.8281,0.0,0.0,0.0,0.8281,0.0,0.0,0.0,3.3124,1
1492807093390617336,4672,1492807093390397071,robot_frame,0,1,33.4610161667,-117.706137667,-35.5,0.8281,0.0,0.0,0.0,0.8281,0.0,0.0,0.0,3.3124,1
1492807094389426551,4673,1492807094389199972,robot_frame,0,1,33.4610158333,-117.706136333,-35.4,0.8281,0.0,0.0,0.0,0.8281,0.0,0.0,0.0,3.3124,1
1492807095391198255,4674,1492807095390986919,robot_frame,0,1,33.461016,-117.706135833,-35.5,0.8281,0.0,0.0,0.0,0.8281,0.0,0.0,0.0,3.3124,1
1492807096391077741,4675,1492807096390840053,robot_frame,0,1,33.4610158333,-117.706134833,-35.4,0.8281,0.0,0.0,0.0,0.8281,0.0,0.0,0.0,3.3124,1
1492807097389994684,4676,1492807097389643907,robot_frame,0,1,33.4610155,-117.706134667,-35.5,0.8281,0.0,0.0,0.0,0.8281,0.0,0.0,0.0,3.3124,1
1492807098390665495,4677,1492807098390357971,robot_frame,0,1,33.4610148333,-117.7061335,-35.6,0.8281,0.0,0.0,0.0,0.8281,0.0,0.0,0.0,3.3124,1
1492807099391554192,4678,1492807099391258001,robot_frame,0,1,33.4610138333,-117.706132167,-35.7,0.8281,0.0,0.0,0.0,0.8281,0.0,0.0,0.0,3.3124,1
1492807100393267583,4679,1492807100393063068,robot_frame,0,1,33.4610121667,-117.7061305,-35.7,0.8281,0.0,0.0,0.0,0.8281,0.0,0.0,0.0,3.3124,1
1492807101388052664,4680,1492807101387790918,robot_frame,0,1,33.4610096667,-117.706128833,-35.8,0.8281,0.0,0.0,0.0,0.8281,0.0,0.0,0.0,3.3124,1
1492807102390786150,4681,1492807102390599966,robot_frame,0,1,33.4610075,-117.706127667,-35.8,0.8281,0.0,0.0,0.0,0.8281,0.0,0.0,0.0,3.3124,1
1492807103390584215,4682,1492807103390398025,robot_frame,0,1,33.4610046667,-117.706125167,-35.7,0.8281,0.0,0.0,0.0,0.8281,0.0,0.0,0.0,3.3124,1
1492807104402330610,4683,1492807104402123928,robot_frame,0,1,33.4610013333,-117.7061225,-35.7,0.8281,0.0,0.0,0.0,0.8281,0.0,0.0,0.0,3.3124,1
1492807105403173407,4684,1492807105402962923,robot_frame,0,1,33.4609975,-117.706119833,-35.7,0.8281,0.0,0.0,0.0,0.8281,0.0,0.0,0.0,3.3124,1
1492807106402056093,4685,1492807106401817083,robot_frame,0,1,33.460994,-117.706116833,-35.8,0.8281,0.0,0.0,0.0,0.8281,0.0,0.0,0.0,3.3124,1
1492807107404161797,4686,1492807107403656959,robot_frame,0,1,33.4609908333,-117.706114167,-35.8,0.8281,0.0,0.0,0.0,0.8281,0.0,0.0,0.0,3.3124,1
1492807108406716608,4687,1492807108406472921,robot_frame,0,1,33.4609871667,-117.706111667,-35.8,0.8281,0.0,0.0,0.0,0.8281,0.0,0.0,0.0,3.3124,1
1492807109405549956,4688,1492807109405311107,robot_frame,0,1,33.4609831667,-117.706108667,-35.8,0.8281,0.0,0.0,0.0,0.8281,0.0,0.0,0.0,3.3124,1
1492807110403271736,4689,1492807110403076887,robot_frame,0,1,33.4609793333,-117.706105667,-35.9,0.8281,0.0,0.0,0.0,0.8281,0.0,0.0,0.0,3.3124,1
1492807111402151595,4690,1492807111401915073,robot_frame,0,1,33.4609751667,-117.706101833,-35.9,0.8281,0.0,0.0,0.0,0.8281,0.0,0.0,0.0,3.3124,1
1492807112398986915,4691,1492807112398713111,robot_frame,0,1,33.4609711667,-117.7060985,-36.0,0.8281,0.0,0.0,0.0,0.8281,0.0,0.0,0.0,3.3124,1
1492807113402812488,4692,1492807113402612924,robot_frame,0,1,33.4609671667,-117.706095333,-36.0,0.8281,0.0,0.0,0.0,0.8281,0.0,0.0,0.0,3.3124,1
1492807114401478035,4693,1492807114401302099,robot_frame,0,1,33.460963,-117.706091833,-36.0,0.8281,0.0,0.0,0.0,0.8281,0.0,0.0,0.0,3.3124,1
1492807115404381759,4694,1492807115404119968,robot_frame,0,1,33.4609583333,-117.7060885,-36.0,0.8281,0.0,0.0,0.0,0.8281,0.0,0.0,0.0,3.3124,1
1492807116405155890,4695,1492807116404983997,robot_frame,0,1,33.4609535,-117.706084667,-35.9,0.8281,0.0,0.0,0.0,0.8281,0.0,0.0,0.0,3.3124,1
1492807117404103833,4696,1492807117403827905,robot_frame,0,1,33.4609486667,-117.706080667,-35.9,0.8281,0.0,0.0,0.0,0.8281,0.0,0.0,0.0,3.3124,1
1492807118402813559,4697,1492807118402570962,robot_frame,0,1,33.4609433333,-117.706076667,-35.8,0.8281,0.0,0.0,0.0,0.8281,0.0,0.0,0.0,3.3124,1
1492807119398722506,4698,1492807119398474931,robot_frame,0,1,33.460938,-117.706073,-35.8,0.8281,0.0,0.0,0.0,0.8281,0.0,0.0,0.0,3.3124,1
1492807120403476964,4699,1492807120403281927,robot_frame,0,1,33.4609323333,-117.7060695,-35.9,0.8281,0.0,0.0,0.0,0.8281,0.0,0.0,0.0,3.3124,1
1492807121403234381,4700,1492807121402992963,robot_frame,0,1,33.4609265,-117.7060655,-35.8,0.8281,0.0,0.0,0.0,0.8281,0.0,0.0,0.0,3.3124,1
1492807122404031484,4701,1492807122403841972,robot_frame,0,1,33.4609203333,-117.706061167,-35.7,0.8281,0.0,0.0,0.0,0.8281,0.0,0.0,0.0,3.3124,1
