%time,field.header.seq,field.header.stamp,field.header.frame_id,field.temperature,field.variance
1492807088346868616,4707,1492807088347441076,/temperature,15.644068718,0.0
1492807088419992647,4708,1492807088421441076,/temperature,15.644068718,0.0
1492807088494118436,4709,1492807088495441076,/temperature,15.644068718,0.0
1492807088568019729,4710,1492807088570035051,/temperature,15.644068718,0.0
1492807088643291390,4711,1492807088644035051,/temperature,15.644068718,0.0
1492807088717382478,4712,1492807088718035051,/temperature,15.644068718,0.0
1492807088791039900,4713,1492807088792035051,/temperature,15.644068718,0.0
1492807088865168746,4714,1492807088867035051,/temperature,15.644068718,0.0
1492807088940010374,4715,1492807088941035051,/temperature,15.6527996063,0.0
1492807089014007011,4716,1492807089015035051,/temperature,15.644068718,0.0
1492807089088294529,4717,1492807089089035051,/temperature,15.6527996063,0.0
1492807089162680681,4718,1492807089164035051,/temperature,15.644068718,0.0
1492807089237357259,4719,1492807089238035051,/temperature,15.644068718,0.0
1492807089311705750,4720,1492807089312035051,/temperature,15.6527996063,0.0
1492807089384938341,4721,1492807089386035051,/temperature,15.644068718,0.0
1492807089459860617,4722,1492807089461035051,/temperature,15.6615304947,0.0
1492807089534058870,4723,1492807089535035051,/temperature,15.644068718,0.0
1492807089608152342,4724,1492807089609035051,/temperature,15.6527996063,0.0
1492807089682317092,4725,1492807089683035051,/temperature,15.644068718,0.0
1492807089757391424,4726,1492807089758035051,/temperature,15.6527996063,0.0
1492807089831426667,4727,1492807089832035051,/temperature,15.6527996063,0.0
1492807089905609652,4728,1492807089906035051,/temperature,15.6527996063,0.0
1492807089979451882,4729,1492807089980035051,/temperature,15.6527996063,0.0
1492807090054842808,4730,1492807090055035051,/temperature,15.6527996063,0.0
1492807090127945820,4731,1492807090129035051,/temperature,15.6615304947,0.0
1492807090202091457,4732,1492807090203035051,/temperature,15.644068718,0.0
1492807090276558751,4733,1492807090277035051,/temperature,15.6527996063,0.0
1492807090351273017,4734,1492807090352035051,/temperature,15.6527996063,0.0
1492807090425283099,4735,1492807090426035051,/temperature,15.6615304947,0.0
1492807090499852585,4736,1492807090500035051,/temperature,15.6527996063,0.0
1492807090573670918,4737,1492807090574035051,/temperature,15.6615304947,0.0
1492807090648207071,4738,1492807090649035051,/temperature,15.6527996063,0.0
1492807090722249292,4739,1492807090723035051,/temperature,15.6615304947,0.0
1492807090796465394,4740,1492807090797035051,/temperature,15.6703214645,0.0
1492807090870659725,4741,1492807090871035051,/temperature,15.6615304947,0.0
1492807090945084941,4742,1492807090946035051,/temperature,15.6703214645,0.0
1492807091019264989,4743,1492807091020035051,/temperature,15.6615304947,0.0
1492807091093804676,4744,1492807091094147918,/temperature,15.6615304947,0.0
1492807091167692191,4745,1492807091168147918,/temperature,15.6615304947,0.0
1492807091242025706,4746,1492807091243147918,/temperature,15.6703214645,0.0
1492807091316148691,4747,1492807091317147918,/temperature,15.6615304947,0.0
1492807091390676556,4748,1492807091391147918,/temperature,15.6703214645,0.0
1492807091464459190,4749,1492807091465147918,/temperature,15.6615304947,0.0
1492807091539231027,4750,1492807091540147918,/temperature,15.6615304947,0.0
1492807091613152280,4751,1492807091614147918,/temperature,15.6615304947,0.0
1492807091687801384,4752,1492807091688147918,/temperature,15.6615304947,0.0
1492807091761175634,4753,1492807091762147918,/temperature,15.6615304947,0.0
1492807091836619882,4754,1492807091837147918,/temperature,15.6615304947,0.0
1492807091910877407,4755,1492807091911147918,/temperature,15.6615304947,0.0
1492807091984825341,4756,1492807091985147918,/temperature,15.6615304947,0.0
1492807092059293766,4757,1492807092060147918,/temperature,15.6615304947,0.0
1492807092133306080,4758,1492807092134147918,/temperature,15.6703214645,0.0
1492807092207432449,4759,1492807092208147918,/temperature,15.6703214645,0.0
1492807092281614007,4760,1492807092282147918,/temperature,15.6615304947,0.0
1492807092356140405,4761,1492807092357147918,/temperature,15.6703214645,0.0
1492807092429969374,4762,1492807092431147918,/temperature,15.6703214645,0.0
1492807092504858477,4763,1492807092505147918,/temperature,15.6703214645,0.0
1492807092578046720,4764,1492807092579147918,/temperature,15.6703214645,0.0
1492807092653376304,4765,1492807092654147918,/temperature,15.6703214645,0.0
1492807092727451126,4766,1492807092728147918,/temperature,15.6790513992,0.0
1492807092801560345,4767,1492807092802147918,/temperature,15.6703214645,0.0
1492807092874971959,4768,1492807092876147918,/temperature,15.6703214645,0.0
1492807092950172450,4769,1492807092951147918,/temperature,15.6703214645,0.0
1492807093024442691,4770,1492807093025147918,/temperature,15.6703214645,0.0
1492807093097875008,4771,1492807093099147918,/temperature,15.6703214645,0.0
1492807093172768664,4772,1492807093173147918,/temperature,15.6703214645,0.0
1492807093247264647,4773,1492807093248147918,/temperature,15.6790513992,0.0
1492807093321448763,4774,1492807093322147918,/temperature,15.6790513992,0.0
1492807093395134802,4775,1492807093396147918,/temperature,15.6703214645,0.0
1492807093470596294,4776,1492807093470147918,/temperature,15.6703214645,0.0
1492807093544177424,4777,1492807093545147918,/temperature,15.6877813339,0.0
1492807093618245549,4778,1492807093619646070,/temperature,15.6703214645,0.0
1492807093692221695,4779,1492807093693646070,/temperature,15.6703214645,0.0
1492807093767435620,4780,1492807093768646070,/temperature,15.6790513992,0.0
1492807093841487306,4781,1492807093842646070,/temperature,15.6790513992,0.0
1492807093915227601,4782,1492807093916646070,/temperature,15.6790513992,0.0
1492807093989189175,4783,1492807093990646070,/temperature,15.6790513992,0.0
1492807094063988678,4784,1492807094065646070,/temperature,15.6703214645,0.0
1492807094138770186,4785,1492807094139646070,/temperature,15.6703214645,0.0
1492807094212719337,4786,1492807094213646070,/temperature,15.6703214645,0.0
1492807094286619694,4787,1492807094287646070,/temperature,15.6790513992,0.0
1492807094361596234,4788,1492807094362646070,/temperature,15.6790513992,0.0
1492807094435752521,4789,1492807094436646070,/temperature,15.6877813339,0.0
1492807094509378162,4790,1492807094510646070,/temperature,15.6703214645,0.0
1492807094584780447,4791,1492807094584646070,/temperature,15.6790513992,0.0
1492807094658242108,4792,1492807094659646070,/temperature,15.6790513992,0.0
1492807094732647953,4793,1492807094733646070,/temperature,15.6703214645,0.0
1492807094805950070,4794,1492807094807646070,/temperature,15.6790513992,0.0
1492807094880984279,4795,1492807094881646070,/temperature,15.6877813339,0.0
1492807094954898803,4796,1492807094956646070,/temperature,15.6877813339,0.0
1492807095029592121,4797,1492807095030646070,/temperature,15.6877813339,0.0
1492807095103621078,4798,1492807095104646070,/temperature,15.6965112686,0.0
1492807095177986933,4799,1492807095179646070,/temperature,15.6877813339,0.0
1492807095251832983,4800,1492807095253646070,/temperature,15.6790513992,0.0
1492807095325996976,4801,1492807095327646070,/temperature,15.6877813339,0.0
1492807095400681078,4802,1492807095401646070,/temperature,15.6965112686,0.0
1492807095475537265,4803,1492807095476646070,/temperature,15.6877813339,0.0
1492807095549399930,4804,1492807095550646070,/temperature,15.6877813339,0.0
1492807095623310385,4805,1492807095624646070,/temperature,15.6877813339,0.0
1492807095698484387,4806,1492807095698646070,/temperature,15.6965112686,0.0
1492807095772589546,4807,1492807095773646070,/temperature,15.7052402496,0.0
1492807095846652143,4808,1492807095847646070,/temperature,15.6965112686,0.0
1492807095920849726,4809,1492807095921646070,/temperature,15.6965112686,0.0
1492807095995213079,4810,1492807095995646070,/temperature,15.6965112686,0.0
1492807096069567727,4811,1492807096070646070,/temperature,15.6965112686,0.0
1492807096143396049,4812,1492807096144268033,/temperature,15.6965112686,0.0
1492807096217273039,4813,1492807096218268033,/temperature,15.7139701843,0.0
1492807096292375314,4814,1492807096293268033,/temperature,15.7052402496,0.0
1492807096365950966,4815,1492807096367268033,/temperature,15.7052402496,0.0
1492807096439937912,4816,1492807096441268033,/temperature,15.7052402496,0.0
1492807096515314513,4817,1492807096515268033,/temperature,15.7052402496,0.0
1492807096589239290,4818,1492807096590268033,/temperature,15.7052402496,0.0
1492807096663574762,4819,1492807096664268033,/temperature,15.7139701843,0.0
1492807096737574141,4820,1492807096738268033,/temperature,15.7052402496,0.0
1492807096811859449,4821,1492807096812268033,/temperature,15.7139701843,0.0
1492807096886476763,4822,1492807096887268033,/temperature,15.7226991653,0.0
1492807096960080359,4823,1492807096961268033,/temperature,15.7139701843,0.0
1492807097034152702,4824,1492807097035268033,/temperature,15.7226991653,0.0
1492807097109783270,4825,1492807097109268033,/temperature,15.7139701843,0.0
1492807097183592237,4826,1492807097184268033,/temperature,15.7139701843,0.0
1492807097256827683,4827,1492807097258268033,/temperature,15.7139701843,0.0
1492807097331904740,4828,1492807097332268033,/temperature,15.7139701843,0.0
1492807097406657654,4829,1492807097407268033,/temperature,15.7139701843,0.0
1492807097480815860,4830,1492807097481268033,/temperature,15.7226991653,0.0
1492807097554469291,4831,1492807097555268033,/temperature,15.7139701843,0.0
1492807097629503380,4832,1492807097629268033,/temperature,15.7226991653,0.0
1492807097703767709,4833,1492807097704268033,/temperature,15.7139701843,0.0
1492807097776873017,4834,1492807097778268033,/temperature,15.7226991653,0.0
1492807097850907410,4835,1492807097852268033,/temperature,15.7139701843,0.0
1492807097926475315,4836,1492807097926268033,/temperature,15.7052402496,0.0
1492807098000562870,4837,1492807098001268033,/temperature,15.7139701843,0.0
1492807098074535749,4838,1492807098075268033,/temperature,15.7226991653,0.0
1492807098148149257,4839,1492807098149268033,/temperature,15.7139701843,0.0
1492807098222881513,4840,1492807098223268033,/temperature,15.7139701843,0.0
1492807098297318494,4841,1492807098298268033,/temperature,15.7314281464,0.0
1492807098371333804,4842,1492807098372268033,/temperature,15.7226991653,0.0
1492807098446236970,4843,1492807098446268033,/temperature,15.7314281464,0.0
1492807098520516993,4844,1492807098520268033,/temperature,15.7139701843,0.0
1492807098594643175,4845,1492807098595268033,/temperature,15.7052402496,0.0
1492807098668011700,4846,1492807098669564006,/temperature,15.7052402496,0.0
1492807098743040016,4847,1492807098743564006,/temperature,15.7052402496,0.0
1492807098817573801,4848,1492807098818564006,/temperature,15.7139701843,0.0
1492807098891717770,4849,1492807098892564006,/temperature,15.7139701843,0.0
1492807098965871715,4850,1492807098966564006,/temperature,15.7052402496,0.0
1492807099040702813,4851,1492807099040564006,/temperature,15.7052402496,0.0
1492807099114052984,4852,1492807099115564006,/temperature,15.7314281464,0.0
1492807099188677871,4853,1492807099189564006,/temperature,15.7139701843,0.0
1492807099263896002,4854,1492807099263564006,/temperature,15.7052402496,0.0
1492807099337519841,4855,1492807099338564006,/temperature,15.7052402496,0.0
1492807099411022494,4856,1492807099412564006,/temperature,15.7052402496,0.0
1492807099485090370,4857,1492807099486564006,/temperature,15.7052402496,0.0
1492807099559930929,4858,1492807099560564006,/temperature,15.7139701843,0.0
1492807099634322972,4859,1492807099634564006,/temperature,15.7052402496,0.0
1492807099708755770,4860,1492807099709564006,/temperature,15.7139701843,0.0
1492807099782198686,4861,1492807099783564006,/temperature,15.7052402496,0.0
1492807099857774024,4862,1492807099857564006,/temperature,15.6965112686,0.0
1492807099931814930,4863,1492807099932564006,/temperature,15.6965112686,0.0
1492807100005457053,4864,1492807100006564006,/temperature,15.6965112686,0.0
1492807100079126948,4865,1492807100080564006,/temperature,15.6965112686,0.0
1492807100154292276,4866,1492807100154564006,/temperature,15.6790513992,0.0
1492807100228765342,4867,1492807100229564006,/temperature,15.6790513992,0.0
1492807100302060720,4868,1492807100303564006,/temperature,15.7052402496,0.0
1492807100377191828,4869,1492807100377564006,/temperature,15.6877813339,0.0
1492807100450963946,4870,1492807100451564006,/temperature,15.6790513992,0.0
1492807100524907784,4871,1492807100526564006,/temperature,15.7052402496,0.0
1492807100599431259,4872,1492807100600564006,/temperature,15.6877813339,0.0
1492807100674652223,4873,1492807100674564006,/temperature,15.7052402496,0.0
1492807100748014473,4874,1492807100749564006,/temperature,15.6877813339,0.0
1492807100822408173,4875,1492807100823564006,/temperature,15.6965112686,0.0
1492807100896483059,4876,1492807100897564006,/temperature,15.6965112686,0.0
1492807100971341091,4877,1492807100971564006,/temperature,15.6965112686,0.0
1492807101045065110,4878,1492807101046564006,/temperature,15.6965112686,0.0
1492807101119265489,4879,1492807101120564006,/temperature,15.6877813339,0.0
1492807101193244868,4880,1492807101194102046,/temperature,15.6965112686,0.0
1492807101268544933,4881,1492807101268102046,/temperature,15.6965112686,0.0
1492807101342828794,4882,1492807101343102046,/temperature,15.6703214645,0.0
1492807101415863001,4883,1492807101417102046,/temperature,15.6877813339,0.0
1492807101491132007,4884,1492807101491102046,/temperature,15.6790513992,0.0
1492807101565736559,4885,1492807101565102046,/temperature,15.6703214645,0.0
1492807101639363250,4886,1492807101640102046,/temperature,15.6877813339,0.0
1492807101713388565,4887,1492807101714102046,/temperature,15.6965112686,0.0
1492807101788852688,4888,1492807101788102046,/temperature,15.6877813339,0.0
1492807101862860038,4889,1492807101863102046,/temperature,15.6965112686,0.0
1492807101936150184,4890,1492807101937102046,/temperature,15.6877813339,0.0
1492807102010204718,4891,1492807102011102046,/temperature,15.6790513992,0.0
1492807102085543152,4892,1492807102085102046,/temperature,15.6877813339,0.0
1492807102158858378,4893,1492807102160102046,/temperature,15.6877813339,0.0
1492807102233678790,4894,1492807102234102046,/temperature,15.6877813339,0.0
1492807102308549938,4895,1492807102308102046,/temperature,15.6703214645,0.0
1492807102382032932,4896,1492807102382102046,/temperature,15.6790513992,0.0
1492807102456585654,4897,1492807102457102046,/temperature,15.6790513992,0.0
1492807102530238521,4898,1492807102531102046,/temperature,15.6965112686,0.0
1492807102605775046,4899,1492807102605102046,/temperature,15.6877813339,0.0
1492807102679412954,4900,1492807102679102046,/temperature,15.6877813339,0.0
1492807102753654300,4901,1492807102754102046,/temperature,15.6790513992,0.0
1492807102827158934,4902,1492807102828102046,/temperature,15.6877813339,0.0
1492807102902039477,4903,1492807102902102046,/temperature,15.6790513992,0.0
1492807102976136265,4904,1492807102977102046,/temperature,15.6527996063,0.0
1492807103050489126,4905,1492807103051102046,/temperature,15.6703214645,0.0
1492807103125325387,4906,1492807103125102046,/temperature,15.6703214645,0.0
1492807103199614076,4907,1492807103199102046,/temperature,15.6615304947,0.0
1492807103273432444,4908,1492807103274102046,/temperature,15.6703214645,0.0
1492807103347170352,4909,1492807103348102046,/temperature,15.6703214645,0.0
1492807103422199939,4910,1492807103422102046,/temperature,15.6615304947,0.0
1492807103496587812,4911,1492807103496102046,/temperature,15.6703214645,0.0
1492807103570384070,4912,1492807103571102046,/temperature,15.6703214645,0.0
1492807103645817045,4913,1492807103645102046,/temperature,15.6615304947,0.0
1492807103719766825,4914,1492807103719443080,/temperature,15.6965112686,0.0
1492807103792863597,4915,1492807103794443080,/temperature,15.6353387833,0.0
1492807103866877357,4916,1492807103868443080,/temperature,15.6615304947,0.0
1492807103942879262,4917,1492807103942443080,/temperature,15.6615304947,0.0
1492807104016665003,4918,1492807104016443080,/temperature,15.6615304947,0.0
1492807104090743600,4919,1492807104091443080,/temperature,15.6527996063,0.0
1492807104164829127,4920,1492807104165443080,/temperature,15.6790513992,0.0
1492807104239647292,4921,1492807104239443080,/temperature,15.644068718,0.0
1492807104313517972,4922,1492807104313443080,/temperature,15.644068718,0.0
1492807104387033639,4923,1492807104388443080,/temperature,15.644068718,0.0
1492807104462105809,4924,1492807104462443080,/temperature,15.6615304947,0.0
1492807104536180711,4925,1492807104536443080,/temperature,15.644068718,0.0
1492807104610701876,4926,1492807104611443080,/temperature,15.644068718,0.0
1492807104684781041,4927,1492807104685443080,/temperature,15.6615304947,0.0
1492807104759222521,4928,1492807104759443080,/temperature,15.6527996063,0.0
1492807104833346321,4929,1492807104833443080,/temperature,15.644068718,0.0
1492807104907696489,4930,1492807104908443080,/temperature,15.6527996063,0.0
1492807104981002427,4931,1492807104982443080,/temperature,15.6615304947,0.0
1492807105056631826,4932,1492807105056443080,/temperature,15.6353387833,0.0
1492807105130690142,4933,1492807105130443080,/temperature,15.6353387833,0.0
1492807105204276911,4934,1492807105205443080,/temperature,15.6527996063,0.0
1492807105278301350,4935,1492807105279443080,/temperature,15.6527996063,0.0
1492807105353413549,4936,1492807105353443080,/temperature,15.6353387833,0.0
1492807105426814563,4937,1492807105427443080,/temperature,15.6353387833,0.0
1492807105501877817,4938,1492807105502443080,/temperature,15.6353387833,0.0
1492807105576447876,4939,1492807105576443080,/temperature,15.6527996063,0.0
1492807105650555645,4940,1492807105650443080,/temperature,15.6353387833,0.0
1492807105724735365,4941,1492807105724443080,/temperature,15.6353387833,0.0
1492807105798497154,4942,1492807105799443080,/temperature,15.644068718,0.0
1492807105873317917,4943,1492807105873443080,/temperature,15.6353387833,0.0
1492807105947080910,4944,1492807105947443080,/temperature,15.6353387833,0.0
1492807106021608759,4945,1492807106022443080,/temperature,15.6266078949,0.0
1492807106096191855,4946,1492807106096443080,/temperature,15.6353387833,0.0
1492807106170485250,4947,1492807106170443080,/temperature,15.644068718,0.0
1492807106243806604,4948,1492807106245280025,/temperature,15.6353387833,0.0
1492807106318623072,4949,1492807106320280025,/temperature,15.644068718,0.0
1492807106393308218,4950,1492807106394280025,/temperature,15.6353387833,0.0
1492807106467548771,4951,1492807106468280025,/temperature,15.6353387833,0.0
1492807106541151374,4952,1492807106543280025,/temperature,15.6266078949,0.0
1492807106615003262,4953,1492807106617280025,/temperature,15.6266078949,0.0
1492807106690243687,4954,1492807106691280025,/temperature,15.6266078949,0.0
1492807106764730004,4955,1492807106765280025,/temperature,15.6266078949,0.0
1492807106838613720,4956,1492807106840280025,/temperature,15.6266078949,0.0
1492807106912195615,4957,1492807106914280025,/temperature,15.6266078949,0.0
1492807106987666243,4958,1492807106988280025,/temperature,15.6353387833,0.0
1492807107061435490,4959,1492807107062280025,/temperature,15.6178760529,0.0
1492807107135577104,4960,1492807107137280025,/temperature,15.6266078949,0.0
1492807107208914366,4961,1492807107211280025,/temperature,15.6353387833,0.0
1492807107284568502,4962,1492807107285280025,/temperature,15.6266078949,0.0
1492807107357850327,4963,1492807107359280025,/temperature,15.6266078949,0.0
1492807107431823992,4964,1492807107434280025,/temperature,15.644068718,0.0
1492807107507500131,4965,1492807107508280025,/temperature,15.6353387833,0.0
1492807107581304318,4966,1492807107582280025,/temperature,15.6266078949,0.0
1492807107656344252,4967,1492807107657280025,/temperature,15.6178760529,0.0
1492807107729251855,4968,1492807107731280025,/temperature,15.6178760529,0.0
1492807107804388605,4969,1492807107805280025,/temperature,15.6266078949,0.0
1492807107878291349,4970,1492807107879280025,/temperature,15.6178760529,0.0
1492807107952864735,4971,1492807107954280025,/temperature,15.6353387833,0.0
1492807108025995430,4972,1492807108028280025,/temperature,15.6353387833,0.0
1492807108101454085,4973,1492807108102280025,/temperature,15.6266078949,0.0
1492807108174903568,4974,1492807108176280025,/temperature,15.6266078949,0.0
1492807108249161250,4975,1492807108251280025,/temperature,15.6266078949,0.0
1492807108323975071,4976,1492807108325280025,/temperature,15.644068718,0.0
1492807108397988715,4977,1492807108399280025,/temperature,15.6353387833,0.0
1492807108472161237,4978,1492807108473280025,/temperature,15.6353387833,0.0
1492807108546750561,4979,1492807108548280025,/temperature,15.6266078949,0.0
1492807108620954702,4980,1492807108622280025,/temperature,15.644068718,0.0
1492807108695359668,4981,1492807108696280025,/temperature,15.6266078949,0.0
1492807108769592472,4982,1492807108771016906,/temperature,15.6178760529,0.0
1492807108844781543,4983,1492807108845016906,/temperature,15.6353387833,0.0
1492807108918650202,4984,1492807108919016906,/temperature,15.6178760529,0.0
1492807108992734455,4985,1492807108993016906,/temperature,15.6266078949,0.0
1492807109066295567,4986,1492807109068016906,/temperature,15.6266078949,0.0
1492807109141429531,4987,1492807109142016906,/temperature,15.6266078949,0.0
1492807109216038371,4988,1492807109216016906,/temperature,15.6266078949,0.0
1492807109289167086,4989,1492807109290016906,/temperature,15.6353387833,0.0
1492807109363000873,4990,1492807109365016906,/temperature,15.6353387833,0.0
1492807109438179361,4991,1492807109439016906,/temperature,15.6178760529,0.0
1492807109512025138,4992,1492807109513016906,/temperature,15.6266078949,0.0
1492807109586880155,4993,1492807109588016906,/temperature,15.6353387833,0.0
1492807109661883057,4994,1492807109662016906,/temperature,15.6353387833,0.0
1492807109735499412,4995,1492807109736016906,/temperature,15.6178760529,0.0
1492807109808995869,4996,1492807109810016906,/temperature,15.6353387833,0.0
1492807109883027179,4997,1492807109885016906,/temperature,15.6266078949,0.0
1492807109958480008,4998,1492807109959016906,/temperature,15.644068718,0.0
1492807110032601950,4999,1492807110033016906,/temperature,15.6178760529,0.0
1492807110106081305,5000,1492807110107016906,/temperature,15.6178760529,0.0
1492807110180629438,5001,1492807110182016906,/temperature,15.6353387833,0.0
1492807110255240704,5002,1492807110256016906,/temperature,15.644068718,0.0
1492807110329328806,5003,1492807110330016906,/temperature,15.6703214645,0.0
1492807110403208075,5004,1492807110404016906,/temperature,15.6527996063,0.0
1492807110478663986,5005,1492807110479016906,/temperature,15.644068718,0.0
1492807110552848134,5006,1492807110553016906,/temperature,15.6353387833,0.0
1492807110626151797,5007,1492807110627016906,/temperature,15.6615304947,0.0
1492807110700542236,5008,1492807110702016906,/temperature,15.6266078949,0.0
1492807110775711438,5009,1492807110776016906,/temperature,15.6353387833,0.0
1492807110849081667,5010,1492807110850016906,/temperature,15.644068718,0.0
1492807110923788160,5011,1492807110924016906,/temperature,15.6353387833,0.0
1492807110997277990,5012,1492807110999016906,/temperature,15.6004133224,0.0
1492807111071885804,5013,1492807111073016906,/temperature,15.6353387833,0.0
1492807111146527479,5014,1492807111147016906,/temperature,15.644068718,0.0
1492807111220685875,5015,1492807111221016906,/temperature,15.6353387833,0.0
1492807111295719663,5016,1492807111296581100,/temperature,15.6091451645,0.0
1492807111369955117,5017,1492807111370581100,/temperature,15.6353387833,0.0
1492807111442942266,5018,1492807111444581100,/temperature,15.6353387833,0.0
1492807111517026353,5019,1492807111519581100,/temperature,15.644068718,0.0
1492807111592642730,5020,1492807111593581100,/temperature,15.644068718,0.0
1492807111665890101,5021,1492807111667581100,/temperature,15.644068718,0.0
1492807111739865727,5022,1492807111741581100,/temperature,15.6527996063,0.0
1492807111813951239,5023,1492807111816581100,/temperature,15.6266078949,0.0
1492807111889066372,5024,1492807111890581100,/temperature,15.6353387833,0.0
1492807111963791695,5025,1492807111964581100,/temperature,15.644068718,0.0
1492807112037325398,5026,1492807112038581100,/temperature,15.6353387833,0.0
1492807112111780973,5027,1492807112113581100,/temperature,15.644068718,0.0
1492807112186721711,5028,1492807112187581100,/temperature,15.6178760529,0.0
1492807112260537824,5029,1492807112261581100,/temperature,15.6091451645,0.0
1492807112333900489,5030,1492807112335581100,/temperature,15.6266078949,0.0
1492807112408890473,5031,1492807112410581100,/temperature,15.6353387833,0.0
1492807112483091744,5032,1492807112484581100,/temperature,15.6353387833,0.0
1492807112557901037,5033,1492807112558581100,/temperature,15.6266078949,0.0
1492807112631281091,5034,1492807112632581100,/temperature,15.6266078949,0.0
1492807112706401613,5035,1492807112707581100,/temperature,15.6353387833,0.0
1492807112779990239,5036,1492807112781581100,/temperature,15.6266078949,0.0
1492807112854453099,5037,1492807112855581100,/temperature,15.6353387833,0.0
1492807112928371783,5038,1492807112930581100,/temperature,15.6266078949,0.0
1492807113003446014,5039,1492807113004581100,/temperature,15.6004133224,0.0
1492807113077678139,5040,1492807113078581100,/temperature,15.6178760529,0.0
1492807113151054630,5041,1492807113152581100,/temperature,15.6266078949,0.0
1492807113225909863,5042,1492807113227581100,/temperature,15.6178760529,0.0
1492807113300571192,5043,1492807113301581100,/temperature,15.6178760529,0.0
1492807113374683259,5044,1492807113375581100,/temperature,15.6004133224,0.0
1492807113448765238,5045,1492807113450581100,/temperature,15.6004133224,0.0
1492807113523439700,5046,1492807113524581100,/temperature,15.6091451645,0.0
1492807113597212711,5047,1492807113598581100,/temperature,15.6178760529,0.0
1492807113671213366,5048,1492807113672581100,/temperature,15.6004133224,0.0
1492807113745175813,5049,1492807113747581100,/temperature,15.5654859543,0.0
1492807113819957402,5050,1492807113820260046,/temperature,15.6004133224,0.0
1492807113894292771,5051,1492807113894260046,/temperature,15.5916824341,0.0
1492807113968482178,5052,1492807113968260046,/temperature,15.6004133224,0.0
1492807114043561150,5053,1492807114043260046,/temperature,15.6266078949,0.0
1492807114117321457,5054,1492807114117260046,/temperature,15.6091451645,0.0
1492807114191597806,5055,1492807114191260046,/temperature,15.5916824341,0.0
1492807114265801881,5056,1492807114265260046,/temperature,15.5916824341,0.0
1492807114340678927,5057,1492807114340260046,/temperature,15.582950592,0.0
1492807114414774485,5058,1492807114414260046,/temperature,15.5742177963,0.0
1492807114488777861,5059,1492807114488260046,/temperature,15.5916824341,0.0
1492807114562794732,5060,1492807114563260046,/temperature,15.582950592,0.0
1492807114637304268,5061,1492807114637260046,/temperature,15.5654859543,0.0
1492807114711619329,5062,1492807114711260046,/temperature,15.6266078949,0.0
1492807114785672254,5063,1492807114785260046,/temperature,15.6091451645,0.0
1492807114860811142,5064,1492807114860260046,/temperature,15.5916824341,0.0
1492807114934349383,5065,1492807114934260046,/temperature,15.5654859543,0.0
1492807115008645346,5066,1492807115008260046,/temperature,15.5480213165,0.0
1492807115082164970,5067,1492807115082260046,/temperature,15.5916824341,0.0
1492807115157271673,5068,1492807115157260046,/temperature,15.5742177963,0.0
1492807115230789752,5069,1492807115231260046,/temperature,15.6004133224,0.0
1492807115305043909,5070,1492807115305260046,/temperature,15.5742177963,0.0
1492807115378934214,5071,1492807115379260046,/temperature,15.5567541122,0.0
1492807115454917196,5072,1492807115454260046,/temperature,15.582950592,0.0
1492807115528804022,5073,1492807115528260046,/temperature,15.5742177963,0.0
1492807115601934053,5074,1492807115602260046,/temperature,15.5742177963,0.0
1492807115676275158,5075,1492807115677260046,/temperature,15.5654859543,0.0
1492807115751513846,5076,1492807115751260046,/temperature,15.582950592,0.0
1492807115824926522,5077,1492807115825260046,/temperature,15.582950592,0.0
1492807115899129524,5078,1492807115899260046,/temperature,15.5916824341,0.0
1492807115974143448,5079,1492807115974260046,/temperature,15.5654859543,0.0
1492807116048010827,5080,1492807116048260046,/temperature,15.5742177963,0.0
1492807116122928184,5081,1492807116122260046,/temperature,15.5916824341,0.0
1492807116196415970,5082,1492807116196260046,/temperature,15.5742177963,0.0
1492807116271417265,5083,1492807116271260046,/temperature,15.582950592,0.0
1492807116345429026,5084,1492807116345449922,/temperature,15.5392885208,0.0
1492807116419370743,5085,1492807116419449922,/temperature,15.6004133224,0.0
1492807116493295393,5086,1492807116494449922,/temperature,15.5742177963,0.0
1492807116568262104,5087,1492807116568449922,/temperature,15.5654859543,0.0
1492807116642052284,5088,1492807116642449922,/temperature,15.5567541122,0.0
1492807116716489840,5089,1492807116716449922,/temperature,15.5742177963,0.0
1492807116790986823,5090,1492807116791449922,/temperature,15.5480213165,0.0
1492807116865802051,5091,1492807116865449922,/temperature,15.5654859543,0.0
1492807116938938887,5092,1492807116939449922,/temperature,15.5567541122,0.0
1492807117013024745,5093,1492807117013449922,/temperature,15.582950592,0.0
1492807117088502020,5094,1492807117088449922,/temperature,15.5654859543,0.0
1492807117162473978,5095,1492807117162449922,/temperature,15.5742177963,0.0
1492807117236256884,5096,1492807117236449922,/temperature,15.5742177963,0.0
1492807117310222928,5097,1492807117310449922,/temperature,15.5654859543,0.0
1492807117385419663,5098,1492807117385449922,/temperature,15.5654859543,0.0
1492807117459375837,5099,1492807117459449922,/temperature,15.5654859543,0.0
1492807117533271676,5100,1492807117533449922,/temperature,15.5654859543,0.0
1492807117608262654,5101,1492807117608449922,/temperature,15.5567541122,0.0
1492807117682239269,5102,1492807117682449922,/temperature,15.5567541122,0.0
1492807117756261531,5103,1492807117756449922,/temperature,15.582950592,0.0
1492807117830460391,5104,1492807117830449922,/temperature,15.582950592,0.0
1492807117905656023,5105,1492807117905449922,/temperature,15.5742177963,0.0
1492807117979731547,5106,1492807117979449922,/temperature,15.5742177963,0.0
1492807118052966976,5107,1492807118053449922,/temperature,15.582950592,0.0
1492807118126944137,5108,1492807118127449922,/temperature,15.5654859543,0.0
1492807118201982607,5109,1492807118202449922,/temperature,15.5654859543,0.0
1492807118276801116,5110,1492807118276449922,/temperature,15.5742177963,0.0
1492807118350120604,5111,1492807118350449922,/temperature,15.5567541122,0.0
1492807118424805592,5112,1492807118424449922,/temperature,15.5742177963,0.0
1492807118499640886,5113,1492807118499449922,/temperature,15.5480213165,0.0
1492807118573690685,5114,1492807118573449922,/temperature,15.5654859543,0.0
1492807118647057970,5115,1492807118647449922,/temperature,15.5567541122,0.0
1492807118722023220,5116,1492807118721449922,/temperature,15.5654859543,0.0
1492807118796162414,5117,1492807118796449922,/temperature,15.5654859543,0.0
1492807118869824796,5118,1492807118871062992,/temperature,15.5654859543,0.0
1492807118943944520,5119,1492807118945062992,/temperature,15.5654859543,0.0
1492807119019457196,5120,1492807119020062992,/temperature,15.5654859543,0.0
1492807119092898867,5121,1492807119094062992,/temperature,15.5567541122,0.0
1492807119167711546,5122,1492807119168062992,/temperature,15.582950592,0.0
1492807119241953232,5123,1492807119242062992,/temperature,15.5654859543,0.0
1492807119316314702,5124,1492807119317062992,/temperature,15.5654859543,0.0
1492807119390136353,5125,1492807119391062992,/temperature,15.5742177963,0.0
1492807119464102122,5126,1492807119465062992,/temperature,15.5742177963,0.0
1492807119538989694,5127,1492807119540062992,/temperature,15.5480213165,0.0
1492807119613196273,5128,1492807119614062992,/temperature,15.5654859543,0.0
1492807119687347584,5129,1492807119688062992,/temperature,15.5742177963,0.0
1492807119761624119,5130,1492807119762062992,/temperature,15.5567541122,0.0
1492807119836707149,5131,1492807119837062992,/temperature,15.5742177963,0.0
1492807119910621054,5132,1492807119911062992,/temperature,15.5654859543,0.0
1492807119984234023,5133,1492807119985062992,/temperature,15.5742177963,0.0
1492807120058835196,5134,1492807120059062992,/temperature,15.5654859543,0.0
1492807120132879170,5135,1492807120134062992,/temperature,15.582950592,0.0
1492807120206887808,5136,1492807120208062992,/temperature,15.582950592,0.0
1492807120280908235,5137,1492807120282062992,/temperature,15.5392885208,0.0
1492807120356446190,5138,1492807120356062992,/temperature,15.5742177963,0.0
1492807120430513648,5139,1492807120431062992,/temperature,15.5654859543,0.0
1492807120503977862,5140,1492807120505062992,/temperature,15.5742177963,0.0
1492807120578166742,5141,1492807120579062992,/temperature,15.5916824341,0.0
1492807120653162972,5142,1492807120654062992,/temperature,15.5654859543,0.0
1492807120726882111,5143,1492807120728062992,/temperature,15.5654859543,0.0
1492807120800968353,5144,1492807120802062992,/temperature,15.5654859543,0.0
1492807120875453054,5145,1492807120876062992,/temperature,15.5480213165,0.0
1492807120950833569,5146,1492807120951062992,/temperature,15.5654859543,0.0
1492807121024838279,5147,1492807121025062992,/temperature,15.5742177963,0.0
1492807121098087385,5148,1492807121099062992,/temperature,15.5742177963,0.0
1492807121173059588,5149,1492807121173062992,/temperature,15.5654859543,0.0
1492807121247599970,5150,1492807121248062992,/temperature,15.5742177963,0.0
1492807121320878757,5151,1492807121322062992,/temperature,15.5742177963,0.0
1492807121395716904,5152,1492807121396663902,/temperature,15.5916824341,0.0
1492807121469822960,5153,1492807121471663902,/temperature,15.5742177963,0.0
1492807121543889054,5154,1492807121545663902,/temperature,15.5742177963,0.0
1492807121618437028,5155,1492807121619663902,/temperature,15.5742177963,0.0
1492807121692777307,5156,1492807121693663902,/temperature,15.5654859543,0.0
1492807121767399950,5157,1492807121768663902,/temperature,15.5654859543,0.0
1492807121841551402,5158,1492807121842663902,/temperature,15.5654859543,0.0
1492807121915060735,5159,1492807121916663902,/temperature,15.5742177963,0.0
1492807121990268522,5160,1492807121990663902,/temperature,15.5654859543,0.0
1492807122064018207,5161,1492807122065663902,/temperature,15.582950592,0.0
1492807122138076515,5162,1492807122139663902,/temperature,15.6004133224,0.0
1492807122212353275,5163,1492807122213663902,/temperature,15.5916824341,0.0
1492807122287889304,5164,1492807122287663902,/temperature,15.5742177963,0.0
1492807122360802457,5165,1492807122362663902,/temperature,15.5654859543,0.0
1492807122435428801,5166,1492807122436663902,/temperature,15.5742177963,0.0
1492807122509607375,5167,1492807122510663902,/temperature,15.582950592,0.0
1492807122584460510,5168,1492807122585663902,/temperature,15.5567541122,0.0
1492807122658375011,5169,1492807122659663902,/temperature,15.582950592,0.0
1492807122732876096,5170,1492807122733663902,/temperature,15.582950592,0.0
1492807122807518336,5171,1492807122807663902,/temperature,15.5916824341,0.0
1492807122881382828,5172,1492807122882663902,/temperature,15.582950592,0.0
1492807122956107353,5173,1492807122956663902,/temperature,15.5916824341,0.0
1492807123029122257,5174,1492807123030663902,/temperature,15.582950592,0.0
