%time,field.transforms0.header.seq,field.transforms0.header.stamp,field.transforms0.header.frame_id,field.transforms0.child_frame_id,field.transforms0.transform.translation.x,field.transforms0.transform.translation.y,field.transforms0.transform.translation.z,field.transforms0.transform.rotation.x,field.transforms0.transform.rotation.y,field.transforms0.transform.rotation.z,field.transforms0.transform.rotation.w
1492807088714858411,0,1492807088706537962,odom,robot_frame,-1.15243512466e-11,7.84605516471e-12,-0.2001326235,0.00421148170233,-0.138372444092,0.708841793291,0.691649219057
1492807088814738480,0,1492807088800909281,odom,robot_frame,-1.76486951592e-05,2.78662260944e-05,-0.205273572719,0.00322691553175,-0.137866238826,0.70891404363,0.691681549524
1492807088914691988,0,1492807088897446394,odom,robot_frame,-0.000216273833588,0.000347023162031,-0.208833303524,-7.18284252804e-05,-0.134658679355,0.709616234622,0.691600921396
1492807089014692174,0,1492807089003134966,odom,robot_frame,-0.000582455643694,0.000881743595805,-0.204214712777,-0.00416808896477,-0.130206375309,0.710816756543,0.691207975562
1492807089115055138,0,1492807089100991964,odom,robot_frame,-0.000950132241717,0.00120913878263,-0.199727230668,-0.0072049512562,-0.125369719028,0.712113166035,0.690742615587
1492807089214886414,0,1492807089197762489,odom,robot_frame,-0.00120817834129,0.00120932436135,-0.202408195858,-0.00868530164113,-0.122046297743,0.712968451004,0.690438450998
1492807089314882964,0,1492807089300791025,odom,robot_frame,-0.00122594470523,0.000950201110511,-0.207276733476,-0.00897742174162,-0.120190350557,0.713377022361,0.690338257306
1492807089414944790,0,1492807089401050568,odom,robot_frame,-0.000901503699422,0.000447977283931,-0.20972463255,-0.00813123381883,-0.120069309497,0.713398419322,0.690347694472
1492807089514673325,0,1492807089497427225,odom,robot_frame,-0.00019020108724,-0.000595623551442,-0.205400616023,-0.0060265778361,-0.121726833039,0.712954482053,0.6905375913
1492807089614686194,0,1492807089599025249,odom,robot_frame,0.00124821753884,-0.00248078011751,-0.204198809295,-0.00304261800295,-0.124422309334,0.712053643462,0.691006107244
1492807089714713747,0,1492807089700504780,odom,robot_frame,0.00343097757157,-0.00511407456029,-0.201744205226,0.000587958828762,-0.127675832639,0.710862792484,0.691644870093
1492807089814700055,0,1492807089797083855,odom,robot_frame,0.00631546550251,-0.00737540072057,-0.206574549462,0.00388780932302,-0.130751953611,0.709838237219,0.692111615671
1492807089914690382,0,1492807089898750782,odom,robot_frame,0.0097198409916,-0.00864634939829,-0.204160091641,0.0053526236077,-0.132593395809,0.709494199701,0.692104270612
1492807090014695950,0,1492807090000283718,odom,robot_frame,0.0134045770717,-0.00820357199229,-0.201789172734,0.00400296616109,-0.132520079225,0.710028173163,0.691579639795
1492807090114685016,0,1492807090096951246,odom,robot_frame,0.0169606401107,-0.00654309302844,-0.203821034398,0.00121083748839,-0.131619188738,0.710958093454,0.690806421786
1492807090214685673,0,1492807090198525429,odom,robot_frame,0.0202847323504,-0.00471988462642,-0.199084127896,-0.00282525497408,-0.12973114268,0.71180334361,0.690288235868
1492807090314654092,0,1492807090300043344,odom,robot_frame,0.0234333682906,-0.003497178555,-0.195998091988,-0.00766048907963,-0.126920887578,0.712212999053,0.690351395438
1492807090414628942,0,1492807090413012028,odom,robot_frame,0.0270568348366,-0.00315277610813,-0.204214711241,-0.0111566279047,-0.124956781324,0.711777521762,0.691110766787
1492807090514821513,0,1492807090498002291,odom,robot_frame,0.0292216794892,-0.00429245630883,-0.199298246618,-0.00899155624388,-0.126791484954,0.710542664221,0.692078170138
1492807090614843679,0,1492807090599577427,odom,robot_frame,0.0317988198482,-0.00544112791251,-0.204426432961,-0.00365557057277,-0.130877270083,0.709011579931,0.692936040702
1492807090714690992,0,1492807090711431980,odom,robot_frame,0.0338911649221,-0.00624977493589,-0.199112672242,0.000380792533178,-0.132893369634,0.708469213498,0.693116570881
1492807090814692299,0,1492807090797645330,odom,robot_frame,0.035618254726,-0.00584807857009,-0.20065830058,0.0014242418629,-0.132791700246,0.708658221892,0.692941455266
1492807090914684936,0,1492807090899206400,odom,robot_frame,0.0377979799112,-0.00487723831516,-0.203595214413,-6.32971135783e-08,-0.130684229823,0.709056676704,0.692935972004
1492807091014699834,0,1492807091008277893,odom,robot_frame,0.0403449135774,-0.00384192395194,-0.204214712262,-0.00502791773552,-0.127057728336,0.709175258735,0.693470623827
1492807091114900566,0,1492807091097407341,odom,robot_frame,0.0429575716797,-0.00265528887148,-0.209496320918,-0.011378894634,-0.121416667176,0.709364344483,0.694212316561
1492807091214685436,0,1492807091199026346,odom,robot_frame,0.0458605870712,-0.00141948266847,-0.207693738224,-0.0189694103539,-0.115139733179,0.709490061013,0.694986947099
1492807091314706846,0,1492807091305164099,odom,robot_frame,0.0491596435591,0.00033614039593,-0.206254731454,-0.0260914411679,-0.108885773713,0.709690677463,0.695558960336
1492807091414661801,0,1492807091396967411,odom,robot_frame,0.0522172310022,0.00195691111782,-0.205483732901,-0.0299788467187,-0.10379816591,0.709878367622,0.695988442925
1492807091514712003,0,1492807091498571873,odom,robot_frame,0.0559635788916,0.0038354581693,-0.207867298348,-0.031001206088,-0.10193288033,0.709536520015,0.696567685077
1492807091614691485,0,1492807091602185011,odom,robot_frame,0.0597448071368,0.00470589453446,-0.205235120567,-0.0296773047039,-0.103097668311,0.708751985708,0.697252286571
1492807091714667778,0,1492807091696870804,odom,robot_frame,0.0633648820048,0.00541867329555,-0.203237094586,-0.0266969031064,-0.106846167713,0.70784314785,0.697731502694
1492807091814711486,0,1492807091798393488,odom,robot_frame,0.0672900481682,0.00621932251053,-0.200428914476,-0.0222659007525,-0.111882710202,0.707126063804,0.697824633207
1492807091914680920,0,1492807091900042772,odom,robot_frame,0.0715543924039,0.00769053105945,-0.203197491411,-0.0165455239082,-0.117382827501,0.70663444208,0.697578155272
1492807092014810292,0,1492807092001638174,odom,robot_frame,0.0756971251268,0.00913246792293,-0.203833987139,-0.0104484980888,-0.122843793176,0.70598301169,0.697415384524
1492807092114680050,0,1492807092098218918,odom,robot_frame,0.0799094185756,0.0107008136701,-0.206259893608,-0.00534951526822,-0.127548799806,0.705104802249,0.697516956209
1492807092214709100,0,1492807092199877977,odom,robot_frame,0.0839279060967,0.0126394116647,-0.19913031669,-0.00251315291218,-0.130501608825,0.704154255911,0.697946844709
1492807092314757547,0,1492807092301397800,odom,robot_frame,0.0885637948775,0.0148594433144,-0.200301938662,-0.00285891525016,-0.130580360761,0.703379559188,0.698711522521
1492807092414662065,0,1492807092397995710,odom,robot_frame,0.0930553420526,0.0173337587659,-0.205962615796,-0.00659348918395,-0.127440461587,0.703079526873,0.699567461753
1492807092514671002,0,1492807092499412537,odom,robot_frame,0.0970339098651,0.0204314264234,-0.204323698881,-0.0123998281123,-0.122345030969,0.703274221541,0.700202332884
1492807092614664958,0,1492807092600994110,odom,robot_frame,0.100881491283,0.0231823773942,-0.202729606522,-0.0186124894661,-0.117008045928,0.703689607704,0.700559510987
1492807092714700439,0,1492807092697534561,odom,robot_frame,0.1048799591,0.0257469184771,-0.207441905641,-0.0232218052268,-0.112953600845,0.704059843875,0.700715325978
1492807092814669636,0,1492807092799090385,odom,robot_frame,0.108634500008,0.0271200066882,-0.201307742328,-0.0256241901534,-0.110486094026,0.7042643418,0.700819492291
1492807092914698437,0,1492807092900739431,odom,robot_frame,0.112773546239,0.0295347339662,-0.201824514255,-0.0262721532882,-0.109193905158,0.704397930404,0.700863767561
1492807093014639652,0,1492807093013330936,odom,robot_frame,0.11749698293,0.0331379220217,-0.202174693061,-0.0257957752399,-0.108685591569,0.70460720542,0.700750102558
1492807093114634248,0,1492807093098725080,odom,robot_frame,0.121414128925,0.0367969649352,-0.203320127229,-0.0241761790728,-0.109722884028,0.704640394234,0.700612814542
1492807093214674296,0,1492807093200236559,odom,robot_frame,0.126442169052,0.0415590892455,-0.20460874814,-0.0221332109786,-0.111203551432,0.704709462793,0.700377372686
1492807093314658226,0,1492807093310568094,odom,robot_frame,0.131832382574,0.0457283768916,-0.201152690817,-0.0198306208658,-0.112724704611,0.704469432669,0.700444648692
1492807093414679885,0,1492807093398309946,odom,robot_frame,0.136485257284,0.0488075543017,-0.202317593631,-0.0178033290896,-0.115633516502,0.703800786988,0.70069706976
1492807093514675140,0,1492807093499895096,odom,robot_frame,0.141828182529,0.0517309390088,-0.203628080498,-0.0151972043228,-0.11868394694,0.702988532082,0.701063684326
1492807093614688361,0,1492807093607433081,odom,robot_frame,0.147086227406,0.0541214342695,-0.203194304001,-0.0129825184726,-0.121025377486,0.702335955772,0.701361901908
1492807093714643642,0,1492807093697924376,odom,robot_frame,0.151182370012,0.0556688014185,-0.202134370794,-0.0118211789526,-0.122857237088,0.701942467192,0.701457861725
1492807093814631209,0,1492807093799322844,odom,robot_frame,0.155355192312,0.0571513899566,-0.198764108475,-0.0108639977611,-0.124288339092,0.70174500511,0.701418797952
1492807093914709173,0,1492807093904468060,odom,robot_frame,0.160336985612,0.0582143139817,-0.207276732798,-0.0106616954998,-0.124998329454,0.701857653357,0.701182986322
1492807094014653244,0,1492807093997410297,odom,robot_frame,0.163893606918,0.0598305718485,-0.203240662632,-0.0118117431512,-0.12447088853,0.70232087358,0.700794457145
1492807094114657270,0,1492807094098869085,odom,robot_frame,0.16792211776,0.0611527270143,-0.205804753701,-0.0138588370062,-0.122931341411,0.702990938653,0.700356736319
1492807094214675522,0,1492807094200979948,odom,robot_frame,0.171610877208,0.0620578184635,-0.206254731324,-0.0159573932025,-0.120765748302,0.703706635047,0.699969976092
1492807094314806566,0,1492807094301677465,odom,robot_frame,0.174976082327,0.0622234150495,-0.203849308203,-0.0175789020892,-0.118135536761,0.704427800885,0.699654522244
1492807094414720453,0,1492807094398189783,odom,robot_frame,0.178756347353,0.0629590139531,-0.210697670949,-0.0187162404787,-0.115496276243,0.705217519797,0.699270021013
1492807094514674174,0,1492807094499774456,odom,robot_frame,0.182007496629,0.0625989848309,-0.199124618981,-0.0194795523919,-0.113562604041,0.705900719051,0.698876424588
1492807094615002841,0,1492807094601349115,odom,robot_frame,0.187076716913,0.0652026602619,-0.20534595174,-0.0194943443778,-0.113171852995,0.70651472062,0.698318732224
1492807094714664561,0,1492807094698079824,odom,robot_frame,0.191826764367,0.0668524747317,-0.204042254144,-0.019202700148,-0.113811103662,0.706768370036,0.697966159715
1492807094814672710,0,1492807094799685478,odom,robot_frame,0.197045798467,0.0678315169909,-0.200088914871,-0.0178734246267,-0.115458075959,0.70640934017,0.698094418764
1492807094914711601,0,1492807094901272297,odom,robot_frame,0.203146472668,0.0689599564564,-0.203021824396,-0.0155046504017,-0.117620232582,0.705537653141,0.698671386779
1492807095014834939,0,1492807094997747660,odom,robot_frame,0.208907495582,0.0696500015718,-0.204063592923,-0.0125541861008,-0.119772605956,0.704637080945,0.699273551217
1492807095114735560,0,1492807095099458218,odom,robot_frame,0.215131694874,0.070679884764,-0.206259054985,-0.0101536873816,-0.121265879051,0.704055422557,0.69964094447
1492807095214909890,0,1492807095201039553,odom,robot_frame,0.221359719692,0.0725450785637,-0.206315167202,-0.00881474469523,-0.122039162943,0.704067656822,0.699512314117
1492807095314678219,0,1492807095297562122,odom,robot_frame,0.227494531926,0.0754793599684,-0.204192192838,-0.0083728400027,-0.122688346199,0.704818949901,0.698647059049
1492807095414663125,0,1492807095399169445,odom,robot_frame,0.23432069211,0.0796950731192,-0.198005470818,-0.00862220671711,-0.123889936719,0.70589178571,0.697347637838
1492807095514671209,0,1492807095500728846,odom,robot_frame,0.24271176329,0.0833573297279,-0.198739470374,-0.00903760574331,-0.125644805148,0.707117870721,0.695784464852
1492807095614646430,0,1492807095612431049,odom,robot_frame,0.252955943109,0.0864592073398,-0.198092263005,-0.00865001280582,-0.127728870597,0.70803858822,0.694472368411
1492807095714702064,0,1492807095698665142,odom,robot_frame,0.261413189436,0.0882364607244,-0.193941828424,-0.00831194281884,-0.129197026063,0.708398978579,0.693837104233
1492807095814701467,0,1492807095800278187,odom,robot_frame,0.271567088185,0.088258007575,-0.198482175031,-0.00776580426439,-0.128783816133,0.70869069266,0.693622320232
1492807095914691244,0,1492807095909842014,odom,robot_frame,0.28209419854,0.0878469159869,-0.200133079399,-0.00808423382678,-0.126728806921,0.708897615796,0.693785719785
1492807096014643216,0,1492807095998212814,odom,robot_frame,0.290144908632,0.0873323793747,-0.197269880496,-0.00912230095861,-0.123551497253,0.709055558564,0.694184432281
1492807096114663462,0,1492807096099648714,odom,robot_frame,0.300185331257,0.0862346009514,-0.199372125778,-0.0101395526182,-0.121675100235,0.708782936755,0.694779898975
1492807096214663836,0,1492807096206290007,odom,robot_frame,0.31190369091,0.085515148407,-0.198092263204,-0.01020137115,-0.12142675463,0.708217072156,0.695399204769
1492807096314703502,0,1492807096297708750,odom,robot_frame,0.323671066854,0.0858971180766,-0.201121430897,-0.010018495805,-0.121510187476,0.707771151078,0.695841146946
1492807096414651920,0,1492807096399179935,odom,robot_frame,0.337444195739,0.0873786177621,-0.200927996158,-0.0103768754399,-0.12098974042,0.707745324736,0.69595284214
1492807096514660906,0,1492807096503354073,odom,robot_frame,0.352509974618,0.0904979420628,-0.2042147116,-0.0119562978562,-0.119537482848,0.708240246419,0.695674917248
1492807096614732578,0,1492807096597256660,odom,robot_frame,0.36594312941,0.0941548521854,-0.204987074511,-0.0139799611707,-0.117937940478,0.709017600571,0.6951181518
1492807096714726074,0,1492807096698745728,odom,robot_frame,0.380214437113,0.0984209579017,-0.206789733989,-0.0151739555373,-0.117845406108,0.709712747992,0.694399039941
1492807096814701929,0,1492807096800821066,odom,robot_frame,0.393806966624,0.100640178874,-0.201152690818,-0.0143223499848,-0.119975681348,0.710054559467,0.693702550634
1492807096914661839,0,1492807096901764870,odom,robot_frame,0.407459506226,0.102839901286,-0.201900299869,-0.0118972699069,-0.123493007889,0.710019056518,0.69316727516
1492807097014661765,0,1492807096998367548,odom,robot_frame,0.420498348129,0.103863234371,-0.20069624705,-0.00791970890484,-0.128068316623,0.709542631888,0.692881691215
1492807097114787430,0,1492807097099878550,odom,robot_frame,0.434610592603,0.104623030612,-0.199105462875,-0.00395906930109,-0.132017407673,0.708606265979,0.693132663822
1492807097214814972,0,1492807097201374531,odom,robot_frame,0.449416319565,0.106361036284,-0.19520165596,0.000337796156635,-0.135500489442,0.707299766353,0.693805840111
1492807097314653820,0,1492807097297827482,odom,robot_frame,0.464706269913,0.105429060535,-0.201122151381,0.0043726189699,-0.138315147492,0.705904449299,0.694657259832
1492807097414678626,0,1492807097399374247,odom,robot_frame,0.481368801653,0.107246372418,-0.202312660393,0.00794586029196,-0.140610065458,0.704716329521,0.695370813093
1492807097514695996,0,1492807097500947952,odom,robot_frame,0.497990458561,0.116636626057,-0.192678271839,0.0102535742816,-0.142001213873,0.704086638636,0.695695712771
1492807097614677430,0,1492807097597498655,odom,robot_frame,0.516843894421,0.112529290538,-0.20373122675,0.0107382051259,-0.141978901596,0.704227494524,0.695550370864
1492807097714639386,0,1492807097699031115,odom,robot_frame,0.535788229342,0.117265866576,-0.200262817913,0.00899964311022,-0.140199389326,0.704870156872,0.695284977263
1492807097814703621,0,1492807097800730467,odom,robot_frame,0.555807368932,0.119082658789,-0.198621138048,0.00449724274207,-0.136107652531,0.705832699795,0.695165218944
1492807097914652892,0,1492807097914297104,odom,robot_frame,0.578916443916,0.118089387555,-0.200133079379,-0.0041614000523,-0.130828618234,0.706560157446,0.695441801526
1492807098014663595,0,1492807097998716831,odom,robot_frame,0.595991303554,0.117138756544,-0.203295136328,-0.0109423963217,-0.122090310116,0.707744199569,0.695753094218
1492807098114647823,0,1492807098100266695,odom,robot_frame,0.616024625576,0.115385292481,-0.203436714901,-0.016925262997,-0.116936514363,0.708044305327,0.696213077136
1492807098214703247,0,1492807098211982965,odom,robot_frame,0.63768288958,0.11485585151,-0.205235120058,-0.0196957012535,-0.115384203422,0.707763563598,0.696684507504
1492807098314724218,0,1492807098298395157,odom,robot_frame,0.654057372321,0.108594807985,-0.19799731937,-0.0183981640775,-0.118250666982,0.707126663835,0.696886051382
1492807098414636958,0,1492807098400002241,odom,robot_frame,0.673771574177,0.110236831587,-0.200980026863,-0.0135969621077,-0.124255862196,0.706045183605,0.697047919472
1492807098514686258,0,1492807098508529902,odom,robot_frame,0.695172172876,0.109825051479,-0.201152690324,-0.00430752714145,-0.132171327619,0.704494231367,0.697280476807
1492807098614751742,0,1492807098598127604,odom,robot_frame,0.713362444707,0.108867718934,-0.203338446633,0.00640280603982,-0.143012384872,0.701928871701,0.697712204938
1492807098714640099,0,1492807098699720621,odom,robot_frame,0.734369740236,0.110213957005,-0.200815482723,0.0168922614625,-0.151450220679,0.699447861323,0.698247929785
1492807098814700435,0,1492807098806711912,odom,robot_frame,0.756006347534,0.121114745628,-0.190948609923,0.0262416056888,-0.157529717368,0.697351648315,0.698710558722
1492807098914742138,0,1492807098897623301,odom,robot_frame,0.777490125979,0.106253872127,-0.200546448098,0.0323482675082,-0.162047881396,0.695760869022,0.699007072112
1492807099014687160,0,1492807098999202490,odom,robot_frame,0.799282114098,0.11223041285,-0.197958786008,0.0338568320082,-0.162264780905,0.695540216581,0.69910490123
1492807099114709866,0,1492807099102977037,odom,robot_frame,0.822447412316,0.113000604576,-0.198092263237,0.0300308621589,-0.158704532185,0.696407286208,0.699233802456
1492807099214686871,0,1492807099197317839,odom,robot_frame,0.843094397087,0.118395146605,-0.194216364155,0.0239409891405,-0.153145055379,0.697523004982,0.699596368324
1492807099314768951,0,1492807099298965693,odom,robot_frame,0.868123306167,0.106559451629,-0.203727237314,0.0189188550098,-0.148909813886,0.697771763762,0.700415954951
1492807099414765424,0,1492807099401053905,odom,robot_frame,0.892671116132,0.106677303568,-0.199112671708,0.0162369991608,-0.147056967137,0.696967756642,0.701674108455
1492807099514869574,0,1492807099502048969,odom,robot_frame,0.919185869344,0.0997834656911,-0.205996907222,0.0158878963199,-0.14765160268,0.695401092551,0.703110161678
1492807099614920494,0,1492807099598547459,odom,robot_frame,0.942432479893,0.100335743528,-0.195167142332,0.017234340485,-0.150082144765,0.69361334936,0.704328651213
1492807099714851106,0,1492807099700216532,odom,robot_frame,0.968283785036,0.0941268812858,-0.200122081429,0.0194386484256,-0.153535452559,0.691961067207,0.705151675333
1492807099814711678,0,1492807099801656723,odom,robot_frame,0.993433607275,0.0859442276358,-0.207599004556,0.0220208058873,-0.157195255967,0.690565131981,0.705637679055
1492807099914705116,0,1492807099898134470,odom,robot_frame,1.01641577392,0.0864551152773,-0.203864896677,0.0226593945414,-0.158602839553,0.689911071885,0.705942210111
1492807100014652981,0,1492807099999691725,odom,robot_frame,1.04104150606,0.089804834378,-0.197122534106,0.0192431395707,-0.155654529705,0.690428991298,0.706193441585
1492807100114676049,0,1492807100101290226,odom,robot_frame,1.06627474342,0.0878324959996,-0.196249344027,0.0114802700813,-0.148328427382,0.691929494049,0.706470421387
1492807100214730345,0,1492807100197862387,odom,robot_frame,1.09041294123,0.0851655599707,-0.198363400174,0.00108307429105,-0.138517838251,0.693608272536,0.706908197509
1492807100314694552,0,1492807100299449205,odom,robot_frame,1.11672590292,0.0826683672412,-0.197079331958,-0.0102022555696,-0.127925615012,0.694922113815,0.707540957639
1492807100414696651,0,1492807100401006222,odom,robot_frame,1.14335165972,0.0812898726301,-0.197078220705,-0.0195292475189,-0.119050444695,0.69550475308,0.708321070244
1492807100514638950,0,1492807100513948917,odom,robot_frame,1.17351283356,0.0796979888368,-0.19707265211,-0.0269195840677,-0.113343509841,0.695157649045,0.709354937774
1492807100614694351,0,1492807100599090815,odom,robot_frame,1.19616958441,0.0881441038745,-0.201232345144,-0.0289289035044,-0.109589198365,0.694841522401,0.710175038207
1492807100714708349,0,1492807100700582027,odom,robot_frame,1.22357888154,0.0932421253682,-0.204559474811,-0.0282926236743,-0.1101600568,0.693801952099,0.711128076084
1492807100814793460,0,1492807100811522007,odom,robot_frame,1.25377744912,0.0817341212072,-0.20115269079,-0.024224789926,-0.11333654471,0.692441627694,0.712104331838
1492807100914638034,0,1492807100898534060,odom,robot_frame,1.27764857823,0.0851690815126,-0.204320642777,-0.0189548802683,-0.119413916425,0.691007299547,0.712663974851
1492807101014854526,0,1492807101000017166,odom,robot_frame,1.30523620928,0.0840044654096,-0.205653929895,-0.0121793165056,-0.125880735007,0.689784625363,0.712883493579
1492807101114820633,0,1492807101108508110,odom,robot_frame,1.33406685098,0.0785201035346,-0.202174693387,-0.00509802666633,-0.131658183322,0.688980033614,0.712703757651
1492807101214675738,0,1492807101198308468,odom,robot_frame,1.3594205489,0.0774947215184,-0.2095362594,-0.000366835470765,-0.136980550714,0.688314870472,0.712361448455
1492807101314793883,0,1492807101299966574,odom,robot_frame,1.38752649922,0.0760487330178,-0.208571891953,0.00193696944426,-0.139389929757,0.68829755781,0.711908117347
1492807101414858864,0,1492807101404902935,odom,robot_frame,1.41563364121,0.0806589049982,-0.194010631878,0.000826953583758,-0.138982310504,0.688659622257,0.711639767149
1492807101514669260,0,1492807101498207331,odom,robot_frame,1.44272382244,0.0770700723135,-0.197882247044,-0.00258175727914,-0.136157062989,0.689298709939,0.711562981896
1492807101614693636,0,1492807101599806547,odom,robot_frame,1.47259238648,0.0771510251135,-0.191505507573,-0.00710356611266,-0.132062474203,0.689888210655,0.71173260362
1492807101714680572,0,1492807101702625036,odom,robot_frame,1.50230547794,0.0780606837697,-0.199112670407,-0.0114713664608,-0.127824393417,0.69032027308,0.712030373491
1492807101814852139,0,1492807101797804117,odom,robot_frame,1.53033755833,0.0776638022599,-0.199275035229,-0.0146405080213,-0.124483926319,0.690648197932,0.712246077074
1492807101914697769,0,1492807101899323225,odom,robot_frame,1.56009527114,0.0777182471887,-0.200481081461,-0.0163186639799,-0.123004051767,0.690720708093,0.712396383951
1492807102014729288,0,1492807102000890255,odom,robot_frame,1.58979254241,0.0759145245303,-0.200142040078,-0.0168763241583,-0.12306739954,0.690494131554,0.712592070643
1492807102114800935,0,1492807102097533464,odom,robot_frame,1.61782404012,0.0775469105242,-0.203345979862,-0.0163962451309,-0.124372618411,0.690004836466,0.712850573815
1492807102214873828,0,1492807102199163914,odom,robot_frame,1.64725448623,0.0711818969762,-0.197172110421,-0.0141502031097,-0.127253181921,0.689411980307,0.712963898702
1492807102314701009,0,1492807102300806999,odom,robot_frame,1.6763025973,0.0747604277109,-0.20324219924,-0.0103753049772,-0.131234755835,0.689011627687,0.712694021878
1492807102414699269,0,1492807102397318363,odom,robot_frame,1.70463411088,0.0744864479932,-0.194291848389,-0.00495301330941,-0.136259633285,0.688740235034,0.712071392939
1492807102514844106,0,1492807102498742104,odom,robot_frame,1.7340854804,0.0751336497021,-0.198060043113,0.00139551337694,-0.141504351348,0.688313665777,0.711476541143
1492807102614637038,0,1492807102600273848,odom,robot_frame,1.76343525383,0.0780056008655,-0.197223341165,0.00706217288046,-0.145665731608,0.687477696819,0.711411299268
1492807102714871651,0,1492807102701839447,odom,robot_frame,1.79249902183,0.0870022342171,-0.192547833183,0.0117135939833,-0.148799209366,0.686084059337,0.71204652273
1492807102814709253,0,1492807102798421621,odom,robot_frame,1.82327329042,0.072957856619,-0.202371708351,0.0150158203948,-0.150829020563,0.684511512167,0.713070207907
1492807102914685379,0,1492807102900034189,odom,robot_frame,1.85242506633,0.0812051264945,-0.198206875057,0.0168936948791,-0.152004499729,0.683221740615,0.714014907608
1492807103014717555,0,1492807103001608849,odom,robot_frame,1.88361637249,0.0758835922456,-0.200367234967,0.0174635145943,-0.152498482853,0.682614878219,0.714476148251
1492807103114694426,0,1492807103113223076,odom,robot_frame,1.91678217803,0.0756428585484,-0.19911267136,0.015771006646,-0.15214377493,0.682698423694,0.714511308088
1492807103214751307,0,1492807103199801207,odom,robot_frame,1.94202246334,0.0763503904359,-0.196980857029,0.0120997492308,-0.149291688539,0.683465174855,0.714451497697
1492807103314798535,0,1492807103301386595,odom,robot_frame,1.97153485873,0.0732308051919,-0.19684114683,0.00657497179726,-0.145381587821,0.684067597128,0.714753444363
1492807103414678973,0,1492807103410245895,odom,robot_frame,2.0027909729,0.0696382459695,-0.198092262921,0.000780704204648,-0.141879797712,0.6838390755,0.715704989728
1492807103514642513,0,1492807103499253988,odom,robot_frame,2.02859307224,0.0676490666979,-0.196096863437,-0.00239091167562,-0.138104494323,0.683699952973,0.716572261879
1492807103614839621,0,1492807103600904226,odom,robot_frame,2.05887460283,0.0628885276669,-0.187789909097,-0.00293316795496,-0.137575492415,0.683034628083,0.717306125201
1492807103714640859,0,1492807103707670927,odom,robot_frame,2.08916616948,0.0653971731669,-0.198092262066,-4.5049658235e-05,-0.139153723216,0.682318418279,0.717689219204
1492807103814681364,0,1492807103799052238,odom,robot_frame,2.11569945184,0.0635688514084,-0.197485826605,0.00382633272527,-0.142258843268,0.681398585898,0.71794411191
1492807103914705114,0,1492807103900612116,odom,robot_frame,2.14614553309,0.0615068303655,-0.200644230688,0.00701056399218,-0.143731511301,0.68050368779,0.71847535487
1492807104014656769,0,1492807104005889893,odom,robot_frame,2.17700443571,0.060951966811,-0.199112671787,0.00774671413115,-0.143255956396,0.679563820288,0.719451689506
1492807104114657629,0,1492807104098504782,odom,robot_frame,2.2048360589,0.059756360432,-0.198733790271,0.00532553358699,-0.14056384445,0.678907182894,0.720623675257
1492807104214719923,0,1492807104199991703,odom,robot_frame,2.23735253825,0.0557559036655,-0.203323692494,2.91027126361e-05,-0.136255447916,0.678699333173,0.721665897224
1492807104314689062,0,1492807104302521944,odom,robot_frame,2.2695032995,0.0530610822251,-0.20523512013,-0.00681472757703,-0.131461167993,0.679069688223,0.722174410607
1492807104414717349,0,1492807104398127556,odom,robot_frame,2.29860283722,0.0490103624535,-0.202900266879,-0.013832688986,-0.126652814143,0.679881808689,0.7221692652
1492807104514854516,0,1492807104499698400,odom,robot_frame,2.32887287877,0.0489612018302,-0.202207666129,-0.019681622784,-0.123100217856,0.680624794143,0.721947961896
1492807104614676645,0,1492807104601213932,odom,robot_frame,2.35808300105,0.051198604438,-0.202144251934,-0.0231858114135,-0.121251816725,0.681078349789,0.721728963351
1492807104714944633,0,1492807104697591782,odom,robot_frame,2.38636279592,0.0419042407576,-0.197730349977,-0.0238325307114,-0.121165019144,0.681292641269,0.721520190686
1492807104814700349,0,1492807104799233913,odom,robot_frame,2.41606944463,0.032269043386,-0.193765952279,-0.0213267372003,-0.123174908911,0.681415151603,0.721142498582
1492807104914690582,0,1492807104900836468,odom,robot_frame,2.4449353112,0.0306779417287,-0.194069512411,-0.0163807407782,-0.126901135462,0.681253139943,0.720778698678
1492807105014688280,0,1492807104997349024,odom,robot_frame,2.47271192372,0.0328956275532,-0.197709355258,-0.00950588474397,-0.132278338662,0.680673058041,0.720483356736
1492807105114687875,0,1492807105098978281,odom,robot_frame,2.50192060665,0.0270501235195,-0.192001173438,-0.00209037334721,-0.138290395464,0.679455712019,0.720563204907
1492807105214718881,0,1492807105200522423,odom,robot_frame,2.53302397844,0.026460432231,-0.192107593889,0.00414414142279,-0.143411893664,0.677880484122,0.721036687065
1492807105314716225,0,1492807105302106619,odom,robot_frame,2.56573861021,0.022204965761,-0.195556285954,0.00767344514406,-0.146187378032,0.676414528774,0.721826678648
1492807105414757070,0,1492807105398520470,odom,robot_frame,2.5956092473,0.0234455573384,-0.194303841694,0.00743300738976,-0.145568272207,0.675636537304,0.722682432323
1492807105514700139,0,1492807105500078678,odom,robot_frame,2.62868745894,0.013225974037,-0.199106057668,0.00327363041661,-0.141613867342,0.675692748917,0.723445993134
1492807105614685564,0,1492807105601625204,odom,robot_frame,2.66002161048,0.00902896943619,-0.200948659819,-0.00360702172002,-0.135605619221,0.676418980443,0.723916755108
1492807105714627862,0,1492807105713880062,odom,robot_frame,2.69316635519,0.007814826389,-0.201152690226,-0.0124415297646,-0.130476555629,0.677474550608,0.723774350228
1492807105814679624,0,1492807105799740553,odom,robot_frame,2.71845911954,0.00260945474321,-0.195915765918,-0.0185020434688,-0.123651641567,0.679265715343,0.72316390527
1492807105914689783,0,1492807105901259661,odom,robot_frame,2.74700740359,0.00628013235704,-0.197151185672,-0.0230554839557,-0.120082542553,0.680909613688,0.722087754793
1492807106014716103,0,1492807106010744095,odom,robot_frame,2.77777724356,0.0100953651044,-0.200133079257,-0.0235693081654,-0.119374138115,0.681943338211,0.721212580541
1492807106114649187,0,1492807106099410295,odom,robot_frame,2.80387651598,-0.0116904171556,-0.19444691942,-0.0201570939068,-0.122093846954,0.68178109485,0.721014093347
1492807106214697494,0,1492807106201016188,odom,robot_frame,2.83335092237,-0.0123966390133,-0.19848965204,-0.0133298948903,-0.127330455646,0.680689332613,0.721298344261
1492807106314658819,0,1492807106307579041,odom,robot_frame,2.86446263229,-0.0187375245417,-0.200133079576,-0.00446560213616,-0.133657021422,0.679094471581,0.72176627636
1492807106414732465,0,1492807106398886204,odom,robot_frame,2.89029778006,-0.0205158876795,-0.197446612358,0.00266434433106,-0.140037103999,0.677706120474,0.721870435081
1492807106514860532,0,1492807106500501633,odom,robot_frame,2.92324081481,-0.0297126668618,-0.202771242457,0.00648118418388,-0.142774127382,0.677396186131,0.72160096301
1492807106614832091,0,1492807106604126930,odom,robot_frame,2.95592473895,-0.0367730848526,-0.205235119973,0.0058418588913,-0.142158430219,0.677894472935,0.721259964899
1492807106714836415,0,1492807106698523760,odom,robot_frame,2.98406687337,-0.0362677958503,-0.202824237088,0.00161930873776,-0.138804510043,0.678811068081,0.721072964188
1492807106814658652,0,1492807106800085068,odom,robot_frame,3.01371284876,-0.033667765351,-0.196770305441,-0.00406833978026,-0.134483579568,0.679688405947,0.721055674868
1492807106914694944,0,1492807106901827335,odom,robot_frame,3.04353023018,-0.0375557698606,-0.198081024939,-0.00849289496817,-0.131298966086,0.680257472922,0.721067419021
1492807107014689733,0,1492807106998289585,odom,robot_frame,3.0714521124,-0.0362733281668,-0.202809045875,-0.0103778764801,-0.130208269761,0.680603664512,0.720913835363
1492807107114651910,0,1492807107099885225,odom,robot_frame,3.10102847436,-0.0449740514478,-0.195544311097,-0.00982965622912,-0.130924869532,0.680842238428,0.720566376379
1492807107214694767,0,1492807107201339245,odom,robot_frame,3.12975184585,-0.0476471953817,-0.198113385514,-0.00802264192329,-0.132368800665,0.68088344612,0.72028596448
1492807107314789377,0,1492807107297817469,odom,robot_frame,3.1573206074,-0.0573739792659,-0.184955846098,-0.00651128243428,-0.133539332427,0.68061125306,0.720342399213
1492807107414946306,0,1492807107399428368,odom,robot_frame,3.18690566007,-0.0614601039283,-0.187433647916,-0.00564593894792,-0.134333834036,0.680055242265,0.720727002321
1492807107514711145,0,1492807107500967264,odom,robot_frame,3.21729500935,-0.0649395008192,-0.1971928218,-0.00536465064826,-0.134663217066,0.679494268965,0.721196628484
1492807107614855406,0,1492807107597505093,odom,robot_frame,3.24548963083,-0.0663732873563,-0.19258648569,-0.00496688480003,-0.13504410797,0.678990069434,0.721603010365
1492807107714905371,0,1492807107699221849,odom,robot_frame,3.27585027197,-0.0688796112934,-0.199082947574,-0.00396274145946,-0.135584897453,0.67875554386,0.721728441966
1492807107814852316,0,1492807107800643682,odom,robot_frame,3.30497081312,-0.0681819232545,-0.1933493322,-0.00232822365005,-0.136200922897,0.678726077826,0.721647281749
1492807107914713247,0,1492807107902188778,odom,robot_frame,3.3365183627,-0.0737802298439,-0.203838089399,-0.000316054306665,-0.136891655367,0.67874364712,0.721503732697
1492807108014885609,0,1492807107998677492,odom,robot_frame,3.36361927966,-0.0740129153758,-0.202245117433,0.00153132109147,-0.137657633226,0.678662901298,0.721432392863
1492807108114685911,0,1492807108100264788,odom,robot_frame,3.39335507316,-0.0766788606342,-0.20235419352,0.0023124868521,-0.137988076838,0.678450549188,0.7215669029
1492807108214711007,0,1492807108201812267,odom,robot_frame,3.42438295556,-0.082324366346,-0.203055445172,0.00141504901339,-0.137660667056,0.678052351511,0.722005918946
1492807108314656690,0,1492807108311995029,odom,robot_frame,3.46129703695,-0.0961310775168,-0.211356770965,-0.00150796284158,-0.136980165381,0.677236223476,0.722900586494
1492807108414706092,0,1492807108399810314,odom,robot_frame,3.486567199,-0.0962365659886,-0.198651060464,-0.00501241850437,-0.135110612,0.676840883108,0.723606534755
1492807108514695935,0,1492807108501438379,odom,robot_frame,3.51650735907,-0.100284326538,-0.194559234044,-0.00976846862738,-0.132813491475,0.676440287822,0.724357432843
1492807108614704689,0,1492807108609952927,odom,robot_frame,3.54735120461,-0.102812658938,-0.191970611206,-0.0146615812215,-0.13075391323,0.676512488547,0.724582158938
1492807108714698078,0,1492807108699443579,odom,robot_frame,3.57008805735,-0.0975979452706,-0.194945590699,-0.0173197458597,-0.128327808468,0.67725749643,0.724261198399
1492807108814777425,0,1492807108800943136,odom,robot_frame,3.59889277307,-0.100692217981,-0.194614498612,-0.0177761705279,-0.127311558637,0.678116042248,0.723625875743
1492807108914862258,0,1492807108907771111,odom,robot_frame,3.63134586064,-0.113529252704,-0.191970611869,-0.0155144422586,-0.127027158114,0.678599163141,0.723274898616
1492807109014688176,0,1492807108998938322,odom,robot_frame,3.65780904893,-0.130143709314,-0.187682713454,-0.01125649128,-0.128516085602,0.677865304737,0.723778651094
1492807109114748763,0,1492807109100476503,odom,robot_frame,3.68847246019,-0.127810729258,-0.198911713047,-0.00577139525709,-0.130448251475,0.676160178851,0.725091275096
1492807109214906390,0,1492807109204019070,odom,robot_frame,3.71252771374,-0.137339143089,-0.195031039637,-0.000398465235866,-0.132655086844,0.67398155326,0.72674021151
1492807109314719459,0,1492807109298632383,odom,robot_frame,3.74428253126,-0.145443047173,-0.203212543594,0.00333943624923,-0.1350081394,0.672237766922,0.727913480563
1492807109414702206,0,1492807109400034666,odom,robot_frame,3.76890402337,-0.144057885795,-0.20113256082,0.0039993725828,-0.136374546345,0.671737626344,0.728117126211
1492807109514664790,0,1492807109501523733,odom,robot_frame,3.8077068803,-0.158692150635,-0.208290167806,0.000952230138596,-0.135964191688,0.672549873529,0.727454121888
1492807109614682263,0,1492807109597941875,odom,robot_frame,3.83935265846,-0.165859119845,-0.210778854065,-0.00488134131119,-0.133636050776,0.674124047937,0.726411967435
1492807109714641915,0,1492807109699539423,odom,robot_frame,3.86913864348,-0.16619848185,-0.204929471738,-0.0117048686391,-0.129454270437,0.675599670665,0.725720106455
1492807109814651738,0,1492807109801056862,odom,robot_frame,3.89763774018,-0.167095912991,-0.205217156644,-0.0170662744838,-0.124690597854,0.676430343872,0.72567416033
1492807109914648775,0,1492807109897528648,odom,robot_frame,3.92544916991,-0.174901521884,-0.203434543723,-0.0191551147182,-0.121216092893,0.676543305554,0.726105292718
1492807110014715717,0,1492807109998986959,odom,robot_frame,3.95600792038,-0.195031480049,-0.198847945562,-0.0173222917221,-0.121110639027,0.676103925272,0.726578029915
1492807110114693255,0,1492807110100551128,odom,robot_frame,3.98448884675,-0.207184565832,-0.197132966707,-0.0128431619048,-0.124595913825,0.675313750315,0.726816517483
1492807110214700503,0,1492807110197016954,odom,robot_frame,4.0122320262,-0.212306361448,-0.197125415425,-0.0074885621792,-0.130904811724,0.674210704762,0.72680656112
1492807110314715841,0,1492807110298479795,odom,robot_frame,4.04223231909,-0.217626915766,-0.196918488411,-0.00298219405061,-0.137774025553,0.672840465813,0.726839137613
1492807110414678092,0,1492807110399862289,odom,robot_frame,4.07176029933,-0.220013589152,-0.192958568083,-0.000217023357529,-0.142988879316,0.671436157478,0.727136589455
1492807110514699082,0,1492807110501389027,odom,robot_frame,4.10251641022,-0.22490074789,-0.192218916669,0.000769707563109,-0.145170539566,0.670346195354,0.727709351573
1492807110614643585,0,1492807110597964287,odom,robot_frame,4.128960234,-0.249854574821,-0.200541222173,0.000126677739749,-0.143882963255,0.669874038851,0.728399923745
1492807110714752081,0,1492807110699415684,odom,robot_frame,4.16357122208,-0.235009802503,-0.194287484671,-0.00198450568374,-0.140065921553,0.670095145157,0.728937648769
1492807110814728768,0,1492807110800987959,odom,robot_frame,4.19395680514,-0.237121352994,-0.193909663475,-0.00557908412399,-0.134911892881,0.670852358923,0.729194601946
1492807110914620938,0,1492807110912899971,odom,robot_frame,4.22557076843,-0.24404998936,-0.200133079013,-0.0106807961499,-0.130365294015,0.67174078517,0.729146849577
1492807111014669823,0,1492807110999098539,odom,robot_frame,4.25007456734,-0.25755449317,-0.193138411936,-0.0138695312176,-0.12591576233,0.672722830272,0.728969718528
1492807111114710945,0,1492807111100706816,odom,robot_frame,4.27964251406,-0.242085908698,-0.205003992833,-0.0158416513196,-0.124322463475,0.673324874213,0.728647089423
1492807111214656423,0,1492807111209847927,odom,robot_frame,4.31097578711,-0.264756458498,-0.200133080171,-0.0155193993271,-0.124079294093,0.67373014827,0.728320783951
1492807111314782777,0,1492807111298563480,odom,robot_frame,4.33647338675,-0.272710726236,-0.201731147282,-0.0132609373369,-0.125176823313,0.673685548312,0.728218849276
1492807111414632548,0,1492807111400067568,odom,robot_frame,4.36459797266,-0.285641548179,-0.201835527095,-0.00998300813628,-0.12653687664,0.673599511701,0.728115688771
1492807111514691832,0,1492807111506042004,odom,robot_frame,4.39416552924,-0.294385520986,-0.203194304152,-0.00675950495395,-0.128091603784,0.673587464106,0.727892010076
1492807111614665483,0,1492807111598094940,odom,robot_frame,4.41831490384,-0.299728067492,-0.201488859978,-0.00431602699909,-0.13056407407,0.673595750751,0.727463510455
1492807111714844462,0,1492807111699664116,odom,robot_frame,4.44800242375,-0.304122820506,-0.201150228801,-0.00287371903196,-0.133401986085,0.6736534661,0.726902097575
1492807111814818397,0,1492807111803035975,odom,robot_frame,4.48084759965,-0.31169222817,-0.203194303566,-0.00218430295683,-0.136187298841,0.67339080779,0.726631315344
1492807111914655807,0,1492807111897717476,odom,robot_frame,4.50865828851,-0.310668726206,-0.19772029094,-0.00221457370001,-0.1381717589,0.672828303313,0.72677763791
1492807112014646577,0,1492807111999281168,odom,robot_frame,4.53808179391,-0.321165385849,-0.19992944518,-0.00315179878819,-0.138265250006,0.672286233835,0.727257868023
1492807112114671191,0,1492807112100844145,odom,robot_frame,4.5694685861,-0.314819755073,-0.192990424172,-0.00477586476293,-0.136547136826,0.672110479556,0.727735923128
1492807112214797374,0,1492807112197294235,odom,robot_frame,4.59713654189,-0.317681827429,-0.19349148886,-0.00678376197153,-0.133640192142,0.672443788794,0.727951667716
1492807112314755557,0,1492807112298841953,odom,robot_frame,4.62832093167,-0.318434549788,-0.188146099995,-0.00915358952491,-0.130342518564,0.673224173562,0.727802343899
1492807112414718114,0,1492807112400356054,odom,robot_frame,4.65682818802,-0.318426044196,-0.195118928824,-0.011171912098,-0.127828048201,0.674284985549,0.727237881808
1492807112514657533,0,1492807112501871824,odom,robot_frame,4.68674635697,-0.315013409117,-0.202292446903,-0.0122361890072,-0.126945843547,0.675451287546,0.726292356175
1492807112614702543,0,1492807112598213196,odom,robot_frame,4.71539705981,-0.33384392037,-0.194541368919,-0.0119953405645,-0.127552440117,0.676552260337,0.725164481934
1492807112714679534,0,1492807112699687243,odom,robot_frame,4.74563827838,-0.325194876969,-0.204378353472,-0.0104492468878,-0.12928972455,0.677354961135,0.724130676737
1492807112814693584,0,1492807112801152229,odom,robot_frame,4.7758476174,-0.332945233719,-0.200948175124,-0.00804662352245,-0.131389024531,0.677863945534,0.723306745045
1492807112914708256,0,1492807112897691011,odom,robot_frame,4.80543950163,-0.332177760562,-0.2101191611,-0.00527840779312,-0.133256141897,0.678122455426,0.722748140437
1492807113014652413,0,1492807112999354601,odom,robot_frame,4.83407999522,-0.332309572728,-0.20444777968,-0.00243595631033,-0.134917698154,0.678224993938,0.722358732514
1492807113114733670,0,1492807113100910187,odom,robot_frame,4.86264106356,-0.330408613014,-0.203077560527,-0.000465227540578,-0.136044529438,0.678153569411,0.722218392087
1492807113214654679,0,1492807113197460651,odom,robot_frame,4.8886973975,-0.327983814985,-0.201463892808,0.0003732998693,-0.136724508069,0.67788557279,0.722341622602
1492807113314802325,0,1492807113299015284,odom,robot_frame,4.91553658029,-0.32070660736,-0.197308710233,0.000397866357715,-0.137237972404,0.677478647528,0.722625949421
1492807113414665535,0,1492807113400582552,odom,robot_frame,4.94439788178,-0.321438576997,-0.19785681238,-1.83335998699e-05,-0.137652666686,0.677133241945,0.722870884509
1492807113514695439,0,1492807113511550903,odom,robot_frame,4.97600338669,-0.317524635179,-0.195031039089,-0.000919378443948,-0.137523494381,0.676855997074,0.723154480358
1492807113614820443,0,1492807113598644733,odom,robot_frame,5.00114900634,-0.327149502556,-0.201373974082,-0.00267959113304,-0.135628866591,0.676873560441,0.72349140528
1492807113714716532,0,1492807113700215340,odom,robot_frame,5.0309378343,-0.326784775008,-0.197350996741,-0.0051077609151,-0.133074361937,0.676850427488,0.723974187235
1492807113814804443,0,1492807113808051109,odom,robot_frame,5.06204380462,-0.330208463812,-0.200133079125,-0.00723541975611,-0.131391915397,0.67653675951,0.724556296158
1492807113914859109,0,1492807113898173332,odom,robot_frame,5.08816264035,-0.33132260647,-0.20210117735,-0.00844865707134,-0.131076631762,0.676046749803,0.725057465916
1492807114014699800,0,1492807113999677420,odom,robot_frame,5.11796373475,-0.341838955887,-0.194610364273,-0.00834792017615,-0.132744684728,0.675304886592,0.725446394332
1492807114114672161,0,1492807114105408907,odom,robot_frame,5.14633654745,-0.341414359228,-0.201152689654,-0.00765650358155,-0.134652767776,0.67479901707,0.725573081532
1492807114214710699,0,1492807114197690487,odom,robot_frame,5.177889255,-0.346744315556,-0.192115026145,-0.00748750880315,-0.135342581732,0.674682999526,0.725554390058
1492807114314677056,0,1492807114299352646,odom,robot_frame,5.20448703539,-0.35102756456,-0.197953422073,-0.00786390141937,-0.134582903895,0.674708996267,0.725667535025
1492807114414865214,0,1492807114403672934,odom,robot_frame,5.23663877456,-0.356274145961,-0.194010631013,-0.00829072023328,-0.133884586343,0.674568212286,0.725922797872
1492807114514903853,0,1492807114497265816,odom,robot_frame,5.26211278444,-0.360142120702,-0.196221494602,-0.0086070552467,-0.134151166724,0.674177135733,0.726233139371
1492807114614892080,0,1492807114598930597,odom,robot_frame,5.2876094693,-0.363415231719,-0.202274308596,-0.00872503932551,-0.135344297821,0.673583990158,0.726560667074
1492807114714671047,0,1492807114700655937,odom,robot_frame,5.31210045558,-0.368420724712,-0.208296344073,-0.00882381220505,-0.136412535935,0.672861994587,0.727028539068
1492807114814798547,0,1492807114802055120,odom,robot_frame,5.34295599497,-0.374690975706,-0.204165617338,-0.00968911189941,-0.135862039753,0.671955540896,0.727958363043
1492807114914894265,0,1492807114898944616,odom,robot_frame,5.36875684975,-0.381237828667,-0.205495070977,-0.00985224732766,-0.134808259779,0.670739507283,0.729272363172
1492807115014886369,0,1492807115000582933,odom,robot_frame,5.40377722528,-0.391264205817,-0.195050042171,-0.00898284225055,-0.134304254596,0.669318452815,0.730680836251
1492807115114684496,0,1492807115097173214,odom,robot_frame,5.43023372234,-0.396906115927,-0.199390106147,-0.00830501081878,-0.134118624934,0.66805128394,0.731881618342
1492807115214653536,0,1492807115198734283,odom,robot_frame,5.45835953435,-0.403946003915,-0.195235387157,-0.00874976475326,-0.133889183948,0.667234495472,0.732663125926
1492807115314756505,0,1492807115300286770,odom,robot_frame,5.48759238679,-0.409104367594,-0.200137944423,-0.0108857711912,-0.132900322462,0.666924928294,0.733096272187
1492807115414807471,0,1492807115401819229,odom,robot_frame,5.51738290545,-0.419285328312,-0.192788429015,-0.0137864500138,-0.131058225751,0.667090574264,0.733228368919
1492807115514645940,0,1492807115498254538,odom,robot_frame,5.54204541789,-0.417770705698,-0.199495663812,-0.0151585351907,-0.129620332523,0.667280848732,0.733283749393
1492807115614739185,0,1492807115599687815,odom,robot_frame,5.57326201152,-0.435039447968,-0.195198186589,-0.0148483556478,-0.128637760892,0.667314584804,0.733432408416
1492807115714717763,0,1492807115701042414,odom,robot_frame,5.60243620304,-0.444420993347,-0.196873661838,-0.0134686899468,-0.128225918278,0.66698218531,0.7338334094
1492807115814875023,0,1492807115797554731,odom,robot_frame,5.63137352698,-0.44682832255,-0.202395923042,-0.0122261952626,-0.128326779701,0.666241133523,0.734510387784
1492807115914676286,0,1492807115898994684,odom,robot_frame,5.66038589005,-0.456960981278,-0.203261422371,-0.011925692468,-0.128875656667,0.665421660874,0.735161789144
1492807116014800903,0,1492807116000502586,odom,robot_frame,5.68613929113,-0.471256089984,-0.197628793504,-0.0130155049358,-0.129323802684,0.665013779026,0.735433630178
1492807116114710764,0,1492807116110960960,odom,robot_frame,5.71954849552,-0.474669552247,-0.201152689804,-0.0149049759156,-0.129596665075,0.665097879672,0.735273660993
1492807116214720650,0,1492807116198843002,odom,robot_frame,5.74453549997,-0.481101447316,-0.200011234667,-0.0165687576331,-0.128566565989,0.665309604982,0.735227341643
1492807116314678421,0,1492807116300464392,odom,robot_frame,5.7751005803,-0.498154780649,-0.193855543537,-0.0180087631316,-0.126947891161,0.665154017591,0.735615422801
1492807116414715566,0,1492807116408444881,odom,robot_frame,5.80573412718,-0.511810754657,-0.191970611451,-0.0184048360164,-0.126146751161,0.664311210171,0.736504497762
1492807116514725302,0,1492807116498504400,odom,robot_frame,5.83076131471,-0.520914579382,-0.191909231736,-0.0176509041141,-0.126728814654,0.66330960631,0.737325314428
1492807116614715087,0,1492807116600138903,odom,robot_frame,5.85933017099,-0.521717325474,-0.196870134207,-0.0165751433373,-0.127963580981,0.662294493466,0.738049178911
1492807116714707092,0,1492807116705430031,odom,robot_frame,5.88955789905,-0.532062491274,-0.197072652005,-0.0159988289001,-0.128612386536,0.661601080843,0.738570850583
1492807116814846739,0,1492807116798133850,odom,robot_frame,5.91655098475,-0.540721082013,-0.19800984329,-0.016004638788,-0.128477992182,0.661139249797,0.739007543561
1492807116914845500,0,1492807116899789572,odom,robot_frame,5.94636718961,-0.551711327752,-0.196908030746,-0.0161248147067,-0.127873069289,0.660863427179,0.739356476348
1492807117014692427,0,1492807117002023935,odom,robot_frame,5.97652174645,-0.560597570792,-0.198092262892,-0.0160250710995,-0.127183733949,0.660820457604,0.739515934735
1492807117114847090,0,1492807117097797871,odom,robot_frame,6.00458303287,-0.569561606441,-0.198019307751,-0.0157724248004,-0.126266292366,0.661134261987,0.739398094165
1492807117214699016,0,1492807117199447155,odom,robot_frame,6.03422415595,-0.578714406094,-0.197943325646,-0.015337206026,-0.125470265049,0.661589030545,0.739135939704
1492807117314708569,0,1492807117301045179,odom,robot_frame,6.06408190074,-0.587231475128,-0.198082393018,-0.0151112053921,-0.1251211005,0.662011134943,0.73882177749
1492807117414896367,0,1492807117397643089,odom,robot_frame,6.09155796431,-0.596408708097,-0.196810251645,-0.015154647205,-0.125697189093,0.662154171015,0.738594887018
1492807117514751052,0,1492807117499086618,odom,robot_frame,6.11985061515,-0.607401955801,-0.19408437453,-0.0156771781345,-0.126941064115,0.661917671462,0.738583230606
1492807117614848525,0,1492807117600572348,odom,robot_frame,6.15171403559,-0.614330310629,-0.199035442961,-0.0167721636664,-0.127863564399,0.661422052338,0.738844010672
1492807117714681176,0,1492807117697055101,odom,robot_frame,6.17948906358,-0.626907209341,-0.195640391945,-0.0183081573641,-0.127640912175,0.660801505271,0.739401095175
1492807117814844260,0,1492807117798633099,odom,robot_frame,6.20818299371,-0.639643878549,-0.194783513908,-0.0193540283172,-0.126686545295,0.660264424404,0.740018128626
1492807117914671605,0,1492807117900291681,odom,robot_frame,6.23597809638,-0.650640710543,-0.197174010151,-0.0196212600866,-0.125493363228,0.659870748632,0.740565336103
1492807118014805959,0,1492807117996884823,odom,robot_frame,6.26403435507,-0.667949652234,-0.195714325517,-0.0191003618995,-0.124371490989,0.659731485494,0.740892215813
1492807118114865347,0,1492807118098343611,odom,robot_frame,6.29285660116,-0.681762364873,-0.197757592722,-0.0182504229998,-0.123302924198,0.659897684922,0.740944232975
1492807118214673947,0,1492807118199925184,odom,robot_frame,6.32297909265,-0.691154430071,-0.202442781009,-0.0174003104487,-0.122661743956,0.660229780398,0.740775244485
1492807118314646957,0,1492807118301531315,odom,robot_frame,6.35183585608,-0.703879530947,-0.20363776579,-0.0163930585405,-0.123278156741,0.660351274903,0.740587575805
1492807118414644795,0,1492807118413836002,odom,robot_frame,6.37618905119,-0.724971229434,-0.19503103941,-0.0153281120421,-0.124691887823,0.660046344504,0.740645532762
1492807118514712154,0,1492807118499629259,odom,robot_frame,6.40798802872,-0.733947377714,-0.200883519241,-0.0151139012453,-0.126678418863,0.659508539964,0.740791896485
1492807118614822191,0,1492807118601221561,odom,robot_frame,6.44003004286,-0.748306132387,-0.203294268205,-0.0150148355338,-0.128157777808,0.659020325275,0.740973919633
1492807118714655286,0,1492807118710064888,odom,robot_frame,6.47116887428,-0.761447414381,-0.200133079484,-0.0146706546553,-0.129109663906,0.658921673292,0.740903296688
1492807118814697745,0,1492807118799549818,odom,robot_frame,6.4968188342,-0.77155393358,-0.197945412476,-0.0143825746033,-0.129536685418,0.65915759898,0.74062449891
1492807118914718305,0,1492807118901174784,odom,robot_frame,6.52489614024,-0.788909966661,-0.2020437986,-0.0141795112035,-0.129310040052,0.659539568476,0.740327908847
1492807119014703448,0,1492807119007462978,odom,robot_frame,6.55555446865,-0.794081605553,-0.192990223125,-0.0143074105219,-0.128846628446,0.659724471529,0.740241491682
1492807119114686802,0,1492807119099407673,odom,robot_frame,6.58145270431,-0.812974738736,-0.202110594553,-0.0144188207445,-0.12896555195,0.659417678537,0.74049193733
1492807119214822109,0,1492807119200974226,odom,robot_frame,6.60988713995,-0.827343716606,-0.202944576099,-0.0148180622148,-0.129673048276,0.658678852634,0.741017877434
1492807119314724745,0,1492807119304239988,odom,robot_frame,6.63937361863,-0.839714490327,-0.200133079617,-0.0157268785408,-0.130446216177,0.657642249869,0.741783742854
1492807119414673311,0,1492807119399057150,odom,robot_frame,6.66859479059,-0.850077476839,-0.195913401941,-0.0175811875164,-0.130316341522,0.657023621481,0.742312948691
1492807119514692772,0,1492807119500604391,odom,robot_frame,6.70088794492,-0.862228636015,-0.191832983823,-0.0201863588431,-0.129054113141,0.656842379695,0.74262752106
1492807119614667591,0,1492807119602471113,odom,robot_frame,6.71535834336,-0.870507345982,-0.203194302783,-0.0225468339133,-0.127138762252,0.657126604622,0.742638539877
1492807119715016695,0,1492807119698678017,odom,robot_frame,6.75423285153,-0.899727006439,-0.195406907721,-0.0236234189659,-0.124707859768,0.657789216814,0.742430623043
1492807119814743451,0,1492807119800317287,odom,robot_frame,6.77910589111,-0.90510081953,-0.200271792079,-0.0231811722789,-0.123157381228,0.658475927718,0.74209456629
1492807119914710031,0,1492807119902050018,odom,robot_frame,6.80596806307,-0.909689488978,-0.20529243319,-0.0213123121507,-0.122891236088,0.658991128975,0.741737299437
1492807120014809417,0,1492807119998487473,odom,robot_frame,6.8298820169,-0.938097358773,-0.199452807039,-0.0179583777102,-0.124418817465,0.658993399715,0.741569385602
1492807120114702128,0,1492807120100118876,odom,robot_frame,6.86278433186,-0.944964430456,-0.204939239611,-0.0140343840552,-0.127112875531,0.658410816351,0.741714601346
1492807120214648620,0,1492807120201696157,odom,robot_frame,6.89143274522,-0.957578062199,-0.205284168615,-0.0106810911114,-0.129946498163,0.657451828324,0.742129985475
1492807120314681951,0,1492807120298130751,odom,robot_frame,6.911476572,-0.953228504489,-0.199208016787,-0.00853685404346,-0.132397466859,0.656598855305,0.742479613259
1492807120414699643,0,1492807120399790049,odom,robot_frame,6.94683148034,-0.979170310667,-0.203388729603,-0.00854335513628,-0.13349614661,0.656395308682,0.742462786046
1492807120514687591,0,1492807120501388788,odom,robot_frame,6.97306545038,-0.976858010475,-0.199077784795,-0.0107705101818,-0.132779069767,0.656802378631,0.7422023647
1492807120614674181,0,1492807120597795248,odom,robot_frame,7.00082615092,-0.98538819593,-0.196931554796,-0.0139274197979,-0.130915194494,0.657427143377,0.741927752534
1492807120714845311,0,1492807120699457884,odom,robot_frame,7.02922443539,-1.00310695897,-0.198061517937,-0.0165945573202,-0.12897942398,0.657704385704,0.741966218829
1492807120814802591,0,1492807120800982475,odom,robot_frame,7.05798721509,-1.01925458626,-0.19814436072,-0.0175493195323,-0.128164926753,0.65755798902,0.742215106294
1492807120914700475,0,1492807120902575016,odom,robot_frame,7.08798689382,-1.03767804413,-0.195089281196,-0.0169600603641,-0.128633854679,0.657305714304,0.742371123984
1492807121014658739,0,1492807121013854027,odom,robot_frame,7.11757453583,-1.0530886781,-0.198092262767,-0.0162470670383,-0.129117478502,0.657267669993,0.742336796569
1492807121114777658,0,1492807121100515842,odom,robot_frame,7.14229116876,-1.06550527538,-0.191950777831,-0.0160751915266,-0.129241305614,0.657176522944,0.742399684019
1492807121214696464,0,1492807121202174902,odom,robot_frame,7.16831759021,-1.07973896573,-0.199454446294,-0.0156304004243,-0.129504277751,0.656980259076,0.742537050801
1492807121314640956,0,1492807121309936047,odom,robot_frame,7.19707690582,-1.09403891038,-0.200133079452,-0.0140708110175,-0.130447008251,0.656772329205,0.742587165191
1492807121414667244,0,1492807121400240898,odom,robot_frame,7.22109924374,-1.10590893722,-0.201393490175,-0.0125867137651,-0.131864906908,0.656714076677,0.742414872195
1492807121514640960,0,1492807121501743317,odom,robot_frame,7.24865427391,-1.12409375979,-0.205973468112,-0.0108556528622,-0.133471294005,0.656822118363,0.742059480977
1492807121614811792,0,1492807121607501030,odom,robot_frame,7.27603153831,-1.13143281936,-0.20421471238,-0.00923904159019,-0.135301182796,0.656717916301,0.7418421722
1492807121714818670,0,1492807121699792862,odom,robot_frame,7.30057388203,-1.13921176433,-0.20335233708,-0.00821488368387,-0.137606261176,0.656141761248,0.741940039166
1492807121814896934,0,1492807121801437855,odom,robot_frame,7.32771650936,-1.15301140467,-0.203483411649,-0.00660842546763,-0.139725853502,0.655487677013,0.742138073312
1492807121914809510,0,1492807121904377937,odom,robot_frame,7.35801521659,-1.13790424658,-0.197072652798,-0.00560364972958,-0.140155106449,0.655252478755,0.742273086089
1492807122014682957,0,1492807121999417305,odom,robot_frame,7.38172447707,-1.17615224162,-0.20242283328,-0.00559656924998,-0.138475077356,0.655572843803,0.742305582515
1492807122114797609,0,1492807122100972891,odom,robot_frame,7.40948248523,-1.16097600045,-0.196658009517,-0.00701656548653,-0.135185981077,0.656302620466,0.742254935112
1492807122214690670,0,1492807122202664137,odom,robot_frame,7.43687952398,-1.16961537411,-0.196068985986,-0.00953775817403,-0.131363651998,0.656950441639,0.742340042927
1492807122314669499,0,1492807122299121380,odom,robot_frame,7.46423273693,-1.18299935167,-0.197222833431,-0.0117595127707,-0.128999813933,0.65715287906,0.74254350405
1492807122414693682,0,1492807122400691271,odom,robot_frame,7.49204778732,-1.1983902692,-0.195793516903,-0.0136213448768,-0.127902640432,0.656881637196,0.742941376051
1492807122514676172,0,1492807122502143383,odom,robot_frame,7.52173727048,-1.21139336516,-0.195998204742,-0.014541542124,-0.127947329343,0.656252426959,0.743472108809
1492807122614691313,0,1492807122598620892,odom,robot_frame,7.5457982385,-1.23427120937,-0.190457327157,-0.0145797847359,-0.12886813557,0.655642733108,0.743850146222
1492807122714674414,0,1492807122700157642,odom,robot_frame,7.5766833134,-1.23798081811,-0.196333426147,-0.0144166660176,-0.130387626172,0.655388553501,0.743812523841
1492807122814697452,0,1492807122801779509,odom,robot_frame,7.60342601906,-1.24973648811,-0.199053677581,-0.0144989940258,-0.131941150386,0.655571701769,0.743375447433
1492807122914730074,0,1492807122898325682,odom,robot_frame,7.62535440252,-1.2628108122,-0.203153560841,-0.0150752632411,-0.133044882597,0.656019881731,0.742771640833
1492807123014708195,0,1492807122999954224,odom,robot_frame,7.6600340703,-1.27985120712,-0.195170026443,-0.0155206978282,-0.133332192272,0.656233379663,0.742522313374
