%time,field.data
1492807947056090915,0.0
1492807947156057533,0.0
1492807947256038017,0.0
1492807947356194942,0.0
1492807947456017803,0.0
1492807947556139913,0.0
1492807947656011443,0.0
1492807947756120973,0.0
1492807947856007937,0.0
1492807947956107499,0.0
1492807948056095126,0.0
1492807948156068969,0.0
1492807948256086852,0.0
1492807948356050791,0.0
1492807948455974819,0.0
1492807948556027366,0.0
1492807948655999340,0.0
1492807948756129760,0.0
1492807948856029727,0.0
1492807948956041359,0.0
1492807949056058350,0.0
1492807949156086885,0.0
1492807949256112991,0.0
1492807949355974521,0.0
1492807949456024423,0.0
1492807949556159101,0.0
1492807949656020991,0.0
1492807949756139865,0.0
1492807949855907945,0.0
1492807949956152767,0.0
1492807950056088527,0.0
1492807950156015354,0.0
1492807950256057104,0.0
1492807950356048671,0.0
1492807950455976335,0.0
1492807950556029626,0.0
1492807950656065843,0.0
1492807950756117107,0.0
1492807950855954225,0.0
1492807950956019860,0.0
1492807951056036785,0.0
1492807951156105112,0.0
1492807951256029143,0.0
1492807951355960725,0.0
1492807951456087678,0.0
1492807951556174821,0.0
1492807951656052975,0.0
1492807951756089725,35.0
1492807951856186019,35.0
1492807951956089110,35.0
1492807952056136998,26.7660255432
1492807952156032947,25.107793808
1492807952256080633,27.4005241394
1492807952356065953,28.7430095673
1492807952456038280,28.6956939697
1492807952556091044,29.0799465179
1492807952656060184,27.7696418762
1492807952756031475,25.5584621429
1492807952856181532,26.0491905212
1492807952956041950,26.1187438965
1492807953056046225,24.7159347534
1492807953156038281,23.2927818298
1492807953256018911,22.5356254578
1492807953355944704,20.0887432098
1492807953456278466,17.5872993469
1492807953556105452,17.7741508484
1492807953655947087,16.6528530121
1492807953756105189,16.5000209808
1492807953856139752,17.7044487
1492807953955935680,16.6996707916
1492807954055993288,16.0763492584
1492807954156009065,17.245382309
1492807954256028934,15.00091362
1492807954355969619,14.2434883118
1492807954455981012,13.6241874695
1492807954556049732,16.3016643524
1492807954656057935,16.19099617
1492807954755984089,13.8270902634
1492807954855955524,14.3517169952
1492807954956016569,12.1607503891
1492807955056017593,9.95655727386
1492807955156031477,10.8307304382
1492807955256057182,12.5506219864
1492807955356092759,11.0611848831
1492807955456062283,11.4500637054
1492807955556037125,11.7803697586
1492807955655945486,9.33053970337
1492807955756051309,9.15622997284
1492807955856038243,10.3567581177
1492807955956038016,8.95528125763
1492807956055997545,8.81116771698
1492807956155990984,9.8905172348
1492807956256027850,8.26124763489
1492807956356000647,7.37813806534
1492807956455919166,8.43638896942
1492807956556055235,7.61326026917
1492807956656067923,7.47545909882
1492807956755991167,8.99297618866
1492807956856101247,8.77270030975
1492807956956070987,9.53848075867
1492807957056070456,9.54745578766
1492807957156035156,11.1771268845
1492807957256071252,10.3383808136
1492807957356050897,8.17064094543
1492807957456051517,8.55312252045
1492807957556019028,7.26475000381
1492807957655939744,6.41901731491
1492807957756059640,8.26528072357
1492807957856044829,8.55610179901
1492807957956013566,8.33462238312
1492807958056010355,9.25405216217
1492807958155996843,8.32835769653
1492807958256000278,6.74287223816
1492807958356006827,6.41267633438
1492807958456025558,6.70074748993
1492807958556035152,5.70509719849
1492807958655979078,6.15010595322
1492807958756016967,7.74594449997
1492807958856044898,8.38713550568
1492807958955899861,9.20400905609
1492807959056037722,9.80644035339
1492807959156105522,8.43153953552
1492807959256191253,7.10024595261
1492807959356121709,7.54123067856
1492807959456014751,7.20171546936
1492807959556064629,7.58555459976
1492807959656036824,8.79814624786
1492807959756029771,9.1056432724
1492807959856120568,9.03574848175
1492807959956038517,7.26581668854
1492807960056065440,6.88825416565
1492807960156058845,5.12658882141
1492807960256135307,3.99537754059
1492807960356005347,5.36424827576
1492807960455974888,6.58937501907
1492807960556082973,8.73277759552
1492807960655941178,9.77740859985
1492807960755976875,9.9215221405
1492807960856068085,8.30715274811
1492807960956162250,7.81329441071
1492807961056290276,7.68550729752
1492807961156017914,8.30738830566
1492807961256178396,9.28812885284
1492807961356066642,9.04605770111
1492807961456031959,7.37632465363
1492807961556266965,6.864320755
1492807961656109225,6.46791124344
1492807961756100228,6.57541465759
1492807961856089686,7.02739524841
1492807961956011022,7.49251842499
1492807962056040187,7.70658683777
1492807962156127126,7.2926607132
1492807962256172554,6.6951084137
1492807962356045416,5.39342880249
1492807962456018276,3.8050570488
1492807962556083073,4.9868273735
1492807962656007349,5.69972038269
1492807962756010381,7.13215446472
1492807962856030381,8.04092693329
1492807962956021629,8.07535171509
1492807963056032983,7.63327598572
1492807963155981704,7.06838083267
1492807963256011943,7.19714832306
1492807963356019819,6.71848630905
1492807963456118567,6.09033155441
1492807963556068991,5.71566867828
1492807963655992237,4.23724222183
1492807963756042160,2.83194231987
1492807963856130854,3.63582539558
1492807963956070652,5.32569742203
1492807964056033894,8.04485034943
1492807964156050531,9.99834728241
1492807964255976265,11.1197948456
1492807964356063850,10.5706396103
1492807964456130198,10.0446386337
1492807964556088199,8.90524482727
1492807964655991912,8.03282642365
1492807964755959804,7.3888669014
1492807964856012318,6.97958278656
1492807964956005223,5.90610170364
1492807965055942273,4.68855476379
1492807965156081163,4.61329555511
1492807965256021505,4.53657197952
1492807965355968868,6.05215024948
1492807965456020105,8.03409767151
1492807965556035297,9.5152349472
1492807965656013169,10.1825580597
1492807965756054557,10.1373386383
1492807965856052157,9.28616428375
1492807965956058670,8.13085174561
1492807966056034611,6.90691614151
1492807966156007656,6.43755674362
1492807966256067472,6.22720193863
1492807966356053511,6.12556552887
1492807966456244628,6.56781053543
1492807966556014122,6.94225358963
1492807966656050691,7.23629331589
1492807966756130190,7.45688009262
1492807966855986053,7.85953998566
1492807966956025617,8.64756774902
1492807967056031567,8.69552230835
1492807967156060692,8.72439479828
1492807967255991923,7.97557401657
1492807967356063814,6.368060112
1492807967455919089,6.35593748093
1492807967556069489,6.33506584167
1492807967656626141,7.2288980484
1492807967756221842,8.19700145721
1492807967856025074,8.67347049713
1492807967956026145,8.49104690552
1492807968056025098,8.11082553864
1492807968156015716,7.53981208801
1492807968256005901,7.45579195023
1492807968356038371,7.79533624649
1492807968456023680,7.74075746536
1492807968556017708,6.90657520294
1492807968656115805,6.75787639618
1492807968756070303,7.0323266983
1492807968856027708,7.30039978027
1492807968956075416,7.35540962219
1492807969055996093,7.15800094604
1492807969156077248,6.47674226761
1492807969256084668,6.79718637466
1492807969355922611,7.51981496811
1492807969456076303,7.77383852005
1492807969555949900,8.17315006256
1492807969656066964,8.16151428223
1492807969756004529,7.94221353531
1492807969855990924,7.51047134399
1492807969956036899,7.15042924881
1492807970055963123,5.94341373444
1492807970156030607,5.00901126862
1492807970256064086,5.67971086502
1492807970355993594,6.35431909561
1492807970455957341,7.05397176743
1492807970556092150,7.34334802628
1492807970656054051,7.43581295013
1492807970756025924,7.8196439743
1492807970855990918,7.87191677094
1492807970956010832,8.04277038574
1492807971056064372,8.02838516235
1492807971155960782,7.39750623703
1492807971256005491,6.75530099869
1492807971356128485,5.86679124832
1492807971456009992,5.45692396164
1492807971556050026,5.59106683731
1492807971655962297,6.1576590538
1492807971755921484,6.97913360596
1492807971856124496,7.64227056503
1492807971955918567,7.79230642319
1492807972056044775,7.6094493866
1492807972156067171,7.84619855881
1492807972256048689,8.72928524017
1492807972355981118,9.88575267792
1492807972456080281,9.94372653961
1492807972555996209,9.35716819763
1492807972656040952,7.96401500702
1492807972756015576,6.14736461639
1492807972855966601,6.04892969131
1492807972956074989,6.17858505249
1492807973055976017,7.470454216
1492807973156071144,8.20570087433
1492807973256012244,9.19058322906
1492807973355878932,9.0216884613
1492807973456188955,9.06684207916
1492807973556066174,9.66797733307
1492807973656052254,10.0532150269
1492807973756077390,10.3696451187
1492807973856020525,10.2584037781
1492807973956029815,10.2829885483
1492807974055947433,10.4815168381
1492807974156090109,11.0934648514
1492807974256731511,11.5297279358
1492807974356100832,11.789768219
1492807974456065311,11.070438385
1492807974556259365,10.1469211578
1492807974656153737,9.28827857971
1492807974755995905,9.36130237579
1492807974856071037,9.95165061951
1492807974955987822,11.2399120331
1492807975055989537,11.9905204773
1492807975155999004,11.8755121231
1492807975255988723,11.5626173019
1492807975355973277,10.212644577
1492807975455981969,9.52217960358
1492807975555994669,8.67058849335
1492807975656067532,8.46183776855
1492807975756022356,9.38814067841
1492807975856045591,10.2373533249
1492807975956070558,11.2418241501
1492807976056038375,11.7817707062
1492807976156093804,12.1231861115
1492807976256034470,12.1257362366
1492807976356038650,11.5270586014
1492807976455976270,10.3992834091
1492807976555993701,9.7194108963
1492807976656063405,9.51940250397
1492807976756027022,9.18295669556
1492807976855981328,9.68717670441
1492807976956013141,9.90004825592
1492807977056030637,10.8440122604
1492807977155897433,11.808763504
1492807977255965977,12.3043365479
1492807977355994439,12.3759765625
1492807977455976322,12.025557518
1492807977556085712,11.2344350815
1492807977656014853,11.041674614
1492807977756045949,10.765920639
1492807977855992308,10.8109712601
1492807977956015832,11.1841449738
1492807978056072844,11.6591739655
1492807978155895215,12.2920799255
1492807978256051062,12.3011331558
1492807978356068847,12.3035640717
1492807978456071199,12.4583854675
1492807978556043431,12.7462682724
1492807978656070102,12.9420232773
1492807978756006631,12.5207338333
1492807978855983043,12.6320419312
1492807978956110749,13.4276361465
1492807979056038953,15.1137037277
1492807979156035595,16.5190601349
1492807979255960511,16.2280750275
1492807979355991348,14.9521093369
1492807979455967216,12.8760595322
1492807979556018370,12.231926918
1492807979656034122,12.7419424057
1492807979756037097,13.36186409
1492807979856074482,14.3086910248
1492807979956036103,14.5978841782
1492807980056099238,14.5088672638
1492807980156087606,13.8357639313
1492807980256103630,13.8810014725
1492807980356029531,13.955945015
1492807980456048361,14.4747047424
1492807980556023776,14.8460922241
1492807980656029519,14.8731307983
1492807980756030074,14.5658874512
1492807980856064010,14.8862810135
1492807980955945897,15.3550605774
1492807981055957614,16.1178855896
1492807981155960551,15.8739423752
1492807981255993901,15.1640577316
1492807981356036931,14.3960857391
1492807981455963904,14.1928443909
1492807981555995961,14.6670074463
1492807981656022867,14.8731498718
1492807981706679404,0.0
