%time,field.header.seq,field.header.stamp,field.header.frame_id,field.fluid_pressure,field.variance
1492807947070660854,74430,1492807947071633033,/fluid_pressure,105319.992188,0.0
1492807947145801657,74431,1492807947145633033,/fluid_pressure,105330.007812,0.0
1492807947219642762,74432,1492807947220633033,/fluid_pressure,105340.0,0.0
1492807947293698807,74433,1492807947294633033,/fluid_pressure,105280.007812,0.0
1492807947367775935,74434,1492807947368633033,/fluid_pressure,105319.992188,0.0
1492807947443185159,74435,1492807947442633033,/fluid_pressure,105319.992188,0.0
1492807947517256632,74436,1492807947517633033,/fluid_pressure,105340.0,0.0
1492807947590793248,74437,1492807947591633033,/fluid_pressure,105330.007812,0.0
1492807947664722481,74438,1492807947665633033,/fluid_pressure,105310.0,0.0
1492807947739956100,74439,1492807947739633033,/fluid_pressure,105319.992188,0.0
1492807947814045436,74440,1492807947814633033,/fluid_pressure,105319.992188,0.0
1492807947888088584,74441,1492807947888633033,/fluid_pressure,105310.0,0.0
1492807947961835116,74442,1492807947962633033,/fluid_pressure,105310.0,0.0
1492807948036806470,74443,1492807948036633033,/fluid_pressure,105300.0,0.0
1492807948110984291,74444,1492807948111633033,/fluid_pressure,105330.007812,0.0
1492807948184776616,74445,1492807948185633033,/fluid_pressure,105330.007812,0.0
1492807948259659844,74446,1492807948259633033,/fluid_pressure,105330.007812,0.0
1492807948334000417,74447,1492807948333633033,/fluid_pressure,105290.0,0.0
1492807948407566521,74448,1492807948408633033,/fluid_pressure,105300.0,0.0
1492807948482194807,74449,1492807948482633033,/fluid_pressure,105290.0,0.0
1492807948556279595,74450,1492807948556633033,/fluid_pressure,105300.0,0.0
1492807948630644546,74451,1492807948630633033,/fluid_pressure,105290.0,0.0
1492807948704935953,74452,1492807948705633033,/fluid_pressure,105280.007812,0.0
1492807948779196008,74453,1492807948779633033,/fluid_pressure,105230.007812,0.0
1492807948853892393,74454,1492807948853633033,/fluid_pressure,105300.0,0.0
1492807948928195957,74455,1492807948929243003,/fluid_pressure,105260.0,0.0
1492807949002070692,74456,1492807949004243003,/fluid_pressure,105319.992188,0.0
1492807949075484273,74457,1492807949078243003,/fluid_pressure,105340.0,0.0
1492807949151127620,74458,1492807949152243003,/fluid_pressure,105360.0,0.0
1492807949224789684,74459,1492807949227243003,/fluid_pressure,105330.007812,0.0
1492807949298655636,74460,1492807949301243003,/fluid_pressure,105369.992188,0.0
1492807949372696048,74461,1492807949375243003,/fluid_pressure,105340.0,0.0
1492807949447512319,74462,1492807949449243003,/fluid_pressure,105300.0,0.0
1492807949521497571,74463,1492807949523243003,/fluid_pressure,105330.007812,0.0
1492807949595426712,74464,1492807949598243003,/fluid_pressure,105319.992188,0.0
1492807949669653545,74465,1492807949672243003,/fluid_pressure,105300.0,0.0
1492807949744366733,74466,1492807949746243003,/fluid_pressure,105350.0,0.0
1492807949818282364,74467,1492807949820243003,/fluid_pressure,105300.0,0.0
1492807949893066058,74468,1492807949895243003,/fluid_pressure,105300.0,0.0
1492807949968259987,74469,1492807949969243003,/fluid_pressure,105290.0,0.0
1492807950041595671,74470,1492807950043243003,/fluid_pressure,105310.0,0.0
1492807950115612884,74471,1492807950118243003,/fluid_pressure,105330.007812,0.0
1492807950190165879,74472,1492807950192243003,/fluid_pressure,105280.007812,0.0
1492807950264909337,74473,1492807950266243003,/fluid_pressure,105330.007812,0.0
1492807950338440232,74474,1492807950340243003,/fluid_pressure,105300.0,0.0
1492807950413023395,74475,1492807950415243003,/fluid_pressure,105330.007812,0.0
1492807950486942700,74476,1492807950489243003,/fluid_pressure,105310.0,0.0
1492807950561964587,74477,1492807950563243003,/fluid_pressure,105319.992188,0.0
1492807950635354243,74478,1492807950637243003,/fluid_pressure,105269.992188,0.0
1492807950709321536,74479,1492807950712243003,/fluid_pressure,105340.0,0.0
1492807950783705939,74480,1492807950786243003,/fluid_pressure,105340.0,0.0
1492807950858989240,74481,1492807950860243003,/fluid_pressure,105300.0,0.0
1492807950932775076,74482,1492807950934243003,/fluid_pressure,105319.992188,0.0
1492807951006588302,74483,1492807951009243003,/fluid_pressure,105300.0,0.0
1492807951080381676,74484,1492807951083243003,/fluid_pressure,105360.0,0.0
1492807951155671704,74485,1492807951157243003,/fluid_pressure,105350.0,0.0
1492807951229391979,74486,1492807951231243003,/fluid_pressure,105340.0,0.0
1492807951303443707,74487,1492807951306243003,/fluid_pressure,105290.0,0.0
1492807951377337712,74488,1492807951380243003,/fluid_pressure,105350.0,0.0
1492807951452686080,74489,1492807951452248012,/fluid_pressure,105280.007812,0.0
1492807951526825916,74490,1492807951526248012,/fluid_pressure,105240.0,0.0
1492807951600905652,74491,1492807951601248012,/fluid_pressure,105280.007812,0.0
1492807951674696365,74492,1492807951675248012,/fluid_pressure,105330.007812,0.0
1492807951750229149,74493,1492807951749248012,/fluid_pressure,105330.007812,0.0
1492807951823280971,74494,1492807951823248012,/fluid_pressure,105330.007812,0.0
1492807951898405728,74495,1492807951898248012,/fluid_pressure,105300.0,0.0
1492807951971678116,74496,1492807951972248012,/fluid_pressure,105330.007812,0.0
1492807952047076480,74497,1492807952046248012,/fluid_pressure,105319.992188,0.0
1492807952120792443,74498,1492807952120248012,/fluid_pressure,105330.007812,0.0
1492807952194373783,74499,1492807952195248012,/fluid_pressure,105310.0,0.0
1492807952270111552,74500,1492807952269248012,/fluid_pressure,105369.992188,0.0
1492807952343692451,74501,1492807952343248012,/fluid_pressure,105250.0,0.0
1492807952417702665,74502,1492807952417248012,/fluid_pressure,105319.992188,0.0
1492807952492200171,74503,1492807952492248012,/fluid_pressure,105300.0,0.0
1492807952567247520,74504,1492807952566248012,/fluid_pressure,105300.0,0.0
1492807952640293971,74505,1492807952640248012,/fluid_pressure,105340.0,0.0
1492807952714492373,74506,1492807952715248012,/fluid_pressure,105250.0,0.0
1492807952788823766,74507,1492807952789248012,/fluid_pressure,105330.007812,0.0
1492807952864057484,74508,1492807952863248012,/fluid_pressure,105250.0,0.0
1492807952937990242,74509,1492807952937248012,/fluid_pressure,105250.0,0.0
1492807953012053570,74510,1492807953012248012,/fluid_pressure,105240.0,0.0
1492807953085298331,74511,1492807953086248012,/fluid_pressure,105200.0,0.0
1492807953160236491,74512,1492807953160248012,/fluid_pressure,105230.007812,0.0
1492807953234732069,74513,1492807953234248012,/fluid_pressure,105269.992188,0.0
1492807953308635631,74514,1492807953309248012,/fluid_pressure,105300.0,0.0
1492807953384302533,74515,1492807953383248012,/fluid_pressure,105240.0,0.0
1492807953458001594,74516,1492807953457248012,/fluid_pressure,105280.007812,0.0
1492807953531287055,74517,1492807953532248012,/fluid_pressure,105340.0,0.0
1492807953606099740,74518,1492807953606248012,/fluid_pressure,105350.0,0.0
1492807953681059575,74519,1492807953680248012,/fluid_pressure,105300.0,0.0
1492807953755226666,74520,1492807953754248012,/fluid_pressure,105350.0,0.0
1492807953829193194,74521,1492807953829248012,/fluid_pressure,105280.007812,0.0
1492807953902785213,74522,1492807953903248012,/fluid_pressure,105340.0,0.0
1492807953978248728,74523,1492807953979214107,/fluid_pressure,105310.0,0.0
1492807954051306232,74524,1492807954053214107,/fluid_pressure,105350.0,0.0
1492807954126008897,74525,1492807954128214107,/fluid_pressure,105310.0,0.0
1492807954200659791,74526,1492807954202214107,/fluid_pressure,105290.0,0.0
1492807954274657151,74527,1492807954276214107,/fluid_pressure,105280.007812,0.0
1492807954348407571,74528,1492807954351214107,/fluid_pressure,105319.992188,0.0
1492807954423104385,74529,1492807954425214107,/fluid_pressure,105300.0,0.0
1492807954497954321,74530,1492807954499214107,/fluid_pressure,105280.007812,0.0
1492807954571439149,74531,1492807954573214107,/fluid_pressure,105330.007812,0.0
1492807954645724393,74532,1492807954648214107,/fluid_pressure,105240.0,0.0
1492807954719599744,74533,1492807954722214107,/fluid_pressure,105310.0,0.0
1492807954794422639,74534,1492807954796214107,/fluid_pressure,105280.007812,0.0
1492807954868308906,74535,1492807954870214107,/fluid_pressure,105300.0,0.0
1492807954942512280,74536,1492807954945214107,/fluid_pressure,105340.0,0.0
1492807955017605534,74537,1492807955019214107,/fluid_pressure,105310.0,0.0
1492807955091760259,74538,1492807955093214107,/fluid_pressure,105280.007812,0.0
1492807955166177804,74539,1492807955167214107,/fluid_pressure,105290.0,0.0
1492807955239759636,74540,1492807955242214107,/fluid_pressure,105310.0,0.0
1492807955314602928,74541,1492807955316214107,/fluid_pressure,105319.992188,0.0
1492807955389167559,74542,1492807955390214107,/fluid_pressure,105269.992188,0.0
1492807955462718833,74543,1492807955464214107,/fluid_pressure,105240.0,0.0
1492807955536841606,74544,1492807955539214107,/fluid_pressure,105290.0,0.0
1492807955612355217,74545,1492807955613214107,/fluid_pressure,105240.0,0.0
1492807955685618543,74546,1492807955687214107,/fluid_pressure,105290.0,0.0
1492807955759390167,74547,1492807955762214107,/fluid_pressure,105260.0,0.0
1492807955834475045,74548,1492807955836214107,/fluid_pressure,105290.0,0.0
1492807955909215594,74549,1492807955910214107,/fluid_pressure,105330.007812,0.0
1492807955983181874,74550,1492807955984214107,/fluid_pressure,105300.0,0.0
1492807956057184895,74551,1492807956059214107,/fluid_pressure,105319.992188,0.0
1492807956131782230,74552,1492807956133214107,/fluid_pressure,105269.992188,0.0
1492807956206018283,74553,1492807956207214107,/fluid_pressure,105310.0,0.0
1492807956280036603,74554,1492807956281214107,/fluid_pressure,105319.992188,0.0
1492807956354188121,74555,1492807956356214107,/fluid_pressure,105310.0,0.0
1492807956429019302,74556,1492807956430214107,/fluid_pressure,105350.0,0.0
1492807956502748609,74557,1492807956504192029,/fluid_pressure,105319.992188,0.0
1492807956576997096,74558,1492807956579192029,/fluid_pressure,105369.992188,0.0
1492807956652152820,74559,1492807956653192029,/fluid_pressure,105319.992188,0.0
1492807956725975965,74560,1492807956727192029,/fluid_pressure,105360.0,0.0
1492807956799935546,74561,1492807956801192029,/fluid_pressure,105310.0,0.0
1492807956874159377,74562,1492807956876192029,/fluid_pressure,105319.992188,0.0
1492807956948352626,74563,1492807956950192029,/fluid_pressure,105300.0,0.0
1492807957023229557,74564,1492807957024192029,/fluid_pressure,105319.992188,0.0
1492807957096670450,74565,1492807957098192029,/fluid_pressure,105300.0,0.0
1492807957170335039,74566,1492807957173192029,/fluid_pressure,105269.992188,0.0
1492807957246021710,74567,1492807957247192029,/fluid_pressure,105269.992188,0.0
1492807957320073000,74568,1492807957321192029,/fluid_pressure,105330.007812,0.0
1492807957393579861,74569,1492807957395192029,/fluid_pressure,105300.0,0.0
1492807957467437801,74570,1492807957470192029,/fluid_pressure,105250.0,0.0
1492807957542291295,74571,1492807957544192029,/fluid_pressure,105280.007812,0.0
1492807957616536796,74572,1492807957618192029,/fluid_pressure,105369.992188,0.0
1492807957690617755,74573,1492807957693192029,/fluid_pressure,105340.0,0.0
1492807957765589407,74574,1492807957767192029,/fluid_pressure,105369.992188,0.0
1492807957839238487,74575,1492807957841192029,/fluid_pressure,105300.0,0.0
1492807957913677934,74576,1492807957915192029,/fluid_pressure,105319.992188,0.0
1492807957987807518,74577,1492807957990192029,/fluid_pressure,105269.992188,0.0
1492807958062962964,74578,1492807958064192029,/fluid_pressure,105269.992188,0.0
1492807958136707131,74579,1492807958138192029,/fluid_pressure,105340.0,0.0
1492807958210285822,74580,1492807958212192029,/fluid_pressure,105290.0,0.0
1492807958285179568,74581,1492807958287192029,/fluid_pressure,105319.992188,0.0
1492807958360312418,74582,1492807958361192029,/fluid_pressure,105330.007812,0.0
1492807958434251159,74583,1492807958435192029,/fluid_pressure,105400.0,0.0
1492807958507267581,74584,1492807958509192029,/fluid_pressure,105310.0,0.0
1492807958582522118,74585,1492807958584192029,/fluid_pressure,105390.0,0.0
1492807958656581880,74586,1492807958658192029,/fluid_pressure,105340.0,0.0
1492807958731125976,74587,1492807958732192029,/fluid_pressure,105290.0,0.0
1492807958804947877,74588,1492807958806192029,/fluid_pressure,105280.007812,0.0
1492807958880444735,74589,1492807958881192029,/fluid_pressure,105250.0,0.0
1492807958954151718,74590,1492807958955192029,/fluid_pressure,105280.007812,0.0
1492807959027310864,74591,1492807959028896963,/fluid_pressure,105240.0,0.0
1492807959101942544,74592,1492807959103896963,/fluid_pressure,105210.0,0.0
1492807959176913318,74593,1492807959177896963,/fluid_pressure,105260.0,0.0
1492807959250799570,74594,1492807959251896963,/fluid_pressure,105210.0,0.0
1492807959325014207,74595,1492807959325896963,/fluid_pressure,105280.007812,0.0
1492807959399397277,74596,1492807959400896963,/fluid_pressure,105319.992188,0.0
1492807959474055898,74597,1492807959474896963,/fluid_pressure,105269.992188,0.0
1492807959548235977,74598,1492807959548896963,/fluid_pressure,105319.992188,0.0
1492807959622247604,74599,1492807959622896963,/fluid_pressure,105290.0,0.0
1492807959697139884,74600,1492807959697896963,/fluid_pressure,105269.992188,0.0
1492807959770275824,74601,1492807959771896963,/fluid_pressure,105290.0,0.0
1492807959844519074,74602,1492807959845896963,/fluid_pressure,105319.992188,0.0
1492807959919292807,74603,1492807959920896963,/fluid_pressure,105290.0,0.0
1492807959994028412,74604,1492807959994896963,/fluid_pressure,105260.0,0.0
1492807960067648818,74605,1492807960068896963,/fluid_pressure,105250.0,0.0
1492807960141512388,74606,1492807960142896963,/fluid_pressure,105269.992188,0.0
1492807960216155961,74607,1492807960217896963,/fluid_pressure,105319.992188,0.0
1492807960291230654,74608,1492807960291896963,/fluid_pressure,105300.0,0.0
1492807960364361078,74609,1492807960365896963,/fluid_pressure,105310.0,0.0
1492807960438447615,74610,1492807960439896963,/fluid_pressure,105280.007812,0.0
1492807960513460105,74611,1492807960514896963,/fluid_pressure,105330.007812,0.0
1492807960587593773,74612,1492807960588896963,/fluid_pressure,105280.007812,0.0
1492807960661766839,74613,1492807960662896963,/fluid_pressure,105290.0,0.0
1492807960736156071,74614,1492807960737896963,/fluid_pressure,105310.0,0.0
1492807960810625746,74615,1492807960811896963,/fluid_pressure,105300.0,0.0
1492807960884796739,74616,1492807960885896963,/fluid_pressure,105250.0,0.0
1492807960958602135,74617,1492807960959896963,/fluid_pressure,105380.007812,0.0
1492807961033438808,74618,1492807961034896963,/fluid_pressure,105340.0,0.0
1492807961107585749,74619,1492807961108896963,/fluid_pressure,105310.0,0.0
1492807961181694966,74620,1492807961182896963,/fluid_pressure,105330.007812,0.0
1492807961256191266,74621,1492807961256896963,/fluid_pressure,105280.007812,0.0
1492807961330604128,74622,1492807961331896963,/fluid_pressure,105269.992188,0.0
1492807961405157674,74623,1492807961405896963,/fluid_pressure,105240.0,0.0
1492807961479222203,74624,1492807961479896963,/fluid_pressure,105240.0,0.0
1492807961553310959,74625,1492807961555013883,/fluid_pressure,105260.0,0.0
1492807961627353830,74626,1492807961629013883,/fluid_pressure,105269.992188,0.0
1492807961701946933,74627,1492807961703013883,/fluid_pressure,105260.0,0.0
1492807961776009243,74628,1492807961777013883,/fluid_pressure,105300.0,0.0
1492807961850510223,74629,1492807961852013883,/fluid_pressure,105360.0,0.0
1492807961925134624,74630,1492807961926013883,/fluid_pressure,105369.992188,0.0
1492807961998637916,74631,1492807962000013883,/fluid_pressure,105360.0,0.0
1492807962073253120,74632,1492807962074013883,/fluid_pressure,105280.007812,0.0
1492807962148028623,74633,1492807962149013883,/fluid_pressure,105319.992188,0.0
1492807962222172787,74634,1492807962223013883,/fluid_pressure,105300.0,0.0
1492807962296457657,74635,1492807962297013883,/fluid_pressure,105330.007812,0.0
1492807962369657086,74636,1492807962371013883,/fluid_pressure,105269.992188,0.0
1492807962444601855,74637,1492807962446013883,/fluid_pressure,105330.007812,0.0
1492807962518379870,74638,1492807962520013883,/fluid_pressure,105269.992188,0.0
1492807962592272797,74639,1492807962594013883,/fluid_pressure,105310.0,0.0
1492807962667197121,74640,1492807962668013883,/fluid_pressure,105300.0,0.0
1492807962741622381,74641,1492807962743013883,/fluid_pressure,105269.992188,0.0
1492807962815932741,74642,1492807962817013883,/fluid_pressure,105230.007812,0.0
1492807962889270615,74643,1492807962891013883,/fluid_pressure,105200.0,0.0
1492807962965182071,74644,1492807962966013883,/fluid_pressure,105219.992188,0.0
1492807963038756098,74645,1492807963040013883,/fluid_pressure,105260.0,0.0
1492807963112341390,74646,1492807963114013883,/fluid_pressure,105230.007812,0.0
1492807963186924372,74647,1492807963188013883,/fluid_pressure,105250.0,0.0
1492807963261855559,74648,1492807963263013883,/fluid_pressure,105250.0,0.0
1492807963336274900,74649,1492807963337013883,/fluid_pressure,105269.992188,0.0
1492807963410217247,74650,1492807963411013883,/fluid_pressure,105300.0,0.0
1492807963484145568,74651,1492807963485013883,/fluid_pressure,105310.0,0.0
1492807963558276004,74652,1492807963560013883,/fluid_pressure,105269.992188,0.0
1492807963632420789,74653,1492807963634013883,/fluid_pressure,105280.007812,0.0
1492807963706348407,74654,1492807963708013883,/fluid_pressure,105369.992188,0.0
1492807963780355711,74655,1492807963782013883,/fluid_pressure,105350.0,0.0
1492807963856218204,74656,1492807963857013883,/fluid_pressure,105310.0,0.0
1492807963929262431,74657,1492807963931013883,/fluid_pressure,105360.0,0.0
1492807964003272163,74658,1492807964005013883,/fluid_pressure,105260.0,0.0
1492807964078621018,74659,1492807964080298889,/fluid_pressure,105240.0,0.0
1492807964152705251,74660,1492807964154298889,/fluid_pressure,105269.992188,0.0
1492807964227002545,74661,1492807964228298889,/fluid_pressure,105230.007812,0.0
1492807964300725226,74662,1492807964302298889,/fluid_pressure,105180.007812,0.0
1492807964375939382,74663,1492807964377298889,/fluid_pressure,105240.0,0.0
1492807964450163669,74664,1492807964451298889,/fluid_pressure,105230.007812,0.0
1492807964524274293,74665,1492807964525298889,/fluid_pressure,105290.0,0.0
1492807964597766414,74666,1492807964599298889,/fluid_pressure,105180.007812,0.0
1492807964672728756,74667,1492807964674298889,/fluid_pressure,105230.007812,0.0
1492807964747303412,74668,1492807964748298889,/fluid_pressure,105240.0,0.0
1492807964821338724,74669,1492807964822298889,/fluid_pressure,105260.0,0.0
1492807964895558155,74670,1492807964897298889,/fluid_pressure,105310.0,0.0
1492807964970132435,74671,1492807964971298889,/fluid_pressure,105269.992188,0.0
1492807965043592102,74672,1492807965045298889,/fluid_pressure,105350.0,0.0
1492807965117585016,74673,1492807965119298889,/fluid_pressure,105310.0,0.0
1492807965192496169,74674,1492807965194298889,/fluid_pressure,105269.992188,0.0
1492807965266562366,74675,1492807965268298889,/fluid_pressure,105300.0,0.0
1492807965340887983,74676,1492807965342298889,/fluid_pressure,105319.992188,0.0
1492807965414495552,74677,1492807965416298889,/fluid_pressure,105290.0,0.0
1492807965489864081,74678,1492807965491298889,/fluid_pressure,105280.007812,0.0
1492807965563275224,74679,1492807965565298889,/fluid_pressure,105219.992188,0.0
1492807965637915461,74680,1492807965639298889,/fluid_pressure,105210.0,0.0
1492807965712298778,74681,1492807965713298889,/fluid_pressure,105219.992188,0.0
1492807965786753302,74682,1492807965788298889,/fluid_pressure,105230.007812,0.0
1492807965861171941,74683,1492807965862298889,/fluid_pressure,105210.0,0.0
1492807965935138890,74684,1492807965936298889,/fluid_pressure,105269.992188,0.0
1492807966010222229,74685,1492807966011298889,/fluid_pressure,105290.0,0.0
1492807966083994161,74686,1492807966085298889,/fluid_pressure,105240.0,0.0
1492807966157980407,74687,1492807966159298889,/fluid_pressure,105280.007812,0.0
1492807966232330150,74688,1492807966233298889,/fluid_pressure,105300.0,0.0
1492807966307138503,74689,1492807966308298889,/fluid_pressure,105300.0,0.0
1492807966381095466,74690,1492807966382298889,/fluid_pressure,105290.0,0.0
1492807966454924015,74691,1492807966456298889,/fluid_pressure,105310.0,0.0
1492807966529726829,74692,1492807966531298889,/fluid_pressure,105290.0,0.0
1492807966604268403,74693,1492807966605292951,/fluid_pressure,105290.0,0.0
1492807966678154801,74694,1492807966679292951,/fluid_pressure,105330.007812,0.0
1492807966752179094,74695,1492807966753292951,/fluid_pressure,105269.992188,0.0
1492807966826404954,74696,1492807966828292951,/fluid_pressure,105290.0,0.0
1492807966900343086,74697,1492807966902292951,/fluid_pressure,105300.0,0.0
1492807966975227499,74698,1492807966976292951,/fluid_pressure,105300.0,0.0
1492807967050310905,74699,1492807967050292951,/fluid_pressure,105269.992188,0.0
1492807967124069088,74700,1492807967125292951,/fluid_pressure,105260.0,0.0
1492807967198043290,74701,1492807967199292951,/fluid_pressure,105300.0,0.0
1492807967271322686,74702,1492807967273292951,/fluid_pressure,105269.992188,0.0
1492807967346880216,74703,1492807967347292951,/fluid_pressure,105230.007812,0.0
1492807967420679664,74704,1492807967422292951,/fluid_pressure,105219.992188,0.0
1492807967494244629,74705,1492807967496292951,/fluid_pressure,105219.992188,0.0
1492807967568786010,74706,1492807967570292951,/fluid_pressure,105250.0,0.0
1492807967644334288,74707,1492807967645292951,/fluid_pressure,105280.007812,0.0
1492807967718112506,74708,1492807967719292951,/fluid_pressure,105250.0,0.0
1492807967792089020,74709,1492807967793292951,/fluid_pressure,105240.0,0.0
1492807967865877232,74710,1492807967867292951,/fluid_pressure,105240.0,0.0
1492807967941167707,74711,1492807967942292951,/fluid_pressure,105269.992188,0.0
1492807968015266580,74712,1492807968016292951,/fluid_pressure,105250.0,0.0
1492807968088752564,74713,1492807968090292951,/fluid_pressure,105280.007812,0.0
1492807968163772562,74714,1492807968164292951,/fluid_pressure,105280.007812,0.0
1492807968237236810,74715,1492807968239292951,/fluid_pressure,105280.007812,0.0
1492807968311859930,74716,1492807968313292951,/fluid_pressure,105269.992188,0.0
1492807968385955089,74717,1492807968387292951,/fluid_pressure,105250.0,0.0
1492807968461163528,74718,1492807968461292951,/fluid_pressure,105280.007812,0.0
1492807968534372633,74719,1492807968536292951,/fluid_pressure,105300.0,0.0
1492807968609301036,74720,1492807968610292951,/fluid_pressure,105269.992188,0.0
1492807968682599391,74721,1492807968684292951,/fluid_pressure,105319.992188,0.0
1492807968757756178,74722,1492807968759292951,/fluid_pressure,105319.992188,0.0
1492807968831707130,74723,1492807968833292951,/fluid_pressure,105269.992188,0.0
1492807968905751985,74724,1492807968907292951,/fluid_pressure,105280.007812,0.0
1492807968979238246,74725,1492807968981292951,/fluid_pressure,105310.0,0.0
1492807969055101867,74726,1492807969056292951,/fluid_pressure,105250.0,0.0
1492807969128578303,74727,1492807969129233037,/fluid_pressure,105269.992188,0.0
1492807969203215459,74728,1492807969203233037,/fluid_pressure,105260.0,0.0
1492807969277850671,74729,1492807969277233037,/fluid_pressure,105280.007812,0.0
1492807969352152575,74730,1492807969352233037,/fluid_pressure,105200.0,0.0
1492807969426168103,74731,1492807969426233037,/fluid_pressure,105230.007812,0.0
1492807969500082898,74732,1492807969500233037,/fluid_pressure,105269.992188,0.0
1492807969574548555,74733,1492807969574233037,/fluid_pressure,105230.007812,0.0
1492807969648328749,74734,1492807969649233037,/fluid_pressure,105319.992188,0.0
1492807969723103893,74735,1492807969723233037,/fluid_pressure,105230.007812,0.0
1492807969798227984,74736,1492807969797233037,/fluid_pressure,105230.007812,0.0
1492807969871500218,74737,1492807969872233037,/fluid_pressure,105280.007812,0.0
1492807969945367490,74738,1492807969946233037,/fluid_pressure,105290.0,0.0
1492807970019236564,74739,1492807970020233037,/fluid_pressure,105269.992188,0.0
1492807970094390596,74740,1492807970094233037,/fluid_pressure,105260.0,0.0
1492807970168293468,74741,1492807970169233037,/fluid_pressure,105250.0,0.0
1492807970242529244,74742,1492807970243233037,/fluid_pressure,105300.0,0.0
1492807970316512887,74743,1492807970317233037,/fluid_pressure,105340.0,0.0
1492807970391726163,74744,1492807970391233037,/fluid_pressure,105319.992188,0.0
1492807970465917425,74745,1492807970466233037,/fluid_pressure,105269.992188,0.0
1492807970540376628,74746,1492807970540233037,/fluid_pressure,105219.992188,0.0
1492807970614069348,74747,1492807970614233037,/fluid_pressure,105240.0,0.0
1492807970688675570,74748,1492807970688233037,/fluid_pressure,105280.007812,0.0
1492807970762245568,74749,1492807970763233037,/fluid_pressure,105210.0,0.0
1492807970836672608,74750,1492807970837233037,/fluid_pressure,105280.007812,0.0
1492807970911511736,74751,1492807970911233037,/fluid_pressure,105269.992188,0.0
1492807970985826375,74752,1492807970986233037,/fluid_pressure,105300.0,0.0
1492807971059276650,74753,1492807971060233037,/fluid_pressure,105280.007812,0.0
1492807971134287128,74754,1492807971134233037,/fluid_pressure,105260.0,0.0
1492807971208984772,74755,1492807971208233037,/fluid_pressure,105300.0,0.0
1492807971282263078,74756,1492807971283233037,/fluid_pressure,105280.007812,0.0
1492807971357023564,74757,1492807971357233037,/fluid_pressure,105250.0,0.0
1492807971431767748,74758,1492807971431233037,/fluid_pressure,105190.0,0.0
1492807971505603447,74759,1492807971505233037,/fluid_pressure,105230.007812,0.0
1492807971580317013,74760,1492807971580233037,/fluid_pressure,105240.0,0.0
1492807971653451828,74761,1492807971654621040,/fluid_pressure,105200.0,0.0
1492807971728327293,74762,1492807971728621040,/fluid_pressure,105219.992188,0.0
1492807971802547278,74763,1492807971803621040,/fluid_pressure,105230.007812,0.0
1492807971876707424,74764,1492807971877621040,/fluid_pressure,105300.0,0.0
1492807971950440736,74765,1492807971951621040,/fluid_pressure,105250.0,0.0
1492807972025736652,74766,1492807972025621040,/fluid_pressure,105330.007812,0.0
1492807972100075867,74767,1492807972100621040,/fluid_pressure,105290.0,0.0
1492807972174025768,74768,1492807972174621040,/fluid_pressure,105260.0,0.0
1492807972248274290,74769,1492807972248621040,/fluid_pressure,105300.0,0.0
1492807972322249468,74770,1492807972322621040,/fluid_pressure,105310.0,0.0
1492807972396387593,74771,1492807972397621040,/fluid_pressure,105269.992188,0.0
1492807972471085489,74772,1492807972471621040,/fluid_pressure,105319.992188,0.0
1492807972545911140,74773,1492807972545621040,/fluid_pressure,105280.007812,0.0
1492807972619334116,74774,1492807972619621040,/fluid_pressure,105240.0,0.0
1492807972694080954,74775,1492807972694621040,/fluid_pressure,105230.007812,0.0
1492807972768185405,74776,1492807972768621040,/fluid_pressure,105319.992188,0.0
1492807972842583321,74777,1492807972842621040,/fluid_pressure,105269.992188,0.0
1492807972916741961,74778,1492807972917621040,/fluid_pressure,105310.0,0.0
1492807972990716549,74779,1492807972991621040,/fluid_pressure,105290.0,0.0
1492807973065666640,74780,1492807973065621040,/fluid_pressure,105250.0,0.0
1492807973139374643,74781,1492807973139621040,/fluid_pressure,105280.007812,0.0
1492807973213396959,74782,1492807973214621040,/fluid_pressure,105330.007812,0.0
1492807973288185094,74783,1492807973288621040,/fluid_pressure,105219.992188,0.0
1492807973362781230,74784,1492807973362621040,/fluid_pressure,105300.0,0.0
1492807973436353780,74785,1492807973436621040,/fluid_pressure,105280.007812,0.0
1492807973510886015,74786,1492807973511621040,/fluid_pressure,105280.007812,0.0
1492807973584737528,74787,1492807973585621040,/fluid_pressure,105230.007812,0.0
1492807973659815388,74788,1492807973659621040,/fluid_pressure,105240.0,0.0
1492807973733616426,74789,1492807973734621040,/fluid_pressure,105250.0,0.0
1492807973807641186,74790,1492807973808621040,/fluid_pressure,105210.0,0.0
1492807973881292051,74791,1492807973882621040,/fluid_pressure,105230.007812,0.0
1492807973956836052,74792,1492807973956621040,/fluid_pressure,105250.0,0.0
1492807974031179742,74793,1492807974031621040,/fluid_pressure,105290.0,0.0
1492807974104520086,74794,1492807974105621040,/fluid_pressure,105250.0,0.0
1492807974180088461,74795,1492807974180137073,/fluid_pressure,105240.0,0.0
1492807974254299227,74796,1492807974254137073,/fluid_pressure,105280.007812,0.0
1492807974328142257,74797,1492807974329137073,/fluid_pressure,105260.0,0.0
1492807974402082018,74798,1492807974403137073,/fluid_pressure,105269.992188,0.0
1492807974476917840,74799,1492807974477137073,/fluid_pressure,105280.007812,0.0
1492807974551221734,74800,1492807974552137073,/fluid_pressure,105330.007812,0.0
1492807974625006257,74801,1492807974626137073,/fluid_pressure,105269.992188,0.0
1492807974698998911,74802,1492807974700137073,/fluid_pressure,105290.0,0.0
1492807974773964727,74803,1492807974774137073,/fluid_pressure,105290.0,0.0
1492807974847404440,74804,1492807974849137073,/fluid_pressure,105290.0,0.0
1492807974922290269,74805,1492807974923137073,/fluid_pressure,105330.007812,0.0
1492807974996886758,74806,1492807974997137073,/fluid_pressure,105300.0,0.0
1492807975071235618,74807,1492807975071137073,/fluid_pressure,105260.0,0.0
1492807975145009908,74808,1492807975146137073,/fluid_pressure,105269.992188,0.0
1492807975218940179,74809,1492807975220137073,/fluid_pressure,105250.0,0.0
1492807975293483738,74810,1492807975294137073,/fluid_pressure,105260.0,0.0
1492807975367275031,74811,1492807975368137073,/fluid_pressure,105360.0,0.0
1492807975441853611,74812,1492807975443137073,/fluid_pressure,105300.0,0.0
1492807975515556129,74813,1492807975517137073,/fluid_pressure,105230.007812,0.0
1492807975591514004,74814,1492807975591137073,/fluid_pressure,105210.0,0.0
1492807975664278689,74815,1492807975666137073,/fluid_pressure,105230.007812,0.0
1492807975738376511,74816,1492807975740137073,/fluid_pressure,105190.0,0.0
1492807975813261654,74817,1492807975814137073,/fluid_pressure,105260.0,0.0
1492807975887506610,74818,1492807975888137073,/fluid_pressure,105240.0,0.0
1492807975961362136,74819,1492807975963137073,/fluid_pressure,105269.992188,0.0
1492807976036165506,74820,1492807976037137073,/fluid_pressure,105300.0,0.0
1492807976110599023,74821,1492807976111137073,/fluid_pressure,105240.0,0.0
1492807976184705718,74822,1492807976185137073,/fluid_pressure,105250.0,0.0
1492807976258225832,74823,1492807976260137073,/fluid_pressure,105230.007812,0.0
1492807976332538107,74824,1492807976334137073,/fluid_pressure,105260.0,0.0
1492807976407533095,74825,1492807976408137073,/fluid_pressure,105330.007812,0.0
1492807976481358385,74826,1492807976482137073,/fluid_pressure,105330.007812,0.0
1492807976555583990,74827,1492807976557137073,/fluid_pressure,105280.007812,0.0
1492807976630754220,74828,1492807976631137073,/fluid_pressure,105380.007812,0.0
1492807976704711194,74829,1492807976705627119,/fluid_pressure,105280.007812,0.0
1492807976778789750,74830,1492807976780627119,/fluid_pressure,105350.0,0.0
1492807976852757186,74831,1492807976854627119,/fluid_pressure,105240.0,0.0
1492807976928059945,74832,1492807976928627119,/fluid_pressure,105330.007812,0.0
1492807977002063113,74833,1492807977002627119,/fluid_pressure,105269.992188,0.0
1492807977075591877,74834,1492807977077627119,/fluid_pressure,105269.992188,0.0
1492807977149401739,74835,1492807977151627119,/fluid_pressure,105230.007812,0.0
1492807977224314232,74836,1492807977225627119,/fluid_pressure,105250.0,0.0
1492807977298820581,74837,1492807977299627119,/fluid_pressure,105240.0,0.0
1492807977372822287,74838,1492807977374627119,/fluid_pressure,105160.0,0.0
1492807977447605826,74839,1492807977448627119,/fluid_pressure,105250.0,0.0
1492807977521516377,74840,1492807977522627119,/fluid_pressure,105269.992188,0.0
1492807977596157763,74841,1492807977596627119,/fluid_pressure,105240.0,0.0
1492807977669236891,74842,1492807977671627119,/fluid_pressure,105260.0,0.0
1492807977744409435,74843,1492807977745627119,/fluid_pressure,105300.0,0.0
1492807977819173399,74844,1492807977819627119,/fluid_pressure,105280.007812,0.0
1492807977893154090,74845,1492807977894627119,/fluid_pressure,105300.0,0.0
1492807977967178549,74846,1492807977968627119,/fluid_pressure,105300.0,0.0
1492807978041444437,74847,1492807978042627119,/fluid_pressure,105300.0,0.0
1492807978115254447,74848,1492807978116627119,/fluid_pressure,105310.0,0.0
1492807978190165260,74849,1492807978191627119,/fluid_pressure,105290.0,0.0
1492807978265315096,74850,1492807978265627119,/fluid_pressure,105250.0,0.0
1492807978338826604,74851,1492807978339627119,/fluid_pressure,105269.992188,0.0
1492807978412641051,74852,1492807978413627119,/fluid_pressure,105330.007812,0.0
1492807978486708635,74853,1492807978488627119,/fluid_pressure,105290.0,0.0
1492807978561564106,74854,1492807978562627119,/fluid_pressure,105280.007812,0.0
1492807978635362811,74855,1492807978636627119,/fluid_pressure,105310.0,0.0
1492807978710239992,74856,1492807978711627119,/fluid_pressure,105280.007812,0.0
1492807978784020505,74857,1492807978785627119,/fluid_pressure,105260.0,0.0
1492807978858694557,74858,1492807978859627119,/fluid_pressure,105200.0,0.0
1492807978932948625,74859,1492807978933627119,/fluid_pressure,105240.0,0.0
1492807979007001272,74860,1492807979008627119,/fluid_pressure,105219.992188,0.0
1492807979080605274,74861,1492807979082627119,/fluid_pressure,105240.0,0.0
1492807979156195407,74862,1492807979156627119,/fluid_pressure,105180.007812,0.0
1492807979230371170,74863,1492807979231580961,/fluid_pressure,105200.0,0.0
1492807979303322600,74864,1492807979305580961,/fluid_pressure,105280.007812,0.0
1492807979379091655,74865,1492807979379580961,/fluid_pressure,105250.0,0.0
1492807979452962757,74866,1492807979453580961,/fluid_pressure,105300.0,0.0
1492807979526625451,74867,1492807979528580961,/fluid_pressure,105290.0,0.0
1492807979601232021,74868,1492807979602580961,/fluid_pressure,105290.0,0.0
1492807979675682971,74869,1492807979676580961,/fluid_pressure,105280.007812,0.0
1492807979750085071,74870,1492807979750580961,/fluid_pressure,105310.0,0.0
1492807979824263558,74871,1492807979825580961,/fluid_pressure,105350.0,0.0
1492807979897965613,74872,1492807979899580961,/fluid_pressure,105269.992188,0.0
1492807979972801598,74873,1492807979973580961,/fluid_pressure,105319.992188,0.0
1492807980046359212,74874,1492807980047580961,/fluid_pressure,105269.992188,0.0
1492807980120821521,74875,1492807980122580961,/fluid_pressure,105260.0,0.0
1492807980196336984,74876,1492807980196580961,/fluid_pressure,105280.007812,0.0
1492807980269754857,74877,1492807980270580961,/fluid_pressure,105219.992188,0.0
1492807980344250698,74878,1492807980344580961,/fluid_pressure,105240.0,0.0
1492807980418205726,74879,1492807980419580961,/fluid_pressure,105190.0,0.0
1492807980492429596,74880,1492807980493580961,/fluid_pressure,105269.992188,0.0
1492807980566219785,74881,1492807980567580961,/fluid_pressure,105260.0,0.0
1492807980640738242,74882,1492807980642580961,/fluid_pressure,105200.0,0.0
1492807980715100391,74883,1492807980716580961,/fluid_pressure,105210.0,0.0
1492807980790230043,74884,1492807980790580961,/fluid_pressure,105230.007812,0.0
1492807980863803637,74885,1492807980864580961,/fluid_pressure,105290.0,0.0
1492807980937672644,74886,1492807980939580961,/fluid_pressure,105350.0,0.0
1492807981011693547,74887,1492807981013580961,/fluid_pressure,105330.007812,0.0
1492807981087095911,74888,1492807981087580961,/fluid_pressure,105290.0,0.0
1492807981161204392,74889,1492807981161580961,/fluid_pressure,105260.0,0.0
1492807981235153972,74890,1492807981236580961,/fluid_pressure,105269.992188,0.0
1492807981309525197,74891,1492807981310580961,/fluid_pressure,105280.007812,0.0
1492807981383425071,74892,1492807981384580961,/fluid_pressure,105290.0,0.0
1492807981458173728,74893,1492807981458580961,/fluid_pressure,105269.992188,0.0
1492807981531723827,74894,1492807981533580961,/fluid_pressure,105300.0,0.0
1492807981606523000,74895,1492807981607580961,/fluid_pressure,105260.0,0.0
1492807981680327016,74896,1492807981681580961,/fluid_pressure,105240.0,0.0
