%time,field.header.seq,field.header.stamp,field.header.frame_id,field.temperature,field.variance
1492807947082615814,6116,1492807947082633033,/temperature,15.7576141357,0.0
1492807947156776889,6117,1492807947157633033,/temperature,15.7576141357,0.0
1492807947230448233,6118,1492807947231633033,/temperature,15.7576141357,0.0
1492807947304575385,6119,1492807947305633033,/temperature,15.7576141357,0.0
1492807947379826338,6120,1492807947379633033,/temperature,15.7488851547,0.0
1492807947454245660,6121,1492807947454633033,/temperature,15.7488851547,0.0
1492807947528243230,6122,1492807947528633033,/temperature,15.7576141357,0.0
1492807947601793430,6123,1492807947602633033,/temperature,15.7576141357,0.0
1492807947676828004,6124,1492807947676633033,/temperature,15.7576141357,0.0
1492807947750857314,6125,1492807947751633033,/temperature,15.7576141357,0.0
1492807947825022999,6126,1492807947825633033,/temperature,15.7576141357,0.0
1492807947898938862,6127,1492807947899633033,/temperature,15.7576141357,0.0
1492807947973784524,6128,1492807947973633033,/temperature,15.7576141357,0.0
1492807948047540129,6129,1492807948048633033,/temperature,15.7576141357,0.0
1492807948122091952,6130,1492807948122633033,/temperature,15.7576141357,0.0
1492807948197047904,6131,1492807948196633033,/temperature,15.7663421631,0.0
1492807948270648312,6132,1492807948270633033,/temperature,15.7576141357,0.0
1492807948344781124,6133,1492807948345633033,/temperature,15.7488851547,0.0
1492807948418460755,6134,1492807948419633033,/temperature,15.7576141357,0.0
1492807948494364212,6135,1492807948493633033,/temperature,15.7576141357,0.0
1492807948568166952,6136,1492807948567633033,/temperature,15.7488851547,0.0
1492807948641881291,6137,1492807948642633033,/temperature,15.7488851547,0.0
1492807948715868200,6138,1492807948716633033,/temperature,15.7576141357,0.0
1492807948791226713,6139,1492807948790633033,/temperature,15.7576141357,0.0
1492807948864846728,6140,1492807948864633033,/temperature,15.7576141357,0.0
1492807948938878157,6141,1492807948941243003,/temperature,15.7576141357,0.0
1492807949013005873,6142,1492807949015243003,/temperature,15.7576141357,0.0
1492807949087647820,6143,1492807949089243003,/temperature,15.7576141357,0.0
1492807949162024280,6144,1492807949164243003,/temperature,15.7663421631,0.0
1492807949235683760,6145,1492807949238243003,/temperature,15.7576141357,0.0
1492807949309555651,6146,1492807949312243003,/temperature,15.7576141357,0.0
1492807949384669183,6147,1492807949386243003,/temperature,15.7488851547,0.0
1492807949458370895,6148,1492807949461243003,/temperature,15.7663421631,0.0
1492807949532439922,6149,1492807949535243003,/temperature,15.7576141357,0.0
1492807949606670322,6150,1492807949609243003,/temperature,15.7576141357,0.0
1492807949681565548,6151,1492807949683243003,/temperature,15.7663421631,0.0
1492807949755329644,6152,1492807949758243003,/temperature,15.7576141357,0.0
1492807949830050145,6153,1492807949832243003,/temperature,15.7663421631,0.0
1492807949904962213,6154,1492807949906243003,/temperature,15.7576141357,0.0
1492807949979070879,6155,1492807949980243003,/temperature,15.7576141357,0.0
1492807950052534874,6156,1492807950055243003,/temperature,15.7576141357,0.0
1492807950126565184,6157,1492807950129243003,/temperature,15.7663421631,0.0
1492807950202154962,6158,1492807950203243003,/temperature,15.7663421631,0.0
1492807950275693483,6159,1492807950277243003,/temperature,15.7750701904,0.0
1492807950349476714,6160,1492807950352243003,/temperature,15.7663421631,0.0
1492807950423941975,6161,1492807950426243003,/temperature,15.7750701904,0.0
1492807950498957447,6162,1492807950500243003,/temperature,15.7663421631,0.0
1492807950573022117,6163,1492807950574243003,/temperature,15.7663421631,0.0
1492807950646198891,6164,1492807950649243003,/temperature,15.7663421631,0.0
1492807950720252185,6165,1492807950723243003,/temperature,15.7837982178,0.0
1492807950795827681,6166,1492807950797243003,/temperature,15.7750701904,0.0
1492807950869854622,6167,1492807950871243003,/temperature,15.7663421631,0.0
1492807950943715593,6168,1492807950946243003,/temperature,15.7750701904,0.0
1492807951017514991,6169,1492807951020243003,/temperature,15.7750701904,0.0
1492807951092513806,6170,1492807951094243003,/temperature,15.7750701904,0.0
1492807951166503213,6171,1492807951168243003,/temperature,15.7750701904,0.0
1492807951240605002,6172,1492807951243243003,/temperature,15.7750701904,0.0
1492807951314192894,6173,1492807951317243003,/temperature,15.7750701904,0.0
1492807951390229363,6174,1492807951391243003,/temperature,15.7750701904,0.0
1492807951463574802,6175,1492807951463248012,/temperature,15.7750701904,0.0
1492807951537811344,6176,1492807951538248012,/temperature,15.7750701904,0.0
1492807951611826585,6177,1492807951612248012,/temperature,15.7750701904,0.0
1492807951686619820,6178,1492807951686248012,/temperature,15.7750701904,0.0
1492807951761215095,6179,1492807951760248012,/temperature,15.7750701904,0.0
1492807951834203500,6180,1492807951835248012,/temperature,15.7750701904,0.0
1492807951909214250,6181,1492807951909248012,/temperature,15.7837982178,0.0
1492807951983629825,6182,1492807951983248012,/temperature,15.7750701904,0.0
1492807952057995122,6183,1492807952057248012,/temperature,15.7663421631,0.0
1492807952131600664,6184,1492807952132248012,/temperature,15.7925262451,0.0
1492807952206371460,6185,1492807952206248012,/temperature,15.7925262451,0.0
1492807952280931269,6186,1492807952280248012,/temperature,15.7750701904,0.0
1492807952354713470,6187,1492807952355248012,/temperature,15.7750701904,0.0
1492807952428668471,6188,1492807952429248012,/temperature,15.7750701904,0.0
1492807952503242524,6189,1492807952503248012,/temperature,15.7750701904,0.0
1492807952578225617,6190,1492807952577248012,/temperature,15.7925262451,0.0
1492807952652247844,6191,1492807952652248012,/temperature,15.7750701904,0.0
1492807952725533193,6192,1492807952726248012,/temperature,15.7925262451,0.0
1492807952800999660,6193,1492807952800248012,/temperature,15.7925262451,0.0
1492807952874999796,6194,1492807952874248012,/temperature,15.7750701904,0.0
1492807952949043863,6195,1492807952949248012,/temperature,15.7925262451,0.0
1492807953023038081,6196,1492807953023248012,/temperature,15.7925262451,0.0
1492807953097313071,6197,1492807953097248012,/temperature,15.7837982178,0.0
1492807953172059990,6198,1492807953171248012,/temperature,15.7925262451,0.0
1492807953245731349,6199,1492807953246248012,/temperature,15.7925262451,0.0
1492807953320723172,6200,1492807953320248012,/temperature,15.7837982178,0.0
1492807953394182606,6201,1492807953394248012,/temperature,15.7837982178,0.0
1492807953469206596,6202,1492807953469248012,/temperature,15.7925262451,0.0
1492807953543281561,6203,1492807953543248012,/temperature,15.8012533188,0.0
1492807953618067789,6204,1492807953617248012,/temperature,15.8012533188,0.0
1492807953691754645,6205,1492807953691248012,/temperature,15.7837982178,0.0
1492807953766168055,6206,1492807953766248012,/temperature,15.7837982178,0.0
1492807953841159044,6207,1492807953840248012,/temperature,15.7750701904,0.0
1492807953914612461,6208,1492807953914248012,/temperature,15.7837982178,0.0
1492807953989084796,6209,1492807953990214107,/temperature,15.7663421631,0.0
1492807954063149287,6210,1492807954065214107,/temperature,15.7837982178,0.0
1492807954137980337,6211,1492807954139214107,/temperature,15.7925262451,0.0
1492807954211587892,6212,1492807954213214107,/temperature,15.7925262451,0.0
1492807954285517579,6213,1492807954287214107,/temperature,15.7837982178,0.0
1492807954359435647,6214,1492807954362214107,/temperature,15.7750701904,0.0
1492807954435004672,6215,1492807954436214107,/temperature,15.7925262451,0.0
1492807954508775076,6216,1492807954510214107,/temperature,15.7837982178,0.0
1492807954582382198,6217,1492807954585214107,/temperature,15.7837982178,0.0
1492807954656555110,6218,1492807954659214107,/temperature,15.7925262451,0.0
1492807954731514595,6219,1492807954733214107,/temperature,15.7925262451,0.0
1492807954805343943,6220,1492807954807214107,/temperature,15.7837982178,0.0
1492807954880399003,6221,1492807954882214107,/temperature,15.7837982178,0.0
1492807954954456579,6222,1492807954956214107,/temperature,15.7925262451,0.0
1492807955028619614,6223,1492807955030214107,/temperature,15.7925262451,0.0
1492807955102665416,6224,1492807955104214107,/temperature,15.7925262451,0.0
1492807955177244265,6225,1492807955179214107,/temperature,15.7837982178,0.0
1492807955251911851,6226,1492807955253214107,/temperature,15.7837982178,0.0
1492807955325672717,6227,1492807955327214107,/temperature,15.7925262451,0.0
1492807955400008512,6228,1492807955401214107,/temperature,15.7925262451,0.0
1492807955473578128,6229,1492807955476214107,/temperature,15.7837982178,0.0
1492807955549066439,6230,1492807955550214107,/temperature,15.8012533188,0.0
1492807955623236224,6231,1492807955624214107,/temperature,15.7925262451,0.0
1492807955696746941,6232,1492807955699214107,/temperature,15.7925262451,0.0
1492807955771561333,6233,1492807955773214107,/temperature,15.7925262451,0.0
1492807955845279141,6234,1492807955847214107,/temperature,15.8012533188,0.0
1492807955920267751,6235,1492807955921214107,/temperature,15.7925262451,0.0
1492807955994054588,6236,1492807955996214107,/temperature,15.7837982178,0.0
1492807956069005685,6237,1492807956070214107,/temperature,15.7925262451,0.0
1492807956142812472,6238,1492807956144214107,/temperature,15.7925262451,0.0
1492807956216936846,6239,1492807956218214107,/temperature,15.7925262451,0.0
1492807956290895825,6240,1492807956293214107,/temperature,15.7925262451,0.0
1492807956366168684,6241,1492807956367214107,/temperature,15.7837982178,0.0
1492807956439809529,6242,1492807956441214107,/temperature,15.7925262451,0.0
1492807956513508627,6243,1492807956516192029,/temperature,15.7925262451,0.0
1492807956589036413,6244,1492807956590192029,/temperature,15.7925262451,0.0
1492807956662865551,6245,1492807956664192029,/temperature,15.7837982178,0.0
1492807956736946368,6246,1492807956738192029,/temperature,15.7925262451,0.0
1492807956810793266,6247,1492807956813192029,/temperature,15.7837982178,0.0
1492807956886070689,6248,1492807956887192029,/temperature,15.7750701904,0.0
1492807956960170695,6249,1492807956961192029,/temperature,15.7837982178,0.0
1492807957034109717,6250,1492807957035192029,/temperature,15.7837982178,0.0
1492807957107551455,6251,1492807957110192029,/temperature,15.7750701904,0.0
1492807957182271031,6252,1492807957184192029,/temperature,15.7925262451,0.0
1492807957256971205,6253,1492807957258192029,/temperature,15.7925262451,0.0
1492807957331112244,6254,1492807957332192029,/temperature,15.7750701904,0.0
1492807957404443038,6255,1492807957407192029,/temperature,15.7750701904,0.0
1492807957479406419,6256,1492807957481192029,/temperature,15.7925262451,0.0
1492807957553385124,6257,1492807957555192029,/temperature,15.7837982178,0.0
1492807957627524927,6258,1492807957629192029,/temperature,15.7837982178,0.0
1492807957702600213,6259,1492807957704192029,/temperature,15.7837982178,0.0
1492807957776307950,6260,1492807957778192029,/temperature,15.7837982178,0.0
1492807957851162298,6261,1492807957852192029,/temperature,15.7750701904,0.0
1492807957924608206,6262,1492807957927192029,/temperature,15.7750701904,0.0
1492807957999832264,6263,1492807958001192029,/temperature,15.7750701904,0.0
1492807958073696962,6264,1492807958075192029,/temperature,15.7750701904,0.0
1492807958147578388,6265,1492807958149192029,/temperature,15.7750701904,0.0
1492807958222182963,6266,1492807958224192029,/temperature,15.7750701904,0.0
1492807958297177844,6267,1492807958298192029,/temperature,15.7837982178,0.0
1492807958371223649,6268,1492807958372192029,/temperature,15.7663421631,0.0
1492807958445125740,6269,1492807958446192029,/temperature,15.7663421631,0.0
1492807958518274903,6270,1492807958521192029,/temperature,15.7837982178,0.0
1492807958593330425,6271,1492807958595192029,/temperature,15.7750701904,0.0
1492807958667510275,6272,1492807958669192029,/temperature,15.7837982178,0.0
1492807958742079728,6273,1492807958744192029,/temperature,15.7750701904,0.0
1492807958816800753,6274,1492807958818192029,/temperature,15.7750701904,0.0
1492807958890843487,6275,1492807958892192029,/temperature,15.7750701904,0.0
1492807958964961500,6276,1492807958966192029,/temperature,15.7576141357,0.0
1492807959038377306,6277,1492807959040896963,/temperature,15.7576141357,0.0
1492807959113890629,6278,1492807959114896963,/temperature,15.7663421631,0.0
1492807959187839507,6279,1492807959188896963,/temperature,15.7576141357,0.0
1492807959261801411,6280,1492807959262896963,/temperature,15.7663421631,0.0
1492807959337148998,6281,1492807959337896963,/temperature,15.7663421631,0.0
1492807959410344907,6282,1492807959411896963,/temperature,15.7663421631,0.0
1492807959484953250,6283,1492807959485896963,/temperature,15.7663421631,0.0
1492807959559130353,6284,1492807959560896963,/temperature,15.7488851547,0.0
1492807959634240765,6285,1492807959634896963,/temperature,15.7488851547,0.0
1492807959708124056,6286,1492807959708896963,/temperature,15.7576141357,0.0
1492807959781246588,6287,1492807959782896963,/temperature,15.7576141357,0.0
1492807959855605408,6288,1492807959857896963,/temperature,15.7488851547,0.0
1492807959931216167,6289,1492807959931896963,/temperature,15.7401571274,0.0
1492807960004907498,6290,1492807960005896963,/temperature,15.7488851547,0.0
1492807960078636580,6291,1492807960079896963,/temperature,15.7401571274,0.0
1492807960153626743,6292,1492807960154896963,/temperature,15.7488851547,0.0
1492807960228090375,6293,1492807960228896963,/temperature,15.7488851547,0.0
1492807960302183418,6294,1492807960302896963,/temperature,15.7488851547,0.0
1492807960375304274,6295,1492807960376896963,/temperature,15.7488851547,0.0
1492807960450673999,6296,1492807960451896963,/temperature,15.7401571274,0.0
1492807960524559443,6297,1492807960525896963,/temperature,15.7314281464,0.0
1492807960598677365,6298,1492807960599896963,/temperature,15.7314281464,0.0
1492807960672743028,6299,1492807960674896963,/temperature,15.7226991653,0.0
1492807960747244603,6300,1492807960748896963,/temperature,15.7226991653,0.0
1492807960821597723,6301,1492807960822896963,/temperature,15.7488851547,0.0
1492807960895586178,6302,1492807960896896963,/temperature,15.7226991653,0.0
1492807960970452986,6303,1492807960971896963,/temperature,15.7401571274,0.0
1492807961044365625,6304,1492807961045896963,/temperature,15.7314281464,0.0
1492807961118566227,6305,1492807961119896963,/temperature,15.7401571274,0.0
1492807961192560034,6306,1492807961193896963,/temperature,15.7226991653,0.0
1492807961268075790,6307,1492807961268896963,/temperature,15.7226991653,0.0
1492807961341567334,6308,1492807961342896963,/temperature,15.7226991653,0.0
1492807961415956985,6309,1492807961416896963,/temperature,15.7226991653,0.0
1492807961490231287,6310,1492807961490896963,/temperature,15.7314281464,0.0
1492807961564343455,6311,1492807961566013883,/temperature,15.7314281464,0.0
1492807961638266988,6312,1492807961640013883,/temperature,15.7226991653,0.0
1492807961712790749,6313,1492807961714013883,/temperature,15.7139701843,0.0
1492807961786817548,6314,1492807961789013883,/temperature,15.7139701843,0.0
1492807961861327866,6315,1492807961863013883,/temperature,15.7139701843,0.0
1492807961936004136,6316,1492807961937013883,/temperature,15.7139701843,0.0
1492807962009261661,6317,1492807962011013883,/temperature,15.7052402496,0.0
1492807962084250099,6318,1492807962086013883,/temperature,15.7139701843,0.0
1492807962158958699,6319,1492807962160013883,/temperature,15.7226991653,0.0
1492807962233068830,6320,1492807962234013883,/temperature,15.7052402496,0.0
1492807962306212890,6321,1492807962308013883,/temperature,15.7052402496,0.0
1492807962381662705,6322,1492807962383013883,/temperature,15.7052402496,0.0
1492807962455547939,6323,1492807962457013883,/temperature,15.7226991653,0.0
1492807962529266481,6324,1492807962531013883,/temperature,15.7139701843,0.0
1492807962604152984,6325,1492807962605013883,/temperature,15.7052402496,0.0
1492807962679281190,6326,1492807962680013883,/temperature,15.7139701843,0.0
1492807962752580353,6327,1492807962754013883,/temperature,15.7052402496,0.0
1492807962826900337,6328,1492807962828013883,/temperature,15.7052402496,0.0
1492807962901253218,6329,1492807962903013883,/temperature,15.6965112686,0.0
1492807962975835314,6330,1492807962977013883,/temperature,15.7052402496,0.0
1492807963049677141,6331,1492807963051013883,/temperature,15.6965112686,0.0
1492807963123315963,6332,1492807963125013883,/temperature,15.7052402496,0.0
1492807963199116930,6333,1492807963200013883,/temperature,15.6965112686,0.0
1492807963272685571,6334,1492807963274013883,/temperature,15.6965112686,0.0
1492807963347199233,6335,1492807963348013883,/temperature,15.7052402496,0.0
1492807963421043315,6336,1492807963422013883,/temperature,15.6877813339,0.0
1492807963496292806,6337,1492807963497013883,/temperature,15.6965112686,0.0
1492807963569192854,6338,1492807963571013883,/temperature,15.6965112686,0.0
1492807963643285575,6339,1492807963645013883,/temperature,15.6965112686,0.0
1492807963717260209,6340,1492807963719013883,/temperature,15.6965112686,0.0
1492807963792388604,6341,1492807963794013883,/temperature,15.6965112686,0.0
1492807963867232576,6342,1492807963868013883,/temperature,15.6965112686,0.0
1492807963941239223,6343,1492807963942013883,/temperature,15.6965112686,0.0
1492807964015267675,6344,1492807964017013883,/temperature,15.6877813339,0.0
1492807964089668900,6345,1492807964091298889,/temperature,15.6877813339,0.0
1492807964163819032,6346,1492807964165298889,/temperature,15.6965112686,0.0
1492807964237906386,6347,1492807964239298889,/temperature,15.6877813339,0.0
1492807964312580430,6348,1492807964314298889,/temperature,15.6877813339,0.0
1492807964386764469,6349,1492807964388298889,/temperature,15.6965112686,0.0
1492807964461172194,6350,1492807964462298889,/temperature,15.6790513992,0.0
1492807964535098697,6351,1492807964536298889,/temperature,15.6965112686,0.0
1492807964609692635,6352,1492807964611298889,/temperature,15.6877813339,0.0
1492807964683657517,6353,1492807964685298889,/temperature,15.6790513992,0.0
1492807964757287564,6354,1492807964759298889,/temperature,15.6790513992,0.0
1492807964832277004,6355,1492807964833298889,/temperature,15.6965112686,0.0
1492807964906517365,6356,1492807964908298889,/temperature,15.6877813339,0.0
1492807964980932783,6357,1492807964982298889,/temperature,15.6790513992,0.0
1492807965054439808,6358,1492807965056298889,/temperature,15.6790513992,0.0
1492807965129569032,6359,1492807965131298889,/temperature,15.6790513992,0.0
1492807965203453680,6360,1492807965205298889,/temperature,15.6877813339,0.0
1492807965277546651,6361,1492807965279298889,/temperature,15.6790513992,0.0
1492807965353123195,6362,1492807965353298889,/temperature,15.6877813339,0.0
1492807965426574305,6363,1492807965428298889,/temperature,15.6877813339,0.0
1492807965500879501,6364,1492807965502298889,/temperature,15.6703214645,0.0
1492807965574252281,6365,1492807965576298889,/temperature,15.6790513992,0.0
1492807965649985671,6366,1492807965651298889,/temperature,15.6790513992,0.0
1492807965723305787,6367,1492807965725298889,/temperature,15.6703214645,0.0
1492807965797842619,6368,1492807965799298889,/temperature,15.6615304947,0.0
1492807965872037044,6369,1492807965873298889,/temperature,15.6703214645,0.0
1492807965947080987,6370,1492807965948298889,/temperature,15.6790513992,0.0
1492807966021113095,6371,1492807966022298889,/temperature,15.6615304947,0.0
1492807966094744386,6372,1492807966096298889,/temperature,15.6527996063,0.0
1492807966168980811,6373,1492807966170298889,/temperature,15.6703214645,0.0
1492807966244305112,6374,1492807966245298889,/temperature,15.6703214645,0.0
1492807966318113300,6375,1492807966319298889,/temperature,15.6703214645,0.0
1492807966391920891,6376,1492807966393298889,/temperature,15.6703214645,0.0
1492807966467242491,6377,1492807966467298889,/temperature,15.6615304947,0.0
1492807966540826302,6378,1492807966542298889,/temperature,15.6527996063,0.0
1492807966615182033,6379,1492807966616292951,/temperature,15.644068718,0.0
1492807966688982596,6380,1492807966690292951,/temperature,15.6703214645,0.0
1492807966764204892,6381,1492807966765292951,/temperature,15.6615304947,0.0
1492807966837315458,6382,1492807966839292951,/temperature,15.6527996063,0.0
1492807966911206006,6383,1492807966913292951,/temperature,15.644068718,0.0
1492807966986101237,6384,1492807966987292951,/temperature,15.6615304947,0.0
1492807967061152089,6385,1492807967062292951,/temperature,15.6527996063,0.0
1492807967134867276,6386,1492807967136292951,/temperature,15.6353387833,0.0
1492807967209319554,6387,1492807967210292951,/temperature,15.6353387833,0.0
1492807967283214734,6388,1492807967284292951,/temperature,15.6527996063,0.0
1492807967357823908,6389,1492807967359292951,/temperature,15.6527996063,0.0
1492807967431560217,6390,1492807967433292951,/temperature,15.644068718,0.0
1492807967506216131,6391,1492807967507292951,/temperature,15.644068718,0.0
1492807967580727180,6392,1492807967581292951,/temperature,15.6353387833,0.0
1492807967654541380,6393,1492807967656292951,/temperature,15.6353387833,0.0
1492807967729039343,6394,1492807967730292951,/temperature,15.6527996063,0.0
1492807967802836556,6395,1492807967804292951,/temperature,15.6353387833,0.0
1492807967878173962,6396,1492807967879292951,/temperature,15.6353387833,0.0
1492807967952075779,6397,1492807967953292951,/temperature,15.6353387833,0.0
1492807968025189929,6398,1492807968027292951,/temperature,15.6353387833,0.0
1492807968100754879,6399,1492807968101292951,/temperature,15.6353387833,0.0
1492807968174603923,6400,1492807968176292951,/temperature,15.6091451645,0.0
1492807968249144916,6401,1492807968250292951,/temperature,15.6178760529,0.0
1492807968322889704,6402,1492807968324292951,/temperature,15.6266078949,0.0
1492807968398092392,6403,1492807968398292951,/temperature,15.6091451645,0.0
1492807968472069740,6404,1492807968473292951,/temperature,15.6266078949,0.0
1492807968546178700,6405,1492807968547292951,/temperature,15.6178760529,0.0
1492807968620280648,6406,1492807968621292951,/temperature,15.6266078949,0.0
1492807968694587455,6407,1492807968695292951,/temperature,15.6091451645,0.0
1492807968768582023,6408,1492807968770292951,/temperature,15.5916824341,0.0
1492807968842489281,6409,1492807968844292951,/temperature,15.6178760529,0.0
1492807968916663481,6410,1492807968918292951,/temperature,15.6178760529,0.0
1492807968991180235,6411,1492807968993292951,/temperature,15.6091451645,0.0
1492807969065993984,6412,1492807969067292951,/temperature,15.6178760529,0.0
1492807969139354180,6413,1492807969140233037,/temperature,15.6353387833,0.0
1492807969215148653,6414,1492807969214233037,/temperature,15.6091451645,0.0
1492807969288637028,6415,1492807969289233037,/temperature,15.6091451645,0.0
1492807969363018575,6416,1492807969363233037,/temperature,15.6004133224,0.0
1492807969437124162,6417,1492807969437233037,/temperature,15.6178760529,0.0
1492807969512267759,6418,1492807969511233037,/temperature,15.6091451645,0.0
1492807969585328676,6419,1492807969586233037,/temperature,15.6178760529,0.0
1492807969659364263,6420,1492807969660233037,/temperature,15.6091451645,0.0
1492807969734054318,6421,1492807969734233037,/temperature,15.6091451645,0.0
1492807969809141917,6422,1492807969809233037,/temperature,15.6091451645,0.0
1492807969882378561,6423,1492807969883233037,/temperature,15.6091451645,0.0
1492807969956244395,6424,1492807969957233037,/temperature,15.6091451645,0.0
1492807970031223096,6425,1492807970031233037,/temperature,15.5916824341,0.0
1492807970105235783,6426,1492807970106233037,/temperature,15.6004133224,0.0
1492807970180175457,6427,1492807970180233037,/temperature,15.6178760529,0.0
1492807970253489861,6428,1492807970254233037,/temperature,15.6091451645,0.0
1492807970328468879,6429,1492807970328233037,/temperature,15.6004133224,0.0
1492807970402544087,6430,1492807970403233037,/temperature,15.5916824341,0.0
1492807970476903997,6431,1492807970477233037,/temperature,15.6004133224,0.0
1492807970551232817,6432,1492807970551233037,/temperature,15.5916824341,0.0
1492807970626042240,6433,1492807970625233037,/temperature,15.6004133224,0.0
1492807970699420776,6434,1492807970700233037,/temperature,15.6004133224,0.0
1492807970774031328,6435,1492807970774233037,/temperature,15.6004133224,0.0
1492807970848778612,6436,1492807970848233037,/temperature,15.5916824341,0.0
1492807970922531750,6437,1492807970923233037,/temperature,15.5916824341,0.0
1492807970996780644,6438,1492807970997233037,/temperature,15.5916824341,0.0
1492807971070282155,6439,1492807971071233037,/temperature,15.6004133224,0.0
1492807971146158921,6440,1492807971145233037,/temperature,15.6004133224,0.0
1492807971220032573,6441,1492807971220233037,/temperature,15.5916824341,0.0
1492807971293178846,6442,1492807971294233037,/temperature,15.5916824341,0.0
1492807971367923892,6443,1492807971368233037,/temperature,15.5916824341,0.0
1492807971442809361,6444,1492807971442233037,/temperature,15.5916824341,0.0
1492807971516561154,6445,1492807971517233037,/temperature,15.582950592,0.0
1492807971591233964,6446,1492807971591233037,/temperature,15.5916824341,0.0
1492807971665450822,6447,1492807971665621040,/temperature,15.582950592,0.0
1492807971739282236,6448,1492807971740621040,/temperature,15.582950592,0.0
1492807971813303051,6449,1492807971814621040,/temperature,15.5742177963,0.0
1492807971887548399,6450,1492807971888621040,/temperature,15.582950592,0.0
1492807971962371725,6451,1492807971962621040,/temperature,15.5916824341,0.0
1492807972036727005,6452,1492807972037621040,/temperature,15.5916824341,0.0
1492807972110984622,6453,1492807972111621040,/temperature,15.5654859543,0.0
1492807972185869186,6454,1492807972185621040,/temperature,15.5916824341,0.0
1492807972259233152,6455,1492807972259621040,/temperature,15.582950592,0.0
1492807972333246824,6456,1492807972334621040,/temperature,15.5916824341,0.0
1492807972407327105,6457,1492807972408621040,/temperature,15.5916824341,0.0
1492807972482937931,6458,1492807972482621040,/temperature,15.6004133224,0.0
1492807972556613755,6459,1492807972557621040,/temperature,15.6004133224,0.0
1492807972630223929,6460,1492807972631621040,/temperature,15.5916824341,0.0
1492807972705008413,6461,1492807972705621040,/temperature,15.5567541122,0.0
1492807972780207418,6462,1492807972779621040,/temperature,15.5916824341,0.0
1492807972853247424,6463,1492807972854621040,/temperature,15.5742177963,0.0
1492807972927516619,6464,1492807972928621040,/temperature,15.5654859543,0.0
1492807973001622757,6465,1492807973002621040,/temperature,15.6004133224,0.0
1492807973076551375,6466,1492807973076621040,/temperature,15.582950592,0.0
1492807973150342308,6467,1492807973151621040,/temperature,15.6004133224,0.0
1492807973224280854,6468,1492807973225621040,/temperature,15.6091451645,0.0
1492807973300180743,6469,1492807973299621040,/temperature,15.582950592,0.0
1492807973373659471,6470,1492807973373621040,/temperature,15.6004133224,0.0
1492807973447224433,6471,1492807973448621040,/temperature,15.5916824341,0.0
1492807973521764028,6472,1492807973522621040,/temperature,15.5916824341,0.0
1492807973596613593,6473,1492807973596621040,/temperature,15.5916824341,0.0
1492807973670744701,6474,1492807973671621040,/temperature,15.6004133224,0.0
1492807973744469944,6475,1492807973745621040,/temperature,15.582950592,0.0
1492807973818678449,6476,1492807973819621040,/temperature,15.5916824341,0.0
1492807973893237515,6477,1492807973893621040,/temperature,15.6091451645,0.0
1492807973967693548,6478,1492807973968621040,/temperature,15.6004133224,0.0
1492807974042097199,6479,1492807974042621040,/temperature,15.5654859543,0.0
1492807974116456506,6480,1492807974116621040,/temperature,15.5916824341,0.0
1492807974191133417,6481,1492807974191137073,/temperature,15.6004133224,0.0
1492807974265193213,6482,1492807974266137073,/temperature,15.5916824341,0.0
1492807974339141567,6483,1492807974340137073,/temperature,15.5916824341,0.0
1492807974414035022,6484,1492807974414137073,/temperature,15.5742177963,0.0
1492807974487807905,6485,1492807974488137073,/temperature,15.6091451645,0.0
1492807974562213353,6486,1492807974563137073,/temperature,15.5916824341,0.0
1492807974636983201,6487,1492807974637137073,/temperature,15.6004133224,0.0
1492807974710961722,6488,1492807974711137073,/temperature,15.6004133224,0.0
1492807974784742045,6489,1492807974786137073,/temperature,15.6091451645,0.0
1492807974858364492,6490,1492807974860137073,/temperature,15.6004133224,0.0
1492807974933062213,6491,1492807974934137073,/temperature,15.582950592,0.0
1492807975007601352,6492,1492807975008137073,/temperature,15.582950592,0.0
1492807975082149149,6493,1492807975083137073,/temperature,15.5654859543,0.0
1492807975156228482,6494,1492807975157137073,/temperature,15.582950592,0.0
1492807975231122243,6495,1492807975231137073,/temperature,15.6091451645,0.0
1492807975304496444,6496,1492807975305137073,/temperature,15.582950592,0.0
1492807975379187204,6497,1492807975380137073,/temperature,15.5916824341,0.0
1492807975452749162,6498,1492807975454137073,/temperature,15.6004133224,0.0
1492807975527510501,6499,1492807975528137073,/temperature,15.582950592,0.0
1492807975602230084,6500,1492807975602137073,/temperature,15.6091451645,0.0
1492807975676222168,6501,1492807975677137073,/temperature,15.5916824341,0.0
1492807975750336270,6502,1492807975751137073,/temperature,15.582950592,0.0
1492807975824304250,6503,1492807975825137073,/temperature,15.5916824341,0.0
1492807975898523013,6504,1492807975900137073,/temperature,15.5916824341,0.0
1492807975973214131,6505,1492807975974137073,/temperature,15.6091451645,0.0
1492807976047240912,6506,1492807976048137073,/temperature,15.6091451645,0.0
1492807976121450305,6507,1492807976122137073,/temperature,15.5916824341,0.0
1492807976195617525,6508,1492807976197137073,/temperature,15.6004133224,0.0
1492807976269183386,6509,1492807976271137073,/temperature,15.5916824341,0.0
1492807976344564939,6510,1492807976345137073,/temperature,15.5916824341,0.0
1492807976418295015,6511,1492807976419137073,/temperature,15.6004133224,0.0
1492807976492363202,6512,1492807976494137073,/temperature,15.5916824341,0.0
1492807976567582196,6513,1492807976568137073,/temperature,15.6004133224,0.0
1492807976641632498,6514,1492807976642137073,/temperature,15.5916824341,0.0
1492807976715459785,6515,1492807976717627119,/temperature,15.582950592,0.0
1492807976789649453,6516,1492807976791627119,/temperature,15.582950592,0.0
1492807976865009708,6517,1492807976865627119,/temperature,15.5480213165,0.0
1492807976938976068,6518,1492807976939627119,/temperature,15.6004133224,0.0
1492807977012940602,6519,1492807977014627119,/temperature,15.6091451645,0.0
1492807977086533210,6520,1492807977088627119,/temperature,15.6004133224,0.0
1492807977161345779,6521,1492807977162627119,/temperature,15.582950592,0.0
1492807977235306337,6522,1492807977236627119,/temperature,15.5916824341,0.0
1492807977309722307,6523,1492807977311627119,/temperature,15.582950592,0.0
1492807977384763722,6524,1492807977385627119,/temperature,15.6004133224,0.0
1492807977458227888,6525,1492807977459627119,/temperature,15.6091451645,0.0
1492807977532618174,6526,1492807977533627119,/temperature,15.6004133224,0.0
1492807977607040635,6527,1492807977608627119,/temperature,15.6004133224,0.0
1492807977682259393,6528,1492807977682627119,/temperature,15.5916824341,0.0
1492807977755269219,6529,1492807977756627119,/temperature,15.5742177963,0.0
1492807977830007271,6530,1492807977831627119,/temperature,15.582950592,0.0
1492807977904118027,6531,1492807977905627119,/temperature,15.5567541122,0.0
1492807977979186097,6532,1492807977979627119,/temperature,15.5916824341,0.0
1492807978052254936,6533,1492807978053627119,/temperature,15.5916824341,0.0
1492807978127274969,6534,1492807978128627119,/temperature,15.6004133224,0.0
1492807978201110867,6535,1492807978202627119,/temperature,15.5916824341,0.0
1492807978275267950,6536,1492807978276627119,/temperature,15.5916824341,0.0
1492807978349767477,6537,1492807978350627119,/temperature,15.5916824341,0.0
1492807978423506383,6538,1492807978425627119,/temperature,15.582950592,0.0
1492807978498697404,6539,1492807978499627119,/temperature,15.5916824341,0.0
1492807978572532375,6540,1492807978573627119,/temperature,15.5480213165,0.0
1492807978647287663,6541,1492807978648627119,/temperature,15.5916824341,0.0
1492807978721145241,6542,1492807978722627119,/temperature,15.6004133224,0.0
1492807978795931011,6543,1492807978796627119,/temperature,15.6004133224,0.0
1492807978869642735,6544,1492807978870627119,/temperature,15.5916824341,0.0
1492807978943922605,6545,1492807978945627119,/temperature,15.6004133224,0.0
1492807979017898358,6546,1492807979019627119,/temperature,15.6091451645,0.0
1492807979092506145,6547,1492807979093627119,/temperature,15.6004133224,0.0
1492807979167131768,6548,1492807979167627119,/temperature,15.5916824341,0.0
1492807979240188415,6549,1492807979242580961,/temperature,15.582950592,0.0
1492807979316264861,6550,1492807979316580961,/temperature,15.582950592,0.0
1492807979389988620,6551,1492807979390580961,/temperature,15.6004133224,0.0
1492807979463782970,6552,1492807979465580961,/temperature,15.6004133224,0.0
1492807979537313139,6553,1492807979539580961,/temperature,15.6004133224,0.0
1492807979613117312,6554,1492807979613580961,/temperature,15.5916824341,0.0
1492807979686494474,6555,1492807979687580961,/temperature,15.5916824341,0.0
1492807979760912532,6556,1492807979762580961,/temperature,15.582950592,0.0
1492807979835174826,6557,1492807979836580961,/temperature,15.5916824341,0.0
1492807979909830928,6558,1492807979910580961,/temperature,15.6004133224,0.0
1492807979983579362,6559,1492807979984580961,/temperature,15.6004133224,0.0
1492807980057350184,6560,1492807980059580961,/temperature,15.582950592,0.0
1492807980133018815,6561,1492807980133580961,/temperature,15.6004133224,0.0
1492807980207049189,6562,1492807980207580961,/temperature,15.5916824341,0.0
1492807980280647960,6563,1492807980281580961,/temperature,15.582950592,0.0
1492807980354212656,6564,1492807980356580961,/temperature,15.582950592,0.0
1492807980429231741,6565,1492807980430580961,/temperature,15.6004133224,0.0
1492807980503375859,6566,1492807980504580961,/temperature,15.5916824341,0.0
1492807980578139100,6567,1492807980579580961,/temperature,15.5916824341,0.0
1492807980651553445,6568,1492807980653580961,/temperature,15.582950592,0.0
1492807980726923754,6569,1492807980727580961,/temperature,15.5916824341,0.0
1492807980801035981,6570,1492807980801580961,/temperature,15.5916824341,0.0
1492807980874880346,6571,1492807980876580961,/temperature,15.5742177963,0.0
1492807980949675451,6572,1492807980950580961,/temperature,15.5654859543,0.0
1492807981023725566,6573,1492807981024580961,/temperature,15.5392885208,0.0
1492807981097944291,6574,1492807981098580961,/temperature,15.5742177963,0.0
1492807981172204025,6575,1492807981173580961,/temperature,15.5916824341,0.0
1492807981246245066,6576,1492807981247580961,/temperature,15.582950592,0.0
1492807981320473674,6577,1492807981321580961,/temperature,15.5654859543,0.0
1492807981394296265,6578,1492807981395580961,/temperature,15.5654859543,0.0
1492807981468993695,6579,1492807981470580961,/temperature,15.5654859543,0.0
1492807981543682678,6580,1492807981544580961,/temperature,15.5654859543,0.0
1492807981617450245,6581,1492807981618580961,/temperature,15.5654859543,0.0
1492807981691257926,6582,1492807981693580961,/temperature,15.5567541122,0.0
