%time,field.P_vel,field.I_vel,field.D_vel,field.P_pitch,field.I_pitch,field.D_pitch,field.P_yaw,field.I_yaw,field.D_yaw
1492810664055745073,105.0,44.0,17.5,20.0,5.0,50.0,28.0,0.0,50.0
1492810664155647991,105.0,44.0,17.5,20.0,5.0,50.0,28.0,0.0,50.0
1492810664255562058,105.0,44.0,17.5,20.0,5.0,50.0,28.0,0.0,50.0
1492810664355636171,105.0,44.0,17.5,20.0,5.0,50.0,28.0,0.0,50.0
1492810664456094095,105.0,44.0,17.5,20.0,5.0,50.0,28.0,0.0,50.0
1492810664555792175,105.0,44.0,17.5,20.0,5.0,50.0,28.0,0.0,50.0
1492810664655604028,105.0,44.0,17.5,20.0,5.0,50.0,28.0,0.0,50.0
1492810664755663565,105.0,44.0,17.5,20.0,5.0,50.0,28.0,0.0,50.0
1492810664855572878,105.0,44.0,17.5,20.0,5.0,50.0,28.0,0.0,50.0
1492810664955728538,105.0,44.0,17.5,20.0,5.0,50.0,28.0,0.0,50.0
1492810665055640750,105.0,44.0,17.5,20.0,5.0,50.0,28.0,0.0,50.0
1492810665155665018,105.0,44.0,17.5,20.0,5.0,50.0,28.0,0.0,50.0
1492810665255681891,105.0,44.0,17.5,20.0,5.0,50.0,28.0,0.0,50.0
1492810665355572167,105.0,44.0,17.5,20.0,5.0,50.0,28.0,0.0,50.0
1492810665455608598,105.0,44.0,17.5,20.0,5.0,50.0,28.0,0.0,50.0
1492810665555591291,105.0,44.0,17.5,20.0,5.0,50.0,28.0,0.0,50.0
1492810665655668994,105.0,44.0,17.5,20.0,5.0,50.0,28.0,0.0,50.0
1492810665755698583,105.0,44.0,17.5,20.0,5.0,50.0,28.0,0.0,50.0
1492810665855983547,105.0,44.0,17.5,20.0,5.0,50.0,28.0,0.0,50.0
1492810665955770939,105.0,44.0,17.5,20.0,5.0,50.0,28.0,0.0,50.0
1492810666055616404,105.0,44.0,17.5,20.0,5.0,50.0,28.0,0.0,50.0
1492810666155784433,105.0,44.0,17.5,20.0,5.0,50.0,28.0,0.0,50.0
1492810666255761182,105.0,44.0,17.5,20.0,5.0,50.0,28.0,0.0,50.0
1492810666355605688,105.0,44.0,17.5,20.0,5.0,50.0,28.0,0.0,50.0
1492810666455644276,105.0,44.0,17.5,20.0,5.0,50.0,28.0,0.0,50.0
1492810666555660204,105.0,44.0,17.5,20.0,5.0,50.0,28.0,0.0,50.0
1492810666655706682,105.0,44.0,17.5,20.0,5.0,50.0,28.0,0.0,50.0
1492810666755623578,105.0,44.0,17.5,20.0,5.0,50.0,28.0,0.0,50.0
1492810666855697580,105.0,44.0,17.5,20.0,5.0,50.0,28.0,0.0,50.0
1492810666955655945,105.0,44.0,17.5,20.0,5.0,50.0,28.0,0.0,50.0
1492810667055691610,105.0,44.0,17.5,20.0,5.0,50.0,28.0,0.0,50.0
1492810667155577542,105.0,44.0,17.5,20.0,5.0,50.0,28.0,0.0,50.0
1492810667255619579,105.0,44.0,17.5,20.0,5.0,50.0,28.0,0.0,50.0
1492810667355595384,105.0,44.0,17.5,20.0,5.0,50.0,28.0,0.0,50.0
1492810667455617188,105.0,44.0,17.5,20.0,5.0,50.0,28.0,0.0,50.0
1492810667555853498,105.0,44.0,17.5,20.0,5.0,50.0,28.0,0.0,50.0
1492810667655510706,105.0,44.0,17.5,20.0,5.0,50.0,28.0,0.0,50.0
1492810667755665045,105.0,44.0,17.5,20.0,5.0,50.0,28.0,0.0,50.0
1492810667855686021,105.0,44.0,17.5,20.0,5.0,50.0,28.0,0.0,50.0
1492810667955708928,105.0,44.0,17.5,20.0,5.0,50.0,28.0,0.0,50.0
1492810668055850318,105.0,44.0,17.5,20.0,5.0,50.0,28.0,0.0,50.0
1492810668155723897,105.0,44.0,17.5,20.0,5.0,50.0,28.0,0.0,50.0
1492810668256099394,105.0,44.0,17.5,20.0,5.0,50.0,28.0,0.0,50.0
1492810668355670011,105.0,44.0,17.5,20.0,5.0,50.0,28.0,0.0,50.0
1492810668455809194,105.0,44.0,17.5,20.0,5.0,50.0,28.0,0.0,50.0
1492810668555664740,105.0,44.0,17.5,20.0,5.0,50.0,28.0,0.0,50.0
1492810668655623376,105.0,44.0,17.5,20.0,5.0,50.0,28.0,0.0,50.0
1492810668755850723,105.0,44.0,17.5,20.0,5.0,50.0,28.0,0.0,50.0
1492810668855651843,105.0,44.0,17.5,20.0,5.0,50.0,28.0,0.0,50.0
1492810668955539936,105.0,44.0,17.5,20.0,5.0,50.0,28.0,0.0,50.0
1492810669055604415,105.0,44.0,17.5,20.0,5.0,50.0,28.0,0.0,50.0
1492810669155682481,105.0,44.0,17.5,20.0,5.0,50.0,28.0,0.0,50.0
1492810669255762472,105.0,44.0,17.5,20.0,5.0,50.0,28.0,0.0,50.0
1492810669355744112,105.0,44.0,17.5,20.0,5.0,50.0,28.0,0.0,50.0
1492810669455679148,105.0,44.0,17.5,20.0,5.0,50.0,28.0,0.0,50.0
1492810669555910262,105.0,44.0,17.5,20.0,5.0,50.0,28.0,0.0,50.0
1492810669655630222,105.0,44.0,17.5,20.0,5.0,50.0,28.0,0.0,50.0
1492810669755563435,105.0,44.0,17.5,20.0,5.0,50.0,28.0,0.0,50.0
1492810669855747042,105.0,44.0,17.5,20.0,5.0,50.0,28.0,0.0,50.0
1492810669955663226,105.0,44.0,17.5,20.0,5.0,50.0,28.0,0.0,50.0
1492810670055605329,105.0,44.0,17.5,20.0,5.0,50.0,28.0,0.0,50.0
1492810670155637136,105.0,44.0,17.5,20.0,5.0,50.0,28.0,0.0,50.0
1492810670256007314,105.0,44.0,17.5,20.0,5.0,50.0,28.0,0.0,50.0
1492810670355693092,105.0,44.0,17.5,20.0,5.0,50.0,28.0,0.0,50.0
1492810670455806972,105.0,44.0,17.5,20.0,5.0,50.0,28.0,0.0,50.0
1492810670555644684,105.0,44.0,17.5,20.0,5.0,50.0,28.0,0.0,50.0
1492810670655587303,105.0,44.0,17.5,20.0,5.0,50.0,28.0,0.0,50.0
1492810670755667959,105.0,44.0,17.5,20.0,5.0,50.0,28.0,0.0,50.0
1492810670855775688,105.0,44.0,17.5,20.0,5.0,50.0,28.0,0.0,50.0
1492810670955610384,105.0,44.0,17.5,20.0,5.0,50.0,28.0,0.0,50.0
1492810671055847687,105.0,44.0,17.5,20.0,5.0,50.0,28.0,0.0,50.0
1492810671155714905,105.0,44.0,17.5,20.0,5.0,50.0,28.0,0.0,50.0
1492810671255700377,105.0,44.0,17.5,20.0,5.0,50.0,28.0,0.0,50.0
1492810671355624351,105.0,44.0,17.5,20.0,5.0,50.0,28.0,0.0,50.0
1492810671455700830,105.0,44.0,17.5,20.0,5.0,50.0,28.0,0.0,50.0
1492810671555622071,105.0,44.0,17.5,20.0,5.0,50.0,28.0,0.0,50.0
1492810671655622712,105.0,44.0,17.5,20.0,5.0,50.0,28.0,0.0,50.0
1492810671755561801,105.0,44.0,17.5,20.0,5.0,50.0,28.0,0.0,50.0
1492810671855620234,105.0,44.0,17.5,20.0,5.0,50.0,28.0,0.0,50.0
1492810671955624522,105.0,44.0,17.5,20.0,5.0,50.0,28.0,0.0,50.0
1492810672055644862,105.0,44.0,17.5,20.0,5.0,50.0,28.0,0.0,50.0
1492810672155996702,105.0,44.0,17.5,20.0,5.0,50.0,28.0,0.0,50.0
1492810672255682029,105.0,44.0,17.5,20.0,5.0,50.0,28.0,0.0,50.0
1492810672355620492,105.0,44.0,17.5,20.0,5.0,50.0,28.0,0.0,50.0
1492810672455871231,105.0,44.0,17.5,20.0,5.0,50.0,28.0,0.0,50.0
1492810672555634460,105.0,44.0,17.5,20.0,5.0,50.0,28.0,0.0,50.0
1492810672655545052,105.0,44.0,17.5,20.0,5.0,50.0,28.0,0.0,50.0
1492810672755625584,105.0,44.0,17.5,20.0,5.0,50.0,28.0,0.0,50.0
1492810672855683740,105.0,44.0,17.5,20.0,5.0,50.0,28.0,0.0,50.0
1492810672955602501,105.0,44.0,17.5,20.0,5.0,50.0,28.0,0.0,50.0
1492810673055628497,105.0,44.0,17.5,20.0,5.0,50.0,28.0,0.0,50.0
1492810673155631606,105.0,44.0,17.5,20.0,5.0,50.0,28.0,0.0,50.0
1492810673255591299,105.0,44.0,17.5,20.0,5.0,50.0,28.0,0.0,50.0
1492810673355659558,105.0,44.0,17.5,20.0,5.0,50.0,28.0,0.0,50.0
1492810673455584515,105.0,44.0,17.5,20.0,5.0,50.0,28.0,0.0,50.0
1492810673555818444,105.0,44.0,17.5,20.0,5.0,50.0,28.0,0.0,50.0
1492810673655647717,105.0,44.0,17.5,20.0,5.0,50.0,28.0,0.0,50.0
1492810673755582867,105.0,44.0,17.5,20.0,5.0,50.0,28.0,0.0,50.0
1492810673855685537,105.0,44.0,17.5,20.0,5.0,50.0,28.0,0.0,50.0
1492810673955931135,105.0,44.0,17.5,20.0,5.0,50.0,28.0,0.0,50.0
1492810674055577614,105.0,44.0,17.5,20.0,5.0,50.0,28.0,0.0,50.0
1492810674155551131,105.0,44.0,17.5,20.0,5.0,50.0,28.0,0.0,50.0
1492810674255611711,105.0,44.0,17.5,20.0,5.0,50.0,28.0,0.0,50.0
1492810674355617123,105.0,44.0,17.5,20.0,5.0,50.0,28.0,0.0,50.0
1492810674455601559,105.0,44.0,17.5,20.0,5.0,50.0,28.0,0.0,50.0
1492810674555679731,105.0,44.0,17.5,20.0,5.0,50.0,28.0,0.0,50.0
1492810674655654048,105.0,44.0,17.5,20.0,5.0,50.0,28.0,0.0,50.0
1492810674755557176,105.0,44.0,17.5,20.0,5.0,50.0,28.0,0.0,50.0
1492810674855612778,105.0,44.0,17.5,20.0,5.0,50.0,28.0,0.0,50.0
1492810674955555099,105.0,44.0,17.5,20.0,5.0,50.0,28.0,0.0,50.0
1492810675055644021,105.0,44.0,17.5,20.0,5.0,50.0,28.0,0.0,50.0
1492810675155646822,105.0,44.0,17.5,20.0,5.0,50.0,28.0,0.0,50.0
1492810675255746986,105.0,44.0,17.5,20.0,5.0,50.0,28.0,0.0,50.0
1492810675355671686,105.0,44.0,17.5,20.0,5.0,50.0,28.0,0.0,50.0
1492810675455603616,105.0,44.0,17.5,20.0,5.0,50.0,28.0,0.0,50.0
1492810675555670528,105.0,44.0,17.5,20.0,5.0,50.0,28.0,0.0,50.0
1492810675655906773,105.0,44.0,17.5,20.0,5.0,50.0,28.0,0.0,50.0
1492810675755614948,105.0,44.0,17.5,20.0,5.0,50.0,28.0,0.0,50.0
1492810675855691403,105.0,44.0,17.5,20.0,5.0,50.0,28.0,0.0,50.0
1492810675955594671,105.0,44.0,17.5,20.0,5.0,50.0,28.0,0.0,50.0
1492810676055639406,105.0,44.0,17.5,20.0,5.0,50.0,28.0,0.0,50.0
1492810676155621231,105.0,44.0,17.5,20.0,5.0,50.0,28.0,0.0,50.0
1492810676255817400,105.0,44.0,17.5,20.0,5.0,50.0,28.0,0.0,50.0
1492810676355734662,105.0,44.0,17.5,20.0,5.0,50.0,28.0,0.0,50.0
1492810676455637508,105.0,44.0,17.5,20.0,5.0,50.0,28.0,0.0,50.0
1492810676555612563,105.0,44.0,17.5,20.0,5.0,50.0,28.0,0.0,50.0
1492810676655669238,105.0,44.0,17.5,20.0,5.0,50.0,28.0,0.0,50.0
1492810676755609243,105.0,44.0,17.5,20.0,5.0,50.0,28.0,0.0,50.0
1492810676855805551,105.0,44.0,17.5,20.0,5.0,50.0,28.0,0.0,50.0
1492810676955574175,105.0,44.0,17.5,20.0,5.0,50.0,28.0,0.0,50.0
1492810677055980248,105.0,44.0,17.5,20.0,5.0,50.0,28.0,0.0,50.0
1492810677155641465,105.0,44.0,17.5,20.0,5.0,50.0,28.0,0.0,50.0
1492810677255692012,105.0,44.0,17.5,20.0,5.0,50.0,28.0,0.0,50.0
1492810677355541479,105.0,44.0,17.5,20.0,5.0,50.0,28.0,0.0,50.0
1492810677455675398,105.0,44.0,17.5,20.0,5.0,50.0,28.0,0.0,50.0
1492810677555773894,105.0,44.0,17.5,20.0,5.0,50.0,28.0,0.0,50.0
1492810677655569265,105.0,44.0,17.5,20.0,5.0,50.0,28.0,0.0,50.0
1492810677755640105,105.0,44.0,17.5,20.0,5.0,50.0,28.0,0.0,50.0
1492810677855825367,105.0,44.0,17.5,20.0,5.0,50.0,28.0,0.0,50.0
1492810677955622604,105.0,44.0,17.5,20.0,5.0,50.0,28.0,0.0,50.0
1492810678055567906,105.0,44.0,17.5,20.0,5.0,50.0,28.0,0.0,50.0
1492810678155594968,105.0,44.0,17.5,20.0,5.0,50.0,28.0,0.0,50.0
1492810678255813374,105.0,44.0,17.5,20.0,5.0,50.0,28.0,0.0,50.0
1492810678355620312,105.0,44.0,17.5,20.0,5.0,50.0,28.0,0.0,50.0
1492810678455577790,105.0,44.0,17.5,20.0,5.0,50.0,28.0,0.0,50.0
1492810678555561377,105.0,44.0,17.5,20.0,5.0,50.0,28.0,0.0,50.0
1492810678655634474,105.0,44.0,17.5,20.0,5.0,50.0,28.0,0.0,50.0
1492810678755587267,105.0,44.0,17.5,20.0,5.0,50.0,28.0,0.0,50.0
1492810678855628882,105.0,44.0,17.5,20.0,5.0,50.0,28.0,0.0,50.0
1492810678955652043,105.0,44.0,17.5,20.0,5.0,50.0,28.0,0.0,50.0
1492810679055595094,105.0,44.0,17.5,20.0,5.0,50.0,28.0,0.0,50.0
1492810679155680562,105.0,44.0,17.5,20.0,5.0,50.0,28.0,0.0,50.0
1492810679255807113,105.0,44.0,17.5,20.0,5.0,50.0,28.0,0.0,50.0
1492810679355594020,105.0,44.0,17.5,20.0,5.0,50.0,28.0,0.0,50.0
1492810679455922068,105.0,44.0,17.5,20.0,5.0,50.0,28.0,0.0,50.0
1492810679555666841,105.0,44.0,17.5,20.0,5.0,50.0,28.0,0.0,50.0
1492810679655593592,105.0,44.0,17.5,20.0,5.0,50.0,28.0,0.0,50.0
1492810679755490385,105.0,44.0,17.5,20.0,5.0,50.0,28.0,0.0,50.0
1492810679855771609,105.0,44.0,17.5,20.0,5.0,50.0,28.0,0.0,50.0
1492810679956078639,105.0,44.0,17.5,20.0,5.0,50.0,28.0,0.0,50.0
1492810680055635736,105.0,44.0,17.5,20.0,5.0,50.0,28.0,0.0,50.0
1492810680155733336,105.0,44.0,17.5,20.0,5.0,50.0,28.0,0.0,50.0
1492810680255596021,105.0,44.0,17.5,20.0,5.0,50.0,28.0,0.0,50.0
1492810680355755175,105.0,44.0,17.5,20.0,5.0,50.0,28.0,0.0,50.0
1492810680455747263,105.0,44.0,17.5,20.0,5.0,50.0,28.0,0.0,50.0
1492810680555517333,105.0,44.0,17.5,20.0,5.0,50.0,28.0,0.0,50.0
1492810680655663765,105.0,44.0,17.5,20.0,5.0,50.0,28.0,0.0,50.0
1492810680755629838,105.0,44.0,17.5,20.0,5.0,50.0,28.0,0.0,50.0
1492810680855630072,105.0,44.0,17.5,20.0,5.0,50.0,28.0,0.0,50.0
1492810680955650624,105.0,44.0,17.5,20.0,5.0,50.0,28.0,0.0,50.0
1492810681055804672,105.0,44.0,17.5,20.0,5.0,50.0,28.0,0.0,50.0
1492810681155627922,105.0,44.0,17.5,20.0,5.0,50.0,28.0,0.0,50.0
1492810681255744136,105.0,44.0,17.5,20.0,5.0,50.0,28.0,0.0,50.0
1492810681355703921,105.0,44.0,17.5,20.0,5.0,50.0,28.0,0.0,50.0
1492810681455575503,105.0,44.0,17.5,20.0,5.0,50.0,28.0,0.0,50.0
1492810681555602192,105.0,44.0,17.5,20.0,5.0,50.0,28.0,0.0,50.0
1492810681655631941,105.0,44.0,17.5,20.0,5.0,50.0,28.0,0.0,50.0
1492810681755657868,105.0,44.0,17.5,20.0,5.0,50.0,28.0,0.0,50.0
1492810681855582916,105.0,44.0,17.5,20.0,5.0,50.0,28.0,0.0,50.0
1492810681955620783,105.0,44.0,17.5,20.0,5.0,50.0,28.0,0.0,50.0
1492810682055579486,105.0,44.0,17.5,20.0,5.0,50.0,28.0,0.0,50.0
1492810682155587373,105.0,44.0,17.5,20.0,5.0,50.0,28.0,0.0,50.0
1492810682255627048,105.0,44.0,17.5,20.0,5.0,50.0,28.0,0.0,50.0
1492810682355742459,105.0,44.0,17.5,20.0,5.0,50.0,28.0,0.0,50.0
1492810682455606025,105.0,44.0,17.5,20.0,5.0,50.0,28.0,0.0,50.0
1492810682555621468,105.0,44.0,17.5,20.0,5.0,50.0,28.0,0.0,50.0
1492810682655712287,105.0,44.0,17.5,20.0,5.0,50.0,28.0,0.0,50.0
1492810682755657250,105.0,44.0,17.5,20.0,5.0,50.0,28.0,0.0,50.0
1492810682855635665,105.0,44.0,17.5,20.0,5.0,50.0,28.0,0.0,50.0
1492810682955582324,105.0,44.0,17.5,20.0,5.0,50.0,28.0,0.0,50.0
1492810683055617700,105.0,44.0,17.5,20.0,5.0,50.0,28.0,0.0,50.0
1492810683155646555,105.0,44.0,17.5,20.0,5.0,50.0,28.0,0.0,50.0
1492810683255648953,105.0,44.0,17.5,20.0,5.0,50.0,28.0,0.0,50.0
1492810683355766229,105.0,44.0,17.5,20.0,5.0,50.0,28.0,0.0,50.0
1492810683455678096,105.0,44.0,17.5,20.0,5.0,50.0,28.0,0.0,50.0
1492810683555601576,105.0,44.0,17.5,20.0,5.0,50.0,28.0,0.0,50.0
1492810683655566477,105.0,44.0,17.5,20.0,5.0,50.0,28.0,0.0,50.0
1492810683755614832,105.0,44.0,17.5,20.0,5.0,50.0,28.0,0.0,50.0
1492810683855578158,105.0,44.0,17.5,20.0,5.0,50.0,28.0,0.0,50.0
1492810683955603205,105.0,44.0,17.5,20.0,5.0,50.0,28.0,0.0,50.0
1492810684055831248,105.0,44.0,17.5,20.0,5.0,50.0,28.0,0.0,50.0
1492810684155690792,105.0,44.0,17.5,20.0,5.0,50.0,28.0,0.0,50.0
1492810684255733266,105.0,44.0,17.5,20.0,5.0,50.0,28.0,0.0,50.0
1492810684355609558,105.0,44.0,17.5,20.0,5.0,50.0,28.0,0.0,50.0
1492810684455621837,105.0,44.0,17.5,20.0,5.0,50.0,28.0,0.0,50.0
1492810684555922603,105.0,44.0,17.5,20.0,5.0,50.0,28.0,0.0,50.0
1492810684655805416,105.0,44.0,17.5,20.0,5.0,50.0,28.0,0.0,50.0
1492810684755640544,105.0,44.0,17.5,20.0,5.0,50.0,28.0,0.0,50.0
