%time,field.header.seq,field.header.stamp,field.header.frame_id,field.temperature,field.variance
1492810664064063631,9986,1492810664064555994,/temperature,15.5043563843,0.0
1492810664137982219,9987,1492810664138555994,/temperature,15.5043563843,0.0
1492810664213142700,9988,1492810664212555994,/temperature,15.4956226349,0.0
1492810664286632979,9989,1492810664286555994,/temperature,15.4956226349,0.0
1492810664360642893,9990,1492810664361555994,/temperature,15.5043563843,0.0
1492810664435270916,9991,1492810664435555994,/temperature,15.5043563843,0.0
1492810664509712361,9992,1492810664509555994,/temperature,15.5043563843,0.0
1492810664583792520,9993,1492810664583555994,/temperature,15.4956226349,0.0
1492810664657970296,9994,1492810664658555994,/temperature,15.5043563843,0.0
1492810664731297006,9995,1492810664732555994,/temperature,15.5043563843,0.0
1492810664806668912,9996,1492810664806555994,/temperature,15.51308918,0.0
1492810664880431454,9997,1492810664880555994,/temperature,15.5043563843,0.0
1492810664954322267,9998,1492810664955555994,/temperature,15.5043563843,0.0
1492810665028630719,9999,1492810665029555994,/temperature,15.5043563843,0.0
1492810665103933313,10000,1492810665103555994,/temperature,15.5043563843,0.0
1492810665177766482,10001,1492810665177555994,/temperature,15.5043563843,0.0
1492810665252340186,10002,1492810665252555994,/temperature,15.5043563843,0.0
1492810665325544417,10003,1492810665326555994,/temperature,15.5043563843,0.0
1492810665400931036,10004,1492810665400555994,/temperature,15.51308918,0.0
1492810665474932532,10005,1492810665475555994,/temperature,15.5043563843,0.0
1492810665549103414,10006,1492810665549555994,/temperature,15.5043563843,0.0
1492810665623210938,10007,1492810665623555994,/temperature,15.5043563843,0.0
1492810665698311575,10008,1492810665697555994,/temperature,15.5043563843,0.0
1492810665771336893,10009,1492810665772555994,/temperature,15.51308918,0.0
1492810665845607932,10010,1492810665846555994,/temperature,15.5043563843,0.0
1492810665920915901,10011,1492810665920555994,/temperature,15.51308918,0.0
1492810665994893125,10012,1492810665994555994,/temperature,15.51308918,0.0
1492810666069072031,10013,1492810666069555994,/temperature,15.51308918,0.0
1492810666142555944,10014,1492810666143555994,/temperature,15.51308918,0.0
1492810666217324768,10015,1492810666217555994,/temperature,15.51308918,0.0
1492810666291394505,10016,1492810666291555994,/temperature,15.51308918,0.0
1492810666365483930,10017,1492810666367400001,/temperature,15.51308918,0.0
1492810666439980063,10018,1492810666441400001,/temperature,15.51308918,0.0
1492810666514972107,10019,1492810666515400001,/temperature,15.51308918,0.0
1492810666588648239,10020,1492810666589400001,/temperature,15.5218229294,0.0
1492810666662886189,10021,1492810666664400001,/temperature,15.5218229294,0.0
1492810666737238652,10022,1492810666738400001,/temperature,15.5218229294,0.0
1492810666812110944,10023,1492810666812400001,/temperature,15.51308918,0.0
1492810666886235815,10024,1492810666886400001,/temperature,15.5218229294,0.0
1492810666959987389,10025,1492810666961400001,/temperature,15.5218229294,0.0
1492810667033325065,10026,1492810667035400001,/temperature,15.5305557251,0.0
1492810667108768986,10027,1492810667109400001,/temperature,15.5218229294,0.0
1492810667182955162,10028,1492810667183400001,/temperature,15.5218229294,0.0
1492810667257020096,10029,1492810667258400001,/temperature,15.5218229294,0.0
1492810667330612128,10030,1492810667332400001,/temperature,15.5218229294,0.0
1492810667405251315,10031,1492810667406400001,/temperature,15.5305557251,0.0
1492810667479734801,10032,1492810667480400001,/temperature,15.5218229294,0.0
1492810667554276738,10033,1492810667555400001,/temperature,15.5218229294,0.0
1492810667628327263,10034,1492810667629400001,/temperature,15.5218229294,0.0
1492810667702998141,10035,1492810667703400001,/temperature,15.5305557251,0.0
1492810667777096349,10036,1492810667777400001,/temperature,15.5218229294,0.0
1492810667850890973,10037,1492810667852400001,/temperature,15.5305557251,0.0
1492810667925218732,10038,1492810667926400001,/temperature,15.5305557251,0.0
1492810668000278965,10039,1492810668000400001,/temperature,15.5305557251,0.0
1492810668074023867,10040,1492810668074400001,/temperature,15.5218229294,0.0
1492810668147649346,10041,1492810668149400001,/temperature,15.5218229294,0.0
1492810668223177871,10042,1492810668223400001,/temperature,15.5305557251,0.0
1492810668297132937,10043,1492810668297400001,/temperature,15.5305557251,0.0
1492810668370283446,10044,1492810668371400001,/temperature,15.5305557251,0.0
1492810668444798902,10045,1492810668446400001,/temperature,15.5305557251,0.0
1492810668520158828,10046,1492810668520400001,/temperature,15.5305557251,0.0
1492810668594273404,10047,1492810668594400001,/temperature,15.5305557251,0.0
1492810668667806659,10048,1492810668668400001,/temperature,15.5305557251,0.0
1492810668742114468,10049,1492810668743400001,/temperature,15.5305557251,0.0
1492810668817198320,10050,1492810668817400001,/temperature,15.5305557251,0.0
1492810668890899982,10051,1492810668891141889,/temperature,15.5218229294,0.0
1492810668964624219,10052,1492810668966141889,/temperature,15.5305557251,0.0
1492810669040246514,10053,1492810669040141889,/temperature,15.5305557251,0.0
1492810669113424077,10054,1492810669114141889,/temperature,15.5218229294,0.0
1492810669187492271,10055,1492810669188141889,/temperature,15.51308918,0.0
1492810669261839197,10056,1492810669263141889,/temperature,15.5305557251,0.0
1492810669337102847,10057,1492810669337141889,/temperature,15.5218229294,0.0
1492810669410883792,10058,1492810669411141889,/temperature,15.51308918,0.0
1492810669484958697,10059,1492810669485141889,/temperature,15.51308918,0.0
1492810669558398914,10060,1492810669560141889,/temperature,15.5218229294,0.0
1492810669633417650,10061,1492810669634141889,/temperature,15.5218229294,0.0
1492810669708196369,10062,1492810669708141889,/temperature,15.51308918,0.0
1492810669782104026,10063,1492810669783141889,/temperature,15.51308918,0.0
1492810669855463156,10064,1492810669857141889,/temperature,15.5218229294,0.0
1492810669930310908,10065,1492810669931141889,/temperature,15.5305557251,0.0
1492810670005161975,10066,1492810670005141889,/temperature,15.5305557251,0.0
1492810670078871033,10067,1492810670080141889,/temperature,15.5305557251,0.0
1492810670154211098,10068,1492810670154141889,/temperature,15.5218229294,0.0
1492810670227880633,10069,1492810670228141889,/temperature,15.51308918,0.0
1492810670301973690,10070,1492810670302141889,/temperature,15.51308918,0.0
1492810670376287062,10071,1492810670377141889,/temperature,15.5218229294,0.0
1492810670450629544,10072,1492810670451141889,/temperature,15.5218229294,0.0
1492810670524807741,10073,1492810670525141889,/temperature,15.51308918,0.0
1492810670598257656,10074,1492810670599141889,/temperature,15.5392885208,0.0
1492810670672241413,10075,1492810670674141889,/temperature,15.51308918,0.0
1492810670748278252,10076,1492810670748141889,/temperature,15.5218229294,0.0
1492810670821327239,10077,1492810670822141889,/temperature,15.5305557251,0.0
1492810670895484048,10078,1492810670897141889,/temperature,15.5218229294,0.0
1492810670970314406,10079,1492810670971141889,/temperature,15.51308918,0.0
1492810671044555798,10080,1492810671045141889,/temperature,15.5305557251,0.0
1492810671118846281,10081,1492810671119141889,/temperature,15.5218229294,0.0
1492810671193281269,10082,1492810671194141889,/temperature,15.51308918,0.0
1492810671268106960,10083,1492810671268141889,/temperature,15.51308918,0.0
1492810671341454581,10084,1492810671342141889,/temperature,15.5043563843,0.0
1492810671415905071,10085,1492810671417156932,/temperature,15.51308918,0.0
1492810671490070567,10086,1492810671492156932,/temperature,15.51308918,0.0
1492810671564897307,10087,1492810671566156932,/temperature,15.51308918,0.0
1492810671639107906,10088,1492810671640156932,/temperature,15.5218229294,0.0
1492810671713277941,10089,1492810671714156932,/temperature,15.5043563843,0.0
1492810671788141873,10090,1492810671789156932,/temperature,15.5043563843,0.0
1492810671861232701,10091,1492810671863156932,/temperature,15.5305557251,0.0
1492810671936053295,10092,1492810671937156932,/temperature,15.4956226349,0.0
1492810672009259698,10093,1492810672012156932,/temperature,15.5043563843,0.0
1492810672084676304,10094,1492810672086156932,/temperature,15.4956226349,0.0
1492810672158916868,10095,1492810672160156932,/temperature,15.5043563843,0.0
1492810672233248847,10096,1492810672234156932,/temperature,15.4781551361,0.0
1492810672306863328,10097,1492810672309156932,/temperature,15.5043563843,0.0
1492810672381595080,10098,1492810672383156932,/temperature,15.4868888855,0.0
1492810672455551827,10099,1492810672457156932,/temperature,15.51308918,0.0
1492810672529620470,10100,1492810672531156932,/temperature,15.5043563843,0.0
1492810672603997319,10101,1492810672606156932,/temperature,15.5043563843,0.0
1492810672678378693,10102,1492810672680156932,/temperature,15.5043563843,0.0
1492810672752529177,10103,1492810672754156932,/temperature,15.5043563843,0.0
1492810672826365376,10104,1492810672828156932,/temperature,15.5043563843,0.0
1492810672901293487,10105,1492810672903156932,/temperature,15.4956226349,0.0
1492810672976074812,10106,1492810672977156932,/temperature,15.5043563843,0.0
1492810673050259113,10107,1492810673051156932,/temperature,15.5043563843,0.0
1492810673124193539,10108,1492810673126156932,/temperature,15.4956226349,0.0
1492810673198351288,10109,1492810673200156932,/temperature,15.4956226349,0.0
1492810673273014412,10110,1492810673274156932,/temperature,15.4956226349,0.0
1492810673347085548,10111,1492810673348156932,/temperature,15.4956226349,0.0
1492810673421106394,10112,1492810673423156932,/temperature,15.4956226349,0.0
1492810673495366800,10113,1492810673497156932,/temperature,15.4781551361,0.0
1492810673569752557,10114,1492810673571156932,/temperature,15.4956226349,0.0
1492810673643424205,10115,1492810673645156932,/temperature,15.4956226349,0.0
1492810673718443524,10116,1492810673720156932,/temperature,15.4868888855,0.0
1492810673792546637,10117,1492810673794156932,/temperature,15.4868888855,0.0
1492810673866796121,10118,1492810673868156932,/temperature,15.4868888855,0.0
1492810673940871117,10119,1492810673942598890,/temperature,15.4781551361,0.0
1492810674015679634,10120,1492810674016598890,/temperature,15.5043563843,0.0
1492810674089552919,10121,1492810674090598890,/temperature,15.4868888855,0.0
1492810674164127535,10122,1492810674164598890,/temperature,15.4781551361,0.0
1492810674239053934,10123,1492810674239598890,/temperature,15.4781551361,0.0
1492810674312259349,10124,1492810674313598890,/temperature,15.4868888855,0.0
1492810674386242941,10125,1492810674387598890,/temperature,15.4868888855,0.0
1492810674461114464,10126,1492810674461598890,/temperature,15.51308918,0.0
1492810674536163408,10127,1492810674536598890,/temperature,15.4781551361,0.0
1492810674610040944,10128,1492810674610598890,/temperature,15.4868888855,0.0
1492810674683734243,10129,1492810674684598890,/temperature,15.4781551361,0.0
1492810674758239561,10130,1492810674759598890,/temperature,15.4781551361,0.0
1492810674832598899,10131,1492810674833598890,/temperature,15.4868888855,0.0
1492810674907093906,10132,1492810674907598890,/temperature,15.4868888855,0.0
1492810674981056122,10133,1492810674981598890,/temperature,15.4606866837,0.0
1492810675056239534,10134,1492810675056598890,/temperature,15.4694213867,0.0
1492810675129379549,10135,1492810675130598890,/temperature,15.4868888855,0.0
1492810675204105483,10136,1492810675204598890,/temperature,15.4694213867,0.0
1492810675278038123,10137,1492810675278598890,/temperature,15.4781551361,0.0
1492810675353258136,10138,1492810675353598890,/temperature,15.4694213867,0.0
1492810675427106336,10139,1492810675427598890,/temperature,15.4781551361,0.0
1492810675500980688,10140,1492810675501598890,/temperature,15.4694213867,0.0
1492810675574737941,10141,1492810675575598890,/temperature,15.4868888855,0.0
1492810675649908845,10142,1492810675650598890,/temperature,15.4781551361,0.0
1492810675724193893,10143,1492810675724598890,/temperature,15.4868888855,0.0
1492810675798225840,10144,1492810675798598890,/temperature,15.4781551361,0.0
1492810675871276017,10145,1492810675873598890,/temperature,15.4694213867,0.0
1492810675946215346,10146,1492810675947598890,/temperature,15.4519519806,0.0
1492810676021129945,10147,1492810676021598890,/temperature,15.4432182312,0.0
1492810676095166596,10148,1492810676095598890,/temperature,15.4606866837,0.0
1492810676170095923,10149,1492810676170598890,/temperature,15.4606866837,0.0
1492810676244004452,10150,1492810676244598890,/temperature,15.4868888855,0.0
1492810676317957037,10151,1492810676318598890,/temperature,15.4781551361,0.0
1492810676391463557,10152,1492810676392598890,/temperature,15.4606866837,0.0
1492810676467124148,10153,1492810676468016933,/temperature,15.4606866837,0.0
1492810676540328584,10154,1492810676542016933,/temperature,15.4606866837,0.0
1492810676614224944,10155,1492810676616016933,/temperature,15.4694213867,0.0
1492810676689357356,10156,1492810676691016933,/temperature,15.4694213867,0.0
1492810676763377349,10157,1492810676765016933,/temperature,15.4781551361,0.0
1492810676838150636,10158,1492810676839016933,/temperature,15.4606866837,0.0
1492810676911870995,10159,1492810676913016933,/temperature,15.4606866837,0.0
1492810676986791034,10160,1492810676988016933,/temperature,15.4606866837,0.0
1492810677061285924,10161,1492810677062016933,/temperature,15.4606866837,0.0
1492810677134236241,10162,1492810677136016933,/temperature,15.4432182312,0.0
1492810677208617960,10163,1492810677210016933,/temperature,15.4694213867,0.0
1492810677284009640,10164,1492810677285016933,/temperature,15.4606866837,0.0
1492810677357881803,10165,1492810677359016933,/temperature,15.4606866837,0.0
1492810677431460729,10166,1492810677433016933,/temperature,15.4432182312,0.0
1492810677505734586,10167,1492810677507016933,/temperature,15.4519519806,0.0
1492810677580419985,10168,1492810677582016933,/temperature,15.4432182312,0.0
1492810677655293248,10169,1492810677656016933,/temperature,15.4519519806,0.0
1492810677728861352,10170,1492810677730016933,/temperature,15.4432182312,0.0
1492810677803583168,10171,1492810677805016933,/temperature,15.4432182312,0.0
1492810677877979853,10172,1492810677879016933,/temperature,15.4257478714,0.0
1492810677951907665,10173,1492810677953016933,/temperature,15.4344825745,0.0
1492810678025961126,10174,1492810678027016933,/temperature,15.4257478714,0.0
1492810678101370982,10175,1492810678102016933,/temperature,15.4344825745,0.0
1492810678174299932,10176,1492810678176016933,/temperature,15.4170131683,0.0
1492810678248274981,10177,1492810678250016933,/temperature,15.4432182312,0.0
1492810678322912164,10178,1492810678324016933,/temperature,15.4344825745,0.0
1492810678397827541,10179,1492810678399016933,/temperature,15.4257478714,0.0
1492810678471355127,10180,1492810678473016933,/temperature,15.4432182312,0.0
1492810678546169836,10181,1492810678547016933,/temperature,15.4257478714,0.0
1492810678620344925,10182,1492810678621016933,/temperature,15.4344825745,0.0
1492810678694359464,10183,1492810678696016933,/temperature,15.4257478714,0.0
1492810678769264969,10184,1492810678770016933,/temperature,15.4344825745,0.0
1492810678843042515,10185,1492810678844016933,/temperature,15.4257478714,0.0
1492810678917261020,10186,1492810678919016933,/temperature,15.4432182312,0.0
1492810678991294559,10187,1492810678992083070,/temperature,15.4344825745,0.0
1492810679066277253,10188,1492810679066083070,/temperature,15.4519519806,0.0
1492810679140769269,10189,1492810679140083070,/temperature,15.4170131683,0.0
1492810679214398904,10190,1492810679215083070,/temperature,15.4170131683,0.0
1492810679289155624,10191,1492810679289083070,/temperature,15.4082775116,0.0
1492810679362813020,10192,1492810679363083070,/temperature,15.4257478714,0.0
1492810679437520017,10193,1492810679438083070,/temperature,15.4170131683,0.0
1492810679511534712,10194,1492810679512083070,/temperature,15.4257478714,0.0
1492810679586053519,10195,1492810679586083070,/temperature,15.4082775116,0.0
1492810679660235166,10196,1492810679660083070,/temperature,15.4082775116,0.0
1492810679734911344,10197,1492810679735083070,/temperature,15.4170131683,0.0
1492810679808712589,10198,1492810679809083070,/temperature,15.4170131683,0.0
1492810679882567280,10199,1492810679883083070,/temperature,15.4082775116,0.0
1492810679956687823,10200,1492810679957083070,/temperature,15.4082775116,0.0
1492810680031527057,10201,1492810680032083070,/temperature,15.4344825745,0.0
1492810680105604409,10202,1492810680106083070,/temperature,15.4082775116,0.0
1492810680179270947,10203,1492810680180083070,/temperature,15.3908061981,0.0
1492810680254873219,10204,1492810680254083070,/temperature,15.4170131683,0.0
1492810680329122135,10205,1492810680329083070,/temperature,15.4170131683,0.0
1492810680402945807,10206,1492810680403083070,/temperature,15.3995418549,0.0
1492810680476416382,10207,1492810680477083070,/temperature,15.3995418549,0.0
1492810680552159063,10208,1492810680552083070,/temperature,15.4082775116,0.0
1492810680625788921,10209,1492810680626083070,/temperature,15.4082775116,0.0
1492810680699463727,10210,1492810680700083070,/temperature,15.4082775116,0.0
1492810680773496072,10211,1492810680774083070,/temperature,15.4257478714,0.0
1492810680848238601,10212,1492810680849083070,/temperature,15.4082775116,0.0
1492810680922203070,10213,1492810680923083070,/temperature,15.3995418549,0.0
1492810680997344157,10214,1492810680997083070,/temperature,15.4170131683,0.0
1492810681071609793,10215,1492810681071083070,/temperature,15.3908061981,0.0
1492810681146023008,10216,1492810681146083070,/temperature,15.3995418549,0.0
1492810681220045050,10217,1492810681220083070,/temperature,15.4082775116,0.0
1492810681293301830,10218,1492810681294083070,/temperature,15.4082775116,0.0
1492810681368912633,10219,1492810681368083070,/temperature,15.3732738495,0.0
1492810681442902269,10220,1492810681443083070,/temperature,15.3820095062,0.0
1492810681516871255,10221,1492810681517946956,/temperature,15.3995418549,0.0
1492810681590555835,10222,1492810681591946956,/temperature,15.3908061981,0.0
1492810681665265513,10223,1492810681666946956,/temperature,15.4170131683,0.0
1492810681740212977,10224,1492810681740946956,/temperature,15.3995418549,0.0
1492810681813803498,10225,1492810681814946956,/temperature,15.3908061981,0.0
1492810681888330848,10226,1492810681888946956,/temperature,15.4170131683,0.0
1492810681963149320,10227,1492810681963946956,/temperature,15.3732738495,0.0
1492810682036289741,10228,1492810682037946956,/temperature,15.3908061981,0.0
1492810682110762141,10229,1492810682111946956,/temperature,15.3908061981,0.0
1492810682185391395,10230,1492810682185946956,/temperature,15.3908061981,0.0
1492810682259330383,10231,1492810682260946956,/temperature,15.3645372391,0.0
1492810682333406033,10232,1492810682334946956,/temperature,15.3645372391,0.0
1492810682407482327,10233,1492810682408946956,/temperature,15.3995418549,0.0
1492810682482202519,10234,1492810682483946956,/temperature,15.3908061981,0.0
1492810682557067161,10235,1492810682557946956,/temperature,15.3908061981,0.0
1492810682630777065,10236,1492810682631946956,/temperature,15.3908061981,0.0
1492810682704251109,10237,1492810682705946956,/temperature,15.3995418549,0.0
1492810682780041504,10238,1492810682780946956,/temperature,15.3645372391,0.0
1492810682853881289,10239,1492810682854946956,/temperature,15.3820095062,0.0
1492810682927827343,10240,1492810682928946956,/temperature,15.3908061981,0.0
1492810683002764197,10241,1492810683002946956,/temperature,15.3908061981,0.0
1492810683076854558,10242,1492810683077946956,/temperature,15.3820095062,0.0
1492810683150497537,10243,1492810683151946956,/temperature,15.3908061981,0.0
1492810683225014429,10244,1492810683225946956,/temperature,15.3732738495,0.0
1492810683299332167,10245,1492810683299946956,/temperature,15.3732738495,0.0
1492810683374244743,10246,1492810683374946956,/temperature,15.3995418549,0.0
1492810683447260848,10247,1492810683448946956,/temperature,15.3820095062,0.0
1492810683521319831,10248,1492810683522946956,/temperature,15.3645372391,0.0
1492810683597211091,10249,1492810683597946956,/temperature,15.3732738495,0.0
1492810683670508663,10250,1492810683671946956,/temperature,15.3732738495,0.0
1492810683744920877,10251,1492810683745946956,/temperature,15.3732738495,0.0
1492810683819909625,10252,1492810683819946956,/temperature,15.3732738495,0.0
1492810683894202113,10253,1492810683894946956,/temperature,15.3820095062,0.0
1492810683967585099,10254,1492810683968946956,/temperature,15.3820095062,0.0
1492810684041966324,10255,1492810684043248889,/temperature,15.3645372391,0.0
1492810684116222332,10256,1492810684117248889,/temperature,15.3732738495,0.0
1492810684190570123,10257,1492810684192248889,/temperature,15.3732738495,0.0
1492810684265146177,10258,1492810684266248889,/temperature,15.3732738495,0.0
1492810684339280522,10259,1492810684340248889,/temperature,15.3908061981,0.0
1492810684413458768,10260,1492810684414248889,/temperature,15.3908061981,0.0
1492810684487710151,10261,1492810684489248889,/temperature,15.3732738495,0.0
1492810684562179788,10262,1492810684563248889,/temperature,15.3732738495,0.0
1492810684637035950,10263,1492810684637248889,/temperature,15.3908061981,0.0
1492810684711005332,10264,1492810684712248889,/temperature,15.3470649719,0.0
