%time,field.control_vel,field.desired_vel,field.control_pitch,field.desired_pitch,field.control_yaw,field.desired_yaw
1492810664077937587,0,0.0,0,0.0,0,0.0
1492810664177938114,0,0.0,0,0.0,0,0.0
1492810664277924194,0,0.0,0,0.0,0,0.0
1492810664377920209,0,0.0,0,0.0,0,0.0
1492810664478148742,0,0.0,0,0.0,0,0.0
1492810664578124380,0,0.0,0,0.0,0,0.0
1492810664677928691,0,0.0,0,0.0,0,0.0
1492810664777901007,0,0.0,0,0.0,0,0.0
1492810664877887142,0,0.0,0,0.0,0,0.0
1492810664977909639,0,0.0,0,0.0,0,0.0
1492810665077952051,0,0.0,0,0.0,0,0.0
1492810665177935995,0,0.0,0,0.0,0,0.0
1492810665277907057,0,0.0,0,0.0,0,0.0
1492810665377949340,0,0.0,0,0.0,0,0.0
1492810665477898750,0,0.0,0,0.0,0,0.0
1492810665577958198,0,0.0,0,0.0,0,0.0
1492810665677951645,0,0.0,0,0.0,0,0.0
1492810665777991772,0,0.0,0,0.0,0,0.0
1492810665877909910,0,0.0,0,0.0,0,0.0
1492810665977912893,0,0.0,0,0.0,0,0.0
1492810666077951018,0,0.0,0,0.0,0,0.0
1492810666177893786,0,0.0,0,0.0,0,0.0
1492810666277920092,0,0.0,0,0.0,0,0.0
1492810666377887480,0,0.0,0,0.0,0,0.0
1492810666478019125,0,0.0,0,0.0,0,0.0
1492810666578065290,0,0.0,0,0.0,0,0.0
1492810666677955077,0,0.0,0,0.0,0,0.0
1492810666778050286,0,0.0,0,0.0,0,0.0
1492810666877927547,0,0.0,0,0.0,0,0.0
1492810666978209750,0,0.0,0,0.0,0,0.0
1492810667077956693,0,0.0,0,0.0,0,0.0
1492810667177943822,0,0.0,0,0.0,0,0.0
1492810667277917589,0,0.0,0,0.0,0,0.0
1492810667377920034,0,0.0,0,0.0,0,0.0
1492810667477866812,0,0.0,0,0.0,0,0.0
1492810667577909307,0,0.0,0,0.0,0,0.0
1492810667677909683,0,0.0,0,0.0,0,0.0
1492810667777942268,0,0.0,0,0.0,0,0.0
1492810667877876979,0,0.0,0,0.0,0,0.0
1492810667978132740,0,0.0,0,0.0,0,0.0
1492810668077998854,0,0.0,0,0.0,0,0.0
1492810668177968835,0,0.0,0,0.0,0,0.0
1492810668278075473,0,0.0,0,0.0,0,0.0
1492810668377974059,0,0.0,0,0.0,0,0.0
1492810668478028829,0,0.0,0,0.0,0,0.0
1492810668577895258,0,0.0,0,0.0,0,0.0
1492810668677993448,1,0.00550770573318,1,0.0,0,0.0
1492810668777989860,1,0.0147634977475,1,0.0,0,0.0
1492810668877954353,1,0.0240421127528,1,0.0,0,0.0
1492810668978064946,1,0.0333463139832,1,0.0,0,0.0
1492810669078009056,1,0.0426343344152,1,0.0,0,0.0
1492810669177999576,1,0.0519386418164,1,0.0,0,0.0
1492810669277982738,1,0.0612389817834,1,0.0,0,0.0
1492810669378089738,1,0.0705331638455,1,0.0,0,0.0
1492810669478082363,1,0.0798156484962,1,0.0,0,0.0
1492810669578052517,1,0.0890750810504,1,0.0,0,0.0
1492810669678026366,1,0.0983210131526,1,0.0,0,0.0
1492810669778000875,1,0.107541695237,1,0.0,0,0.0
1492810669877951912,1,0.116740725935,1,0.0,0,0.0
1492810669978009390,1,0.12589931488,1,0.0,0,0.0
1492810670077985294,1,0.135025620461,1,0.0,0,0.0
1492810670178226199,1,0.144124358892,1,0.0,0,0.0
1492810670278031145,1,0.153153702617,1,0.0,0,0.0
1492810670377956882,1,0.162136271596,1,0.0,0,0.0
1492810670478307385,1,0.171077460051,1,0.0,0,0.0
1492810670578015746,1,0.179944366217,1,0.0,0,0.0
1492810670678025224,1,0.188751652837,1,0.0,0,0.0
1492810670778012104,1,0.197488114238,1,0.0,0,0.0
1492810670878050729,1,0.206150174141,1,0.0,0,0.0
1492810670978032939,1,0.214740782976,1,0.0,0,0.0
1492810671078009381,1,0.223252654076,1,0.0,0,0.0
1492810671178222360,1,0.231685325503,1,0.0,0,0.0
1492810671278073246,1,0.240009397268,1,0.0,0,0.0
1492810671378006184,1,0.248245507479,1,0.0,0,0.0
1492810671478021368,1,0.256381213665,1,0.0,0,0.0
1492810671578054175,1,0.264419525862,1,0.0,0,0.0
1492810671678014699,1,0.27234607935,1,0.0,0,0.0
1492810671777997170,1,0.280156910419,1,0.0,0,0.0
1492810671877990304,1,0.287859767675,1,0.0,0,0.0
1492810671977967545,1,0.295427620411,1,0.0,0,0.0
1492810672077981927,1,0.302882224321,1,0.0,0,0.0
1492810672178722219,1,0.310219198465,1,0.0,0,0.0
1492810672278056593,1,0.317388832569,1,0.0,0,0.0
1492810672378078543,1,0.32444024086,1,0.0,0,0.0
1492810672478073855,1,0.331333339214,1,0.0,0,0.0
1492810672577990125,1,0.338086128235,1,0.0,0,0.0
1492810672678040952,1,0.34469050169,1,0.0,0,0.0
1492810672777988848,1,0.351139307022,1,0.0,0,0.0
1492810672878075658,1,0.357425630093,1,0.0,0,0.0
1492810672977993222,1,0.363539844751,1,0.0,0,0.0
1492810673077964784,1,0.369488328695,1,0.0,0,0.0
1492810673178032893,1,0.375260621309,1,0.0,0,0.0
1492810673278023353,1,0.380858242512,1,0.0,0,0.0
1492810673377994037,1,0.386272281408,1,0.0,0,0.0
1492810673477947627,1,0.391493201256,1,0.0,0,0.0
1492810673578015874,1,0.396527379751,1,0.0,0,0.0
1492810673677993364,1,0.401359379292,1,0.0,0,0.0
1492810673777981214,1,0.405993252993,1,0.0,0,0.0
1492810673878051212,1,0.410422474146,1,0.0,0,0.0
1492810673978353912,1,0.41464561224,1,0.0,0,0.0
1492810674077953132,1,0.418645530939,1,0.0,0,0.0
1492810674177935449,1,0.422429323196,1,0.0,0,0.0
1492810674277956556,1,0.42599272728,1,0.0,0,0.0
1492810674378015899,1,0.429327756166,1,0.0,0,0.0
1492810674477906491,1,0.432428002357,1,0.0,0,0.0
1492810674578006926,1,0.435296326876,1,0.0,0,0.0
1492810674678025447,1,0.437923252583,1,0.0,0,0.0
1492810674777944517,1,0.440300434828,1,0.0,0,0.0
1492810674878023862,1,0.442431926727,1,0.0,0,0.0
1492810674978046176,1,0.444308191538,1,0.0,0,0.0
1492810675078046209,1,0.445925414562,1,0.0,0,0.0
1492810675178309165,1,0.447279602289,1,0.0,0,0.0
1492810675278108295,1,0.448366075754,1,0.0,0,0.0
1492810675378234168,1,0.449181288481,1,0.0,0,0.0
1492810675478096784,1,0.4497192204,1,0.0,0,0.0
1492810675578071584,1,0.449976623058,1,0.0,0,0.0
1492810675677978763,1,0.449999988079,1,0.0,0,0.0
1492810675778061350,1,0.449999988079,1,0.0,0,0.0
1492810675878037449,1,0.449999988079,1,0.0,0,0.0
1492810675978109821,1,0.449999988079,1,0.0,0,0.0
1492810676078213078,1,0.449999988079,1,0.0,0,0.0
1492810676178048464,1,0.449999988079,1,0.0,0,0.0
1492810676278022950,1,0.449999988079,1,0.0,0,0.0
1492810676377959940,1,0.449999988079,1,0.0,0,0.0
1492810676478042732,1,0.449999988079,1,0.0,0,0.0
1492810676577974535,1,0.449999988079,1,0.0,0,0.0
1492810676677982773,1,0.449999988079,1,0.0,0,0.0
1492810676778029641,1,0.449999988079,1,0.0,0,0.0
1492810676878049053,1,0.449999988079,1,0.0,0,0.0
1492810676978042618,1,0.449999988079,1,0.0,0,0.0
1492810677078282676,1,0.449999988079,1,0.0,0,0.0
1492810677178008484,1,0.449999988079,1,0.0,0,0.0
1492810677278072277,1,0.449999988079,1,0.0,0,0.0
1492810677378044270,1,0.449999988079,1,0.0,0,0.0
1492810677478103536,1,0.449999988079,1,0.0,0,0.0
1492810677577972264,1,0.449999988079,1,0.0,0,0.0
1492810677678055308,1,0.449999988079,1,0.0,0,0.0
1492810677778030513,1,0.449999988079,1,0.0,0,0.0
1492810677878040152,1,0.449999988079,1,0.0,0,0.0
1492810677978050011,1,0.449999988079,1,0.0,0,0.0
1492810678078052726,1,0.449999988079,1,0.0,0,0.0
1492810678177978860,1,0.449999988079,1,0.0,0,0.0
1492810678277937174,1,0.449999988079,1,0.0,0,0.0
1492810678378060543,1,0.449999988079,1,0.0,0,0.0
1492810678478059656,1,0.449999988079,1,0.0,0,0.0
1492810678577989891,1,0.449999988079,1,0.0,0,0.0
1492810678678054440,1,0.449999988079,1,0.000105580256786,0,0.0
1492810678777987851,1,0.449999988079,1,0.000747477053665,0,0.0
1492810678877977209,1,0.449999988079,1,0.00195049878675,0,0.0
1492810678977971744,1,0.449999988079,1,0.00369234196842,0,0.0
1492810679078033730,1,0.449999988079,1,0.00594901107252,0,0.0
1492810679178179674,1,0.449999988079,1,0.0086935441941,0,0.0
1492810679278076706,1,0.449999988079,1,0.011901830323,0,0.0
1492810679378036278,1,0.449999988079,1,0.0155564351007,0,0.0
1492810679478200904,1,0.449999988079,1,0.0196272414178,0,0.0
1492810679578027655,1,0.449999988079,1,0.0240898318589,0,0.0
1492810679678053310,1,0.449999988079,1,0.0289196819067,0,0.0
1492810679778019941,1,0.449999988079,1,0.0341034606099,0,0.0
1492810679878038387,1,0.449999988079,1,0.0396017320454,0,0.0
1492810679978248323,1,0.449999988079,1,0.0454084686935,0,0.0
1492810680077921589,1,0.449999988079,1,0.0514675229788,0,0.0
1492810680178005124,1,0.449999988079,1,0.0577926561236,0,0.0
1492810680278246784,1,0.449999988079,1,0.0643491894007,0,0.0
1492810680378027060,1,0.449999988079,1,0.0710904374719,0,0.0
1492810680478001014,1,0.449999988079,1,0.0780124142766,0,0.0
1492810680578049922,1,0.449999988079,1,0.0850948989391,0,0.0
1492810680677999489,1,0.449999988079,1,0.0923078805208,0,0.0
1492810680778048998,1,0.449999988079,1,0.0996283516288,0,0.0
1492810680877985736,1,0.449999988079,1,0.107017986476,0,0.0
1492810680977996128,1,0.449999988079,1,0.114476956427,0,0.0
1492810681078089511,1,0.449999988079,1,0.121967636049,0,0.0
1492810681178273552,1,0.449999988079,1,0.129466444254,0,0.0
1492810681278067931,1,0.449999988079,1,0.136951729655,0,0.0
1492810681378042113,1,0.449999988079,1,0.14439445734,0,0.0
1492810681478132434,1,0.449999988079,1,0.151785820723,0,0.0
1492810681577962516,1,0.449999988079,1,0.159072816372,0,0.0
1492810681678124079,1,0.449999988079,1,0.166272461414,0,0.0
1492810681777994844,1,0.449999988079,1,0.173317432404,0,0.0
1492810681877935070,1,0.449999988079,1,0.180205360055,0,0.0
1492810681978052038,1,0.449999988079,1,0.186927080154,0,0.0
1492810682078027176,1,0.449999988079,1,0.193431511521,0,0.0
1492810682178033213,1,0.449999988079,1,0.199708983302,0,0.0
1492810682278036098,1,0.449999988079,1,0.205728217959,0,0.0
1492810682377947562,1,0.449999988079,1,0.211470469832,0,0.0
1492810682478037888,1,0.449999988079,1,0.216914832592,0,0.0
1492810682578058234,1,0.449999988079,1,0.222030192614,0,0.0
1492810682678063075,1,0.449999988079,1,0.226792484522,0,0.0
1492810682778040078,1,0.449999988079,1,0.231182977557,0,0.0
1492810682878012859,1,0.449999988079,1,0.235175222158,0,0.0
1492810682977981394,1,0.449999988079,1,0.238745972514,0,0.0
1492810683077980884,1,0.449999988079,1,0.241867750883,0,0.0
1492810683178050421,1,0.449999988079,1,0.244520813227,0,0.0
1492810683278067687,1,0.449999988079,1,0.246680527925,0,0.0
1492810683378014744,1,0.449999988079,1,0.248320534825,0,0.0
1492810683477997777,1,0.449999988079,1,0.24941919744,0,0.0
1492810683578005110,1,0.449999988079,1,0.24995110929,0,0.0
1492810683677958741,1,0.449999988079,1,0.25,0,0.0
1492810683778078346,1,0.449999988079,1,0.25,0,0.0
1492810683877991784,1,0.449999988079,1,0.25,0,0.0
1492810683978004674,1,0.449999988079,1,0.25,0,0.0
1492810684078080977,1,0.449999988079,1,0.25,0,0.0
1492810684178049417,1,0.449999988079,1,0.25,0,0.0
1492810684278184424,1,0.449999988079,1,0.25,0,0.0
1492810684378064916,1,0.449999988079,1,0.25,0,0.0
1492810684477957094,1,0.449999988079,1,0.25,0,0.0
1492810684578042258,1,0.449999988079,1,0.25,0,0.0
1492810684678286721,0,0.0,0,0.0,0,0.0
