%time,field.transforms0.header.seq,field.transforms0.header.stamp,field.transforms0.header.frame_id,field.transforms0.child_frame_id,field.transforms0.transform.translation.x,field.transforms0.transform.translation.y,field.transforms0.transform.translation.z,field.transforms0.transform.rotation.x,field.transforms0.transform.rotation.y,field.transforms0.transform.rotation.z,field.transforms0.transform.rotation.w
1492810664366175795,0,1492810664362424135,odom,robot_frame,-1.98201905863e-11,-8.86370081216e-12,-0.41237797733,0.103217799525,-0.12384315178,0.948673606121,0.272079673382
1492810664466761869,0,1492810664463985920,odom,robot_frame,0.000251611965788,-0.000103548082398,-0.416315885634,0.10760455697,-0.125379438836,0.94784780624,0.272554199824
1492810664566172647,0,1492810664565591812,odom,robot_frame,0.00131679739597,-0.000567368114982,-0.411590544213,0.108949472543,-0.12661042856,0.947368209771,0.273117716248
1492810664666065247,0,1492810664647110939,odom,robot_frame,0.00282595799123,-0.00116312224825,-0.409316752955,0.1079094106,-0.12715586806,0.947291638994,0.273542492153
1492810664766104845,0,1492810664763662577,odom,robot_frame,0.00562064070132,-0.00217848046509,-0.408413119082,0.103634231327,-0.126801620165,0.947638503332,0.274157914758
1492810664866094230,0,1492810664865126610,odom,robot_frame,0.00798898366233,-0.00297393814846,-0.406951549602,0.0981094757727,-0.125411286877,0.948243961507,0.274736108573
1492810664966084203,0,1492810664946314335,odom,robot_frame,0.00951203404354,-0.00337601382229,-0.40926385208,0.0925784332249,-0.123825602755,0.948848391485,0.275287456635
1492810665066079386,0,1492810665063111544,odom,robot_frame,0.0111027147275,-0.00340823301773,-0.408216181788,0.0833555305431,-0.121454497041,0.949671450921,0.276450349941
1492810665166274793,0,1492810665164609671,odom,robot_frame,0.0119794031113,-0.00275182096871,-0.406283410846,0.0766708695642,-0.120264266904,0.950018045823,0.277711714691
1492810665266286364,0,1492810665245841980,odom,robot_frame,0.0123968941609,-0.00169706153605,-0.407153781348,0.0734395214225,-0.120146941988,0.949988740408,0.278734178245
1492810665366147201,0,1492810665362732887,odom,robot_frame,0.0125770260772,0.000633847261695,-0.40819992946,0.0734873994398,-0.121344763405,0.949489819775,0.279900219116
1492810665466071194,0,1492810665464368820,odom,robot_frame,0.0119659232399,0.00360885828736,-0.412371174639,0.0776936896548,-0.123206948789,0.948842290555,0.280146472426
1492810665566104513,0,1492810665545653105,odom,robot_frame,0.0110129810609,0.00620094223643,-0.40614634408,0.0829254934393,-0.124905176613,0.948260289291,0.279865115989
1492810665666066216,0,1492810665662539721,odom,robot_frame,0.00890981027483,0.0105564366896,-0.406617054286,0.0921282228597,-0.127482262202,0.947268277076,0.279183585875
1492810665766099061,0,1492810665764102936,odom,robot_frame,0.0073810803387,0.0139753233657,-0.410288249018,0.0999291424404,-0.129541306438,0.946227369672,0.279082391599
1492810665866252708,0,1492810665865661144,odom,robot_frame,0.00693144521762,0.0161143925047,-0.410054026422,0.10638226208,-0.131005535149,0.945086555918,0.279878126865
1492810665966076997,0,1492810665941885233,odom,robot_frame,0.00745557575248,0.0166122318162,-0.409293921155,0.110020269312,-0.131294866464,0.944256342454,0.281135480003
1492810666066104761,0,1492810666063782215,odom,robot_frame,0.00943027560923,0.0154952301302,-0.407361199024,0.112292261428,-0.129886441499,0.943565775552,0.283202379132
1492810666166175819,0,1492810666165387630,odom,robot_frame,0.011404604812,0.0133555951029,-0.4058721049,0.110576136202,-0.127455812955,0.943795167022,0.284215792229
1492810666266134767,0,1492810666246622324,odom,robot_frame,0.0125855541362,0.0120257716823,-0.412228562906,0.106453909033,-0.12519384874,0.944586913834,0.284164789695
1492810666366129738,0,1492810666363319874,odom,robot_frame,0.0137086336254,0.00994884883864,-0.406322771574,0.0964097128574,-0.122044572974,0.946383533681,0.283140418613
1492810666466217845,0,1492810666464972258,odom,robot_frame,0.0143127142687,0.00933318032314,-0.41051434778,0.086277813639,-0.120086699122,0.947853625181,0.282327520442
1492810666566143490,0,1492810666546138525,odom,robot_frame,0.015145018307,0.00858515589313,-0.408208653721,0.0786652027425,-0.119150838511,0.948672234301,0.282198255535
1492810666666169931,0,1492810666662874699,odom,robot_frame,0.0163921467231,0.0081422550624,-0.411297470491,0.0708340532268,-0.118986677898,0.949078231019,0.282975650528
1492810666766202751,0,1492810666764468193,odom,robot_frame,0.0178701207157,0.00747512985827,-0.410050969981,0.069410511217,-0.120090017859,0.948696701321,0.284139292332
1492810666866356435,0,1492810666845787048,odom,robot_frame,0.0190801756347,0.00686859219974,-0.407861201448,0.0718685179768,-0.121826397852,0.948009770507,0.285080199125
1492810666966268523,0,1492810666962600708,odom,robot_frame,0.0200135167403,0.00693653823569,-0.414353990166,0.0796314892005,-0.125238528006,0.946578639754,0.286291836754
1492810667066500622,0,1492810667064232826,odom,robot_frame,0.0217185377666,0.00541638776595,-0.404911475512,0.0884219518793,-0.128202300196,0.945109088548,0.287253441048
1492810667166365163,0,1492810667145546198,odom,robot_frame,0.0226846133396,0.00475986986752,-0.405105747381,0.0957568963943,-0.130160205272,0.943886943624,0.288038843584
1492810667266122015,0,1492810667247012615,odom,robot_frame,0.0238085501991,0.00371393300704,-0.403197975439,0.103733855023,-0.131658177164,0.942517622634,0.289077745134
1492810667366252517,0,1492810667363813877,odom,robot_frame,0.0248919784861,0.00286664640118,-0.407787898984,0.109297748568,-0.131672439452,0.941545912481,0.290185570864
1492810667466128458,0,1492810667465315819,odom,robot_frame,0.0256036595306,0.00201924745618,-0.408289428251,0.109444245265,-0.130313316729,0.941514841431,0.290843944455
1492810667566097341,0,1492810667546653032,odom,robot_frame,0.0259708513821,0.00128469531726,-0.406317205984,0.106585970582,-0.128674882608,0.941972527923,0.291152815715
1492810667666097282,0,1492810667663508654,odom,robot_frame,0.0262864859461,0.000753113859454,-0.410013057262,0.0979936364122,-0.126038623103,0.943246678295,0.291199616404
1492810667766328066,0,1492810667765163183,odom,robot_frame,0.0257598696649,0.000618804832441,-0.411160118183,0.0880529123176,-0.124049827514,0.944566958663,0.290949455281
1492810667866142933,0,1492810667846521139,odom,robot_frame,0.0248455419095,0.00072336393569,-0.410363349628,0.0795986645363,-0.122803999356,0.94556520485,0.290671074796
1492810667966238814,0,1492810667963344812,odom,robot_frame,0.0228950212062,0.00170803996869,-0.413581917219,0.0694257008342,-0.121727102652,0.94649224127,0.290714674139
1492810668066279700,0,1492810668065101147,odom,robot_frame,0.0225181593628,0.00141832909169,-0.41137153672,0.0669495395757,-0.121838928776,0.94638387027,0.29160007661
1492810668166089907,0,1492810668146346569,odom,robot_frame,0.0233702354012,0.000290899586338,-0.408428669863,0.0698103868421,-0.122600588482,0.945710214918,0.292793092461
1492810668266198258,0,1492810668263246059,odom,robot_frame,0.0246975021598,-0.00126782475104,-0.410709352536,0.0809218023912,-0.124608959848,0.943943675392,0.294778911576
1492810668366237418,0,1492810668364859104,odom,robot_frame,0.0260179159564,-0.0033703960759,-0.409514356768,0.0923061948359,-0.126377932505,0.942340617046,0.295807954654
1492810668466239106,0,1492810668446081877,odom,robot_frame,0.0261877449934,-0.00497770321287,-0.405672799705,0.100494852449,-0.12760757628,0.941291320118,0.295952262666
1492810668566295252,0,1492810668563053608,odom,robot_frame,0.0258287882343,-0.00591905175766,-0.410554318563,0.107941012527,-0.128850742732,0.940410210492,0.295592388119
1492810668666071460,0,1492810668664458513,odom,robot_frame,0.0252384193864,-0.00695051083222,-0.406548900221,0.109172955781,-0.129336821363,0.940199651483,0.295597475829
1492810668766145795,0,1492810668745597601,odom,robot_frame,0.0253898737772,-0.00765135363967,-0.403702992536,0.107262422019,-0.129243915644,0.94028016102,0.296081073161
1492810668866113384,0,1492810668847024679,odom,robot_frame,0.0275081495311,-0.00847245734243,-0.407617760429,0.102073670307,-0.128426183511,0.9406637305,0.297051220063
1492810668966100854,0,1492810668963680029,odom,robot_frame,0.0309659179663,-0.00959698985402,-0.410538901689,0.094532782853,-0.127042156853,0.941300972185,0.298121322807
1492810669066126774,0,1492810669065265656,odom,robot_frame,0.0346669465842,-0.0108759341611,-0.410676590982,0.0881720846358,-0.12610248764,0.941921471548,0.298509275464
1492810669166113633,0,1492810669146471024,odom,robot_frame,0.0377833881529,-0.0116940291373,-0.414640336308,0.0836261901544,-0.125674343949,0.942359955976,0.298614020044
1492810669266301947,0,1492810669263086081,odom,robot_frame,0.0437376887692,-0.0151516636272,-0.403073252496,0.0791216418715,-0.125551123918,0.942653651392,0.298966176328
1492810669366229939,0,1492810669364856005,odom,robot_frame,0.0458916733189,-0.0148493119574,-0.415390259619,0.0782038293225,-0.125680106795,0.942518919561,0.299577632851
1492810669466164272,0,1492810669446097851,odom,robot_frame,0.0488626949124,-0.0161925450346,-0.411100304866,0.0784953841952,-0.125696207784,0.942264106925,0.300295339308
1492810669566247131,0,1492810669563020468,odom,robot_frame,0.0521652961235,-0.0173241706903,-0.400927371776,0.0811858630525,-0.126031277527,0.941637503955,0.301403025649
1492810669666270823,0,1492810669664602995,odom,robot_frame,0.0520213764449,-0.0145214218771,-0.404755161548,0.0849822439723,-0.126656531377,0.941056158041,0.301909669741
1492810669766133017,0,1492810669745844603,odom,robot_frame,0.0517684721314,-0.0108547815389,-0.407857894393,0.0898676091789,-0.127501306231,0.940448672491,0.302032323005
1492810669866124167,0,1492810669844748974,odom,robot_frame,0.052883181614,-0.00666230363816,-0.396052245026,0.0992864928521,-0.129261800149,0.939260307697,0.302032537559
1492810669966078733,0,1492810669963988543,odom,robot_frame,0.0567603868013,0.00145635696155,-0.399961920813,0.11342115287,-0.132326479454,0.937127256474,0.302353849141
1492810670066105675,0,1492810670065443039,odom,robot_frame,0.0625001728033,0.00883223230459,-0.401910774058,0.124340552297,-0.134544640867,0.935248088571,0.302899619499
1492810670166238052,0,1492810670146713257,odom,robot_frame,0.0674877656634,0.0149261927294,-0.400275942246,0.129943741121,-0.135443496805,0.934133481527,0.303585773722
1492810670266282883,0,1492810670263451099,odom,robot_frame,0.0772481053572,0.0233176828358,-0.404635700665,0.129229342882,-0.134079584201,0.934026935925,0.304821464148
1492810670366100963,0,1492810670365145922,odom,robot_frame,0.085125002,0.0313701438204,-0.40727593691,0.120301935544,-0.130597652159,0.935422247962,0.305707238339
1492810670466247546,0,1492810670446240187,odom,robot_frame,0.0918915452166,0.0381760839606,-0.409798007099,0.10922900968,-0.126867906112,0.937123835916,0.306222915539
1492810670566106097,0,1492810670563036680,odom,robot_frame,0.101211176736,0.0485663859325,-0.40067972148,0.0926174883452,-0.122210339378,0.939456396919,0.306444631362
1492810670666134239,0,1492810670664505720,odom,robot_frame,0.111049251655,0.062578550197,-0.414426744797,0.0835552157438,-0.120776001516,0.940580464853,0.306170005906
1492810670766200192,0,1492810670745954514,odom,robot_frame,0.122543722988,0.0704550832822,-0.403997745581,0.0812869656927,-0.121538005856,0.940803865379,0.30579246104
1492810670866120446,0,1492810670862742186,odom,robot_frame,0.134841417392,0.0889210346382,-0.406832764826,0.0836843962828,-0.124378966497,0.940392530016,0.305268216494
1492810670966260384,0,1492810670964230061,odom,robot_frame,0.147336090345,0.103978553032,-0.406058122022,0.087942938585,-0.127342919475,0.939582588418,0.305343052899
1492810671066197665,0,1492810671065724134,odom,robot_frame,0.159262057102,0.119678535526,-0.413596376931,0.0919657591666,-0.130258569431,0.938507902708,0.306231808905
1492810671166241714,0,1492810671147070408,odom,robot_frame,0.172411591765,0.128841549979,-0.399969573781,0.0941596082533,-0.132271720007,0.937598776245,0.307484463093
1492810671266279195,0,1492810671264034033,odom,robot_frame,0.187615077471,0.145002067818,-0.408214028993,0.0957430773498,-0.134174610917,0.936332885908,0.310018005431
1492810671366060053,0,1492810671365649223,odom,robot_frame,0.20097746632,0.159147555356,-0.407201459561,0.0968676611203,-0.134399634754,0.935478953755,0.312141829123
1492810671466128035,0,1492810671446846247,odom,robot_frame,0.211245648625,0.171172191181,-0.402232069629,0.0984678899422,-0.133737909032,0.934982836326,0.313409224678
1492810671566278250,0,1492810671563621521,odom,robot_frame,0.225296781009,0.189924055428,-0.39821737509,0.104257535956,-0.132476252916,0.934344660374,0.313975260553
1492810671666117768,0,1492810671665189981,odom,robot_frame,0.238135276233,0.207863021941,-0.400938189784,0.112034877483,-0.131962120772,0.933755840125,0.31326381205
1492810671766148698,0,1492810671746482849,odom,robot_frame,0.249918517953,0.223241110507,-0.404704610189,0.118579454173,-0.132007543797,0.93323405429,0.312389374566
1492810671866097847,0,1492810671863295317,odom,robot_frame,0.268239953643,0.246417375536,-0.405898057084,0.124909611591,-0.132482610404,0.932633142255,0.311514636639
1492810671966154558,0,1492810671964692831,odom,robot_frame,0.283755742931,0.267514945888,-0.401011965352,0.124590094496,-0.132668742888,0.932495468418,0.311975182338
1492810672066096155,0,1492810672045862436,odom,robot_frame,0.302494298369,0.283195246514,-0.40783902417,0.120654928604,-0.132204965909,0.932692061328,0.313128973314
1492810672166428298,0,1492810672162584066,odom,robot_frame,0.326372652178,0.306470107956,-0.409099392831,0.109837672666,-0.129829596569,0.933565142623,0.315493400878
1492810672266071558,0,1492810672264519215,odom,robot_frame,0.348238481375,0.326692010072,-0.410906168459,0.0999454979728,-0.12713534817,0.934655327346,0.316649521939
1492810672366123987,0,1492810672345736027,odom,robot_frame,0.365383236883,0.343470376039,-0.412239094106,0.0939198421931,-0.125664976509,0.935524486122,0.316514316876
1492810672466101140,0,1492810672444715023,odom,robot_frame,0.385000678061,0.365957477011,-0.416460406736,0.0905286547283,-0.125716169088,0.936259247233,0.315307198577
1492810672566282153,0,1492810672564031363,odom,robot_frame,0.4101046382,0.392002732822,-0.412667605169,0.0926764895419,-0.12887496369,0.936121510238,0.313813368246
1492810672666068109,0,1492810672665517092,odom,robot_frame,0.432083701605,0.414296829513,-0.410460911645,0.0972904326736,-0.13254009509,0.935249129454,0.313491245107
1492810672766128143,0,1492810672746739149,odom,robot_frame,0.449908288803,0.432042651611,-0.412231992541,0.100899673285,-0.135081255313,0.934335159257,0.313990637712
1492810672866117646,0,1492810672863489628,odom,robot_frame,0.478163166623,0.456101917251,-0.40038369178,0.103827123636,-0.136710391822,0.933224439601,0.31563007223
1492810672966070325,0,1492810672965306044,odom,robot_frame,0.500917599405,0.477408884132,-0.401154284649,0.105188473315,-0.136399129375,0.932602704416,0.317148006934
1492810673066096262,0,1492810673046291828,odom,robot_frame,0.518062346112,0.495278845428,-0.401294609805,0.106398401072,-0.135514126127,0.932265137175,0.318114784123
1492810673166128473,0,1492810673163076162,odom,robot_frame,0.541753416772,0.523361832564,-0.399386844258,0.108291040338,-0.133507379691,0.932136103935,0.318702233899
1492810673266102004,0,1492810673264625311,odom,robot_frame,0.563313841463,0.549537059137,-0.404319569586,0.110486907216,-0.131858265288,0.932159231734,0.318567430697
1492810673366112725,0,1492810673345808744,odom,robot_frame,0.580933065915,0.571464898648,-0.404593324435,0.1124678938,-0.130841638784,0.932122622224,0.318400464137
1492810673466231503,0,1492810673462544441,odom,robot_frame,0.609618988192,0.603919792854,-0.407210294764,0.113548385002,-0.129900503898,0.932062298516,0.318578867843
1492810673566078610,0,1492810673563979387,odom,robot_frame,0.636796237829,0.63215183421,-0.408460430814,0.111117146416,-0.129504251147,0.932092209348,0.319508594531
1492810673666082413,0,1492810673665469170,odom,robot_frame,0.665993928445,0.66022789014,-0.411155048858,0.105673139545,-0.129058187146,0.932203669156,0.321206306168
1492810673766115306,0,1492810673746751547,odom,robot_frame,0.689631972663,0.682445046897,-0.413105992336,0.0999452947589,-0.128350370304,0.932375551629,0.322820307946
1492810673866118314,0,1492810673863551855,odom,robot_frame,0.722189627143,0.715500681232,-0.420608800184,0.0920392969664,-0.127189913074,0.932615854855,0.324929470962
1492810673966212845,0,1492810673965003252,odom,robot_frame,0.753144760298,0.739634299692,-0.412048666996,0.0879245957566,-0.126808502939,0.932792308613,0.325710574032
1492810674066126035,0,1492810674046314478,odom,robot_frame,0.775499553687,0.761237975061,-0.409327040293,0.0868425357615,-0.127459956663,0.932886145881,0.325477759998
1492810674166113326,0,1492810674163181067,odom,robot_frame,0.806910599895,0.793063239422,-0.404828812959,0.0873679039383,-0.129902945227,0.932945628942,0.324198284421
1492810674266275895,0,1492810674264790297,odom,robot_frame,0.833332267787,0.82189988534,-0.402987958238,0.0895695094355,-0.132750484563,0.932734227797,0.323050262535
1492810674366127945,0,1492810674346049070,odom,robot_frame,0.858010365124,0.843221648325,-0.396211333043,0.092901916818,-0.134902421801,0.932220620503,0.322699992491
1492810674466115099,0,1492810674462838888,odom,robot_frame,0.890029898423,0.876109144854,-0.398397849916,0.0997380700123,-0.136533822896,0.931039119973,0.323383657094
1492810674566139974,0,1492810674564357996,odom,robot_frame,0.918410924555,0.905037516997,-0.399022320144,0.105838674006,-0.135947727941,0.929944312508,0.324838369018
1492810674666104862,0,1492810674645571947,odom,robot_frame,0.940528323955,0.928245909281,-0.405033390908,0.110318910973,-0.134703359921,0.929095081986,0.326292922596
1492810674766133642,0,1492810674762299061,odom,robot_frame,0.96972962371,0.963795580527,-0.403024952624,0.115721731708,-0.13305576533,0.927946302743,0.328360020935
1492810674866092768,0,1492810674863796949,odom,robot_frame,1.00174005396,0.993767676495,-0.413200904423,0.117713727393,-0.132540672017,0.927347468083,0.329549877993
1492810674966340971,0,1492810674965375900,odom,robot_frame,1.02935258628,1.0252365184,-0.410832792342,0.117015356904,-0.132775565985,0.927133717484,0.330304594625
1492810675066100274,0,1492810675046678066,odom,robot_frame,1.05487848398,1.04972663819,-0.412394599,0.114088380418,-0.132987614278,0.927365570485,0.330592248217
1492810675166221306,0,1492810675163467884,odom,robot_frame,1.0898498799,1.08462213556,-0.410382239263,0.106957342735,-0.132558464247,0.928271286734,0.330606712904
1492810675266118662,0,1492810675265066624,odom,robot_frame,1.12163602725,1.11373113508,-0.414883754184,0.101132677519,-0.131586463727,0.929108546756,0.330476160179
1492810675366296724,0,1492810675346235037,odom,robot_frame,1.14510328848,1.1363104281,-0.410363016206,0.0978805529475,-0.13063628971,0.929582640712,0.330499124436
1492810675466160270,0,1492810675463273048,odom,robot_frame,1.17897929564,1.16862725766,-0.40830439649,0.0957352991678,-0.12960655259,0.929812959556,0.330884805121
1492810675566113765,0,1492810675565061569,odom,robot_frame,1.20934943226,1.19670582234,-0.405228786367,0.0959670579735,-0.129514806128,0.929648933412,0.331314200395
1492810675666090699,0,1492810675646393061,odom,robot_frame,1.23463493887,1.21902239519,-0.401060117666,0.0980153636966,-0.130367129166,0.92916898962,0.331726376462
1492810675766069353,0,1492810675763057232,odom,robot_frame,1.26948476783,1.25469607045,-0.402420823974,0.103668327321,-0.133084910275,0.927919412792,0.332425702875
1492810675866135593,0,1492810675864636898,odom,robot_frame,1.30043729074,1.28583872678,-0.403137445726,0.107960638731,-0.135720938174,0.926825761576,0.333044043793
1492810675966160999,0,1492810675945776224,odom,robot_frame,1.32403342295,1.31124455967,-0.397976234452,0.109306248268,-0.137210679068,0.92627811816,0.33351794773
1492810676066172571,0,1492810676062456846,odom,robot_frame,1.35667688695,1.34843819184,-0.390393768026,0.108032958658,-0.138026625862,0.926036578354,0.334266040674
1492810676166106555,0,1492810676164285421,odom,robot_frame,1.38811273589,1.37695557099,-0.400175175828,0.105302818525,-0.137573726858,0.926159093813,0.334983759361
1492810676266219528,0,1492810676245578289,odom,robot_frame,1.41178486478,1.40000100726,-0.408572174348,0.102905747047,-0.136668560295,0.926357959236,0.335548868589
1492810676366077376,0,1492810676362366915,odom,robot_frame,1.44589769159,1.43505975624,-0.397404664988,0.099651442595,-0.134725613837,0.926698285131,0.336376109883
1492810676466134248,0,1492810676463893414,odom,robot_frame,1.4733911217,1.46465115338,-0.408698348531,0.0983182143991,-0.133104536255,0.926888407167,0.336889583997
1492810676566104817,0,1492810676565410376,odom,robot_frame,1.50333326281,1.49359857739,-0.408852287815,0.0990430610792,-0.132141876504,0.926937202645,0.336921977435
1492810676666084319,0,1492810676646743774,odom,robot_frame,1.52678368354,1.51877466758,-0.412958636344,0.100644471,-0.131973850002,0.926907055907,0.33659605328
1492810676766120438,0,1492810676763586283,odom,robot_frame,1.56342743931,1.55323102193,-0.407368304292,0.104317229067,-0.133125542235,0.926526309883,0.336072169064
1492810676866131933,0,1492810676865107536,odom,robot_frame,1.59679999454,1.58621469293,-0.411347269058,0.107427071199,-0.13516127293,0.925886107791,0.336044297784
1492810676966124746,0,1492810676946462870,odom,robot_frame,1.62369364163,1.61104528564,-0.404594573896,0.109348299115,-0.136981891276,0.925256565414,0.336421163278
1492810677066242268,0,1492810677063241005,odom,robot_frame,1.66730044422,1.64432030355,-0.412212496683,0.110049080931,-0.138657584951,0.924598616217,0.337313908417
1492810677166073665,0,1492810677164788961,odom,robot_frame,1.70103932166,1.67422502496,-0.406151697516,0.108253678834,-0.138031054118,0.924705993072,0.337857063705
1492810677266097214,0,1492810677245978832,odom,robot_frame,1.72879973094,1.69699453318,-0.404657886803,0.105853435285,-0.136396531707,0.92512726327,0.338128057296
1492810677366109582,0,1492810677362591982,odom,robot_frame,1.76891354329,1.72950554061,-0.400500978527,0.10233380415,-0.133535291742,0.925816419564,0.338467244581
1492810677466131470,0,1492810677464313984,odom,robot_frame,1.80471178104,1.75772755219,-0.405549333931,0.0990566681877,-0.131386342988,0.926298602355,0.338963574205
1492810677566115744,0,1492810677545585632,odom,robot_frame,1.83472206564,1.77909619581,-0.403657193199,0.0969552252893,-0.130395721926,0.926438732727,0.339570190822
1492810677666144469,0,1492810677662435293,odom,robot_frame,1.87973587282,1.80925217684,-0.402776306349,0.096572083339,-0.130468920411,0.926082428927,0.340621532435
1492810677766143200,0,1492810677764111280,odom,robot_frame,1.91917499933,1.83735903695,-0.406204259107,0.0997747360284,-0.131713066324,0.925299060789,0.341347796702
1492810677866101118,0,1492810677865654469,odom,robot_frame,1.95827879727,1.86747676369,-0.414603352462,0.105122634699,-0.133343680385,0.924315491749,0.341774145144
1492810677966127215,0,1492810677962165117,odom,robot_frame,1.99584925471,1.88998255573,-0.402389676729,0.108601559492,-0.134239812011,0.923671052921,0.342077710679
1492810678066102187,0,1492810678063810825,odom,robot_frame,2.03711733325,1.91944250002,-0.413253715838,0.107227325699,-0.134133732071,0.923678791176,0.342531652955
1492810678166055065,0,1492810678165498257,odom,robot_frame,2.07413908111,1.94810630709,-0.412459356453,0.101521114029,-0.133724533465,0.924113446088,0.343257266952
1492810678266340848,0,1492810678246801376,odom,robot_frame,2.10466653549,1.97097362013,-0.418781652375,0.0958437422138,-0.133705286558,0.92443966302,0.344017707191
1492810678366231847,0,1492810678363787413,odom,robot_frame,2.15225839869,1.99977063281,-0.413010449945,0.0892222741979,-0.134483144255,0.924549428701,0.345198527786
1492810678466062906,0,1492810678465362072,odom,robot_frame,2.19400404379,2.02428796115,-0.408310824447,0.0871440187489,-0.135464945456,0.924333377589,0.345923366691
1492810678566119457,0,1492810678546664000,odom,robot_frame,2.22658095592,2.04397798825,-0.40633815988,0.0880974767165,-0.136255080772,0.924007802712,0.346241199292
1492810678666104202,0,1492810678663407326,odom,robot_frame,2.26874934015,2.07419926492,-0.409600098582,0.0921255782629,-0.136670778449,0.923462952629,0.346482541076
1492810678766106794,0,1492810678764897585,odom,robot_frame,2.31103418855,2.09914072494,-0.407583821242,0.0969544470913,-0.136507829153,0.922902719923,0.346721815479
1492810678866124462,0,1492810678846161604,odom,robot_frame,2.34346536431,2.11990739642,-0.405795515239,0.101254681585,-0.136450781929,0.922347525885,0.346992384733
1492810678966118799,0,1492810678962921381,odom,robot_frame,2.38873025218,2.14968691347,-0.406341489068,0.106726932441,-0.136443782688,0.921570848075,0.347418519995
1492810679066277488,0,1492810679064524651,odom,robot_frame,2.4268873284,2.17568774124,-0.404585062171,0.110051746513,-0.136290330159,0.921121773408,0.347632330988
1492810679166328586,0,1492810679145773649,odom,robot_frame,2.45223471529,2.19828224642,-0.398636572274,0.111351757041,-0.135839283788,0.920953054542,0.347841841234
1492810679266304306,0,1492810679242438316,odom,robot_frame,2.49077546173,2.22274050639,-0.401364531302,0.111169899779,-0.134922633427,0.920903323274,0.348388010062
1492810679366078074,0,1492810679364361286,odom,robot_frame,2.54250390691,2.25271452846,-0.406526851378,0.107908958184,-0.133749348332,0.920941505007,0.349762080448
1492810679466341145,0,1492810679445531845,odom,robot_frame,2.57504469274,2.27206971787,-0.405507541358,0.104468917559,-0.133306066374,0.920888577449,0.351112468956
1492810679566151659,0,1492810679547076464,odom,robot_frame,2.62043492625,2.29575457447,-0.411678015987,0.100164180838,-0.133429742013,0.920615954618,0.353029609135
1492810679666116376,0,1492810679663859367,odom,robot_frame,2.67069746412,2.32169566725,-0.413267429268,0.0964528349522,-0.134453585672,0.920100679121,0.355012428247
1492810679766094466,0,1492810679765460253,odom,robot_frame,2.7154237118,2.34120727931,-0.405349428226,0.0946466108108,-0.135505140356,0.919734349544,0.356046488914
1492810679866334255,0,1492810679846523285,odom,robot_frame,2.74818412524,2.35860584255,-0.405218659007,0.0934848708583,-0.135989319156,0.919593419684,0.356532504086
1492810679966191136,0,1492810679963412285,odom,robot_frame,2.7938122185,2.38354407822,-0.404993223677,0.0913762877525,-0.135827053219,0.919625899988,0.357056843824
1492810680066136504,0,1492810680065051556,odom,robot_frame,2.82893801699,2.40704678206,-0.411366020768,0.0905489414371,-0.135484175997,0.919491957231,0.357742180692
1492810680166103426,0,1492810680146400690,odom,robot_frame,2.86551644294,2.42158369694,-0.405487960247,0.0913101584134,-0.135530746807,0.919028838168,0.358719760059
1492810680266218119,0,1492810680263252258,odom,robot_frame,2.91420479442,2.44434455449,-0.404527155545,0.0955494638643,-0.136419004491,0.917682797706,0.360719334057
1492810680366399380,0,1492810680364833355,odom,robot_frame,2.95409186596,2.46714589227,-0.41363003229,0.101403063842,-0.137878875569,0.916140474571,0.36248236532
1492810680466076666,0,1492810680465532064,odom,robot_frame,2.99555306832,2.48906766107,-0.410336364423,0.105236300155,-0.13808003729,0.915135232013,0.363849875031
1492810680566104917,0,1492810680562889576,odom,robot_frame,3.0349404651,2.51145801397,-0.409576122054,0.10826929887,-0.138996471376,0.914173433132,0.365026949721
1492810680666081210,0,1492810680664401293,odom,robot_frame,3.07969868205,2.53264794248,-0.413501712939,0.105644106151,-0.137752690918,0.914318618831,0.365902968339
1492810680766102919,0,1492810680762507915,odom,robot_frame,3.12081234746,2.55266295397,-0.415438404407,0.102217611709,-0.137026067318,0.914345193785,0.3670807586
1492810680866278356,0,1492810680847169161,odom,robot_frame,3.15132572733,2.56967490445,-0.405123503388,0.0970065001427,-0.134414315711,0.914764535862,0.368413320323
1492810680966107464,0,1492810680963941813,odom,robot_frame,3.20014372894,2.59425568869,-0.409307563666,0.0931468548026,-0.133112228143,0.914218115519,0.371227740633
1492810681066085305,0,1492810681065546513,odom,robot_frame,3.24591322367,2.61296783542,-0.408345816295,0.0932620297487,-0.133474448715,0.913114230033,0.373776896368
1492810681166251061,0,1492810681146847725,odom,robot_frame,3.2840959692,2.62850944873,-0.409463703856,0.0946659926578,-0.134471046949,0.912081169923,0.375584646703
1492810681266106414,0,1492810681263911009,odom,robot_frame,3.34294349935,2.64580720024,-0.402734444567,0.0963453954841,-0.13615479952,0.910943352771,0.377308419439
1492810681366114104,0,1492810681365628719,odom,robot_frame,3.39388194876,2.66443297089,-0.403259305038,0.0956784075203,-0.13733216761,0.910611557079,0.377851968616
1492810681466145999,0,1492810681446920395,odom,robot_frame,3.43428302137,2.67980435378,-0.410427673155,0.0931374465276,-0.137882633836,0.910675319661,0.378132592487
1492810681566075580,0,1492810681563637733,odom,robot_frame,3.49560319197,2.6971881056,-0.399821206785,0.0877398353718,-0.13805028745,0.910848378757,0.378944679788
1492810681666113936,0,1492810681665111780,odom,robot_frame,3.54649206192,2.7116865855,-0.40020096357,0.0840198071956,-0.137378629456,0.910680717925,0.380431878485
1492810681766157964,0,1492810681746468544,odom,robot_frame,3.58188521303,2.72477649388,-0.406714904246,0.0828857126573,-0.136338140976,0.910242287562,0.382100573
1492810681866111563,0,1492810681863224030,odom,robot_frame,3.64323584154,2.73892118089,-0.409928972814,0.0854113114418,-0.134635431601,0.909135747437,0.384773181456
1492810681966062744,0,1492810681964759111,odom,robot_frame,3.69644849047,2.75105416098,-0.413078988632,0.0898197120798,-0.133734133949,0.908193904096,0.38630484504
1492810682066108365,0,1492810682045995951,odom,robot_frame,3.73823827926,2.75888780411,-0.412211828903,0.093009099314,-0.133461752643,0.907701003997,0.38680247591
1492810682166067673,0,1492810682147599220,odom,robot_frame,3.7878514621,2.77341055733,-0.414510718856,0.0948872888558,-0.133761441873,0.907464716939,0.386797190517
1492810682266295543,0,1492810682264298916,odom,robot_frame,3.8450300339,2.79144733437,-0.416429906922,0.0934610327416,-0.134592623964,0.907573774072,0.386600188243
1492810682366096599,0,1492810682345504284,odom,robot_frame,3.88169313364,2.79964062301,-0.405949286414,0.0909337283355,-0.134911585646,0.907711351218,0.386768695708
1492810682466248924,0,1492810682447159529,odom,robot_frame,3.93201486024,2.81640024969,-0.412275722213,0.0880140059095,-0.134839817489,0.907666624277,0.387573293142
1492810682566243334,0,1492810682564008713,odom,robot_frame,3.99154439079,2.82922056785,-0.406396464067,0.0885337173562,-0.135096274284,0.906939060822,0.389065955232
1492810682666405305,0,1492810682665478945,odom,robot_frame,4.04098410973,2.84267724781,-0.410807559698,0.0919418880842,-0.135764924215,0.905966612658,0.390306381344
1492810682766073774,0,1492810682746751070,odom,robot_frame,4.08208413693,2.85004454911,-0.408451621258,0.0958368488184,-0.136901175607,0.905049274178,0.39109995888
1492810682866264375,0,1492810682863474607,odom,robot_frame,4.14099381942,2.86143440519,-0.407099616028,0.100946302299,-0.139291260825,0.903608302525,0.392300681006
1492810682966068636,0,1492810682965176821,odom,robot_frame,4.18947996128,2.87198038483,-0.401509216574,0.103268077219,-0.141143858346,0.902536701413,0.393499197053
1492810683066089002,0,1492810683065736055,odom,robot_frame,4.23622925854,2.88385849591,-0.39605224437,0.10231231243,-0.141885049101,0.90189015003,0.394961999243
1492810683166115866,0,1492810683163203001,odom,robot_frame,4.29640279464,2.88299900662,-0.405284490762,0.0959582222094,-0.139293392575,0.90241059256,0.396288396008
1492810683266067756,0,1492810683264784336,odom,robot_frame,4.34494308461,2.8928049575,-0.403529687644,0.0897640303485,-0.136377537259,0.903153568294,0.397060723649
1492810683366132046,0,1492810683362262964,odom,robot_frame,4.39258768397,2.9011741986,-0.40421471205,0.0865015853555,-0.135288646623,0.903534631715,0.397290356184
1492810683466152145,0,1492810683447516441,odom,robot_frame,4.43286718226,2.9110163298,-0.407344111635,0.0857445516451,-0.134383969574,0.903858122506,0.397025584774
1492810683566124515,0,1492810683564143419,odom,robot_frame,4.4905842928,2.92281521601,-0.408149151952,0.0876005063864,-0.135524297108,0.903535581578,0.396966962097
1492810683666238198,0,1492810683665568590,odom,robot_frame,4.53974881662,2.93532128419,-0.411277866785,0.0898908180426,-0.136805641569,0.902809523465,0.397666721775
1492810683766093979,0,1492810683746865273,odom,robot_frame,4.5824212198,2.94115066736,-0.406062594648,0.0913870910052,-0.137640810745,0.902069908452,0.398714543353
1492810683866111941,0,1492810683863590240,odom,robot_frame,4.64362001874,2.95142889619,-0.410371139308,0.0919067770579,-0.137481648055,0.901295873123,0.40039691541
1492810683966117600,0,1492810683965202332,odom,robot_frame,4.6981507124,2.95967673114,-0.415565968468,0.092308113503,-0.137082330886,0.900922625232,0.401280537885
1492810684066097261,0,1492810684046552181,odom,robot_frame,4.74141217003,2.96527193273,-0.4156237092,0.0923048706186,-0.136692644522,0.900864295273,0.401545082519
1492810684166123677,0,1492810684163403511,odom,robot_frame,4.8017960337,2.97183986287,-0.413546208696,0.0904993261467,-0.135869482795,0.901133031541,0.401632437781
1492810684266190097,0,1492810684265121460,odom,robot_frame,4.85384415677,2.97863625062,-0.419509301836,0.0869264823751,-0.13491651116,0.901399888429,0.402143709162
1492810684366247709,0,1492810684346449614,odom,robot_frame,4.89961617297,2.97483350405,-0.408087002284,0.0843294135585,-0.134481905237,0.901192148214,0.403306185387
1492810684466083362,0,1492810684463277817,odom,robot_frame,4.96270101265,2.97795896298,-0.405619795761,0.0837772607356,-0.13521927975,0.899951216915,0.405937093822
1492810684566073249,0,1492810684565002441,odom,robot_frame,5.01805042953,2.98415171898,-0.408375350079,0.0869853270843,-0.137340440984,0.898250629239,0.408309886256
1492810684666202727,0,1492810684646245956,odom,robot_frame,5.06731194158,2.98585415728,-0.404491821009,0.0905263195194,-0.139386530166,0.896812126061,0.410005355127
