%time,field.header.seq,field.header.stamp,field.header.frame_id,field.fluid_pressure,field.variance
1492808843554907715,86509,1492808843556339017,/fluid_pressure,105910.0,0.0
1492808843629235413,86510,1492808843630339017,/fluid_pressure,105890.0,0.0
1492808843704441990,86511,1492808843704339017,/fluid_pressure,105910.0,0.0
1492808843778139853,86512,1492808843779339017,/fluid_pressure,105940.0,0.0
1492808843852126847,86513,1492808843853339017,/fluid_pressure,105940.0,0.0
1492808843926667054,86514,1492808843927339017,/fluid_pressure,105969.992188,0.0
1492808844001060081,86515,1492808844001339017,/fluid_pressure,105969.992188,0.0
1492808844074707862,86516,1492808844076339017,/fluid_pressure,105950.0,0.0
1492808844149323158,86517,1492808844150339017,/fluid_pressure,105919.992188,0.0
1492808844223253244,86518,1492808844224339017,/fluid_pressure,105969.992188,0.0
1492808844298251561,86519,1492808844298339017,/fluid_pressure,105980.007812,0.0
1492808844372046616,86520,1492808844373339017,/fluid_pressure,105969.992188,0.0
1492808844446580922,86521,1492808844447339017,/fluid_pressure,105990.0,0.0
1492808844519666311,86522,1492808844521339017,/fluid_pressure,105940.0,0.0
1492808844595470299,86523,1492808844595339017,/fluid_pressure,105960.0,0.0
1492808844669684472,86524,1492808844669640933,/fluid_pressure,105940.0,0.0
1492808844743274809,86525,1492808844743640933,/fluid_pressure,105980.007812,0.0
1492808844817431835,86526,1492808844817640933,/fluid_pressure,105919.992188,0.0
1492808844892054223,86527,1492808844892640933,/fluid_pressure,105919.992188,0.0
1492808844966207468,86528,1492808844966640933,/fluid_pressure,105950.0,0.0
1492808845040271296,86529,1492808845040640933,/fluid_pressure,105890.0,0.0
1492808845114106002,86530,1492808845114640933,/fluid_pressure,105900.0,0.0
1492808845189434301,86531,1492808845189640933,/fluid_pressure,105969.992188,0.0
1492808845263132646,86532,1492808845263640933,/fluid_pressure,105969.992188,0.0
1492808845337465204,86533,1492808845337640933,/fluid_pressure,105960.0,0.0
1492808845411552989,86534,1492808845411640933,/fluid_pressure,105990.0,0.0
1492808845485981170,86535,1492808845486640933,/fluid_pressure,105960.0,0.0
1492808845559750381,86536,1492808845560640933,/fluid_pressure,105980.007812,0.0
1492808845633648179,86537,1492808845634640933,/fluid_pressure,105980.007812,0.0
1492808845709067985,86538,1492808845708640933,/fluid_pressure,106019.992188,0.0
1492808845783408709,86539,1492808845783640933,/fluid_pressure,105980.007812,0.0
1492808845856813362,86540,1492808845857640933,/fluid_pressure,105960.0,0.0
1492808845931645965,86541,1492808845931640933,/fluid_pressure,105969.992188,0.0
1492808846006121348,86542,1492808846005640933,/fluid_pressure,105990.0,0.0
1492808846079722760,86543,1492808846080640933,/fluid_pressure,105969.992188,0.0
1492808846154594035,86544,1492808846154640933,/fluid_pressure,105900.0,0.0
1492808846228159270,86545,1492808846228640933,/fluid_pressure,105900.0,0.0
1492808846303681381,86546,1492808846302640933,/fluid_pressure,105900.0,0.0
1492808846377248549,86547,1492808846377640933,/fluid_pressure,105919.992188,0.0
1492808846451330398,86548,1492808846451640933,/fluid_pressure,105930.007812,0.0
1492808846525617999,86549,1492808846525640933,/fluid_pressure,105940.0,0.0
1492808846599799411,86550,1492808846599640933,/fluid_pressure,105950.0,0.0
1492808846673703405,86551,1492808846674640933,/fluid_pressure,105950.0,0.0
1492808846748015834,86552,1492808846748640933,/fluid_pressure,105950.0,0.0
1492808846821832281,86553,1492808846822640933,/fluid_pressure,105969.992188,0.0
1492808846897497340,86554,1492808846896640933,/fluid_pressure,105940.0,0.0
1492808846970989377,86555,1492808846971640933,/fluid_pressure,105980.007812,0.0
1492808847045620565,86556,1492808847045640933,/fluid_pressure,106010.0,0.0
1492808847119164412,86557,1492808847119640933,/fluid_pressure,105969.992188,0.0
1492808847194040048,86558,1492808847194728052,/fluid_pressure,105930.007812,0.0
1492808847268430853,86559,1492808847269728052,/fluid_pressure,105980.007812,0.0
1492808847342412945,86560,1492808847343728052,/fluid_pressure,105950.0,0.0
1492808847416529562,86561,1492808847417728052,/fluid_pressure,105930.007812,0.0
1492808847491660977,86562,1492808847491728052,/fluid_pressure,105950.0,0.0
1492808847564652722,86563,1492808847566728052,/fluid_pressure,105919.992188,0.0
1492808847638898232,86564,1492808847640728052,/fluid_pressure,105969.992188,0.0
1492808847713597863,86565,1492808847714728052,/fluid_pressure,105869.992188,0.0
1492808847788030005,86566,1492808847788728052,/fluid_pressure,105930.007812,0.0
1492808847862090382,86567,1492808847863728052,/fluid_pressure,105900.0,0.0
1492808847935945584,86568,1492808847937728052,/fluid_pressure,105950.0,0.0
1492808848010494900,86569,1492808848011728052,/fluid_pressure,105950.0,0.0
1492808848085243709,86570,1492808848085728052,/fluid_pressure,105940.0,0.0
1492808848159160676,86571,1492808848160728052,/fluid_pressure,105940.0,0.0
1492808848233431029,86572,1492808848234728052,/fluid_pressure,105990.0,0.0
1492808848308251340,86573,1492808848308728052,/fluid_pressure,105950.0,0.0
1492808848382557729,86574,1492808848382728052,/fluid_pressure,105980.007812,0.0
1492808848455721901,86575,1492808848457728052,/fluid_pressure,105940.0,0.0
1492808848530337979,86576,1492808848531728052,/fluid_pressure,105950.0,0.0
1492808848604998817,86577,1492808848605728052,/fluid_pressure,105910.0,0.0
1492808848679170532,86578,1492808848680728052,/fluid_pressure,105930.007812,0.0
1492808848752736488,86579,1492808848754728052,/fluid_pressure,105919.992188,0.0
1492808848827421334,86580,1492808848828728052,/fluid_pressure,105980.007812,0.0
1492808848902456672,86581,1492808848902728052,/fluid_pressure,105910.0,0.0
1492808848976708327,86582,1492808848977728052,/fluid_pressure,105910.0,0.0
1492808849050351970,86583,1492808849051728052,/fluid_pressure,105940.0,0.0
1492808849124675352,86584,1492808849125728052,/fluid_pressure,105950.0,0.0
1492808849198599593,86585,1492808849199728052,/fluid_pressure,105980.007812,0.0
1492808849272879086,86586,1492808849274728052,/fluid_pressure,105919.992188,0.0
1492808849346887275,86587,1492808849348728052,/fluid_pressure,105890.0,0.0
1492808849421946324,86588,1492808849422728052,/fluid_pressure,105940.0,0.0
1492808849496206709,86589,1492808849496728052,/fluid_pressure,105960.0,0.0
1492808849570295705,86590,1492808849571728052,/fluid_pressure,105910.0,0.0
1492808849644448875,86591,1492808849645728052,/fluid_pressure,105930.007812,0.0
1492808849718595248,86592,1492808849720316087,/fluid_pressure,105960.0,0.0
1492808849793075980,86593,1492808849795316087,/fluid_pressure,105919.992188,0.0
1492808849867041743,86594,1492808849869316087,/fluid_pressure,105900.0,0.0
1492808849941848617,86595,1492808849943316087,/fluid_pressure,105950.0,0.0
1492808850016381130,86596,1492808850017316087,/fluid_pressure,105850.0,0.0
1492808850090266228,86597,1492808850092316087,/fluid_pressure,105900.0,0.0
1492808850163643695,86598,1492808850166316087,/fluid_pressure,105830.007812,0.0
1492808850239042018,86599,1492808850240316087,/fluid_pressure,105919.992188,0.0
1492808850313012445,86600,1492808850314316087,/fluid_pressure,105860.0,0.0
1492808850386871660,86601,1492808850389316087,/fluid_pressure,105890.0,0.0
1492808850461105703,86602,1492808850463316087,/fluid_pressure,105890.0,0.0
1492808850536250454,86603,1492808850537316087,/fluid_pressure,105890.0,0.0
1492808850609733739,86604,1492808850612316087,/fluid_pressure,105930.007812,0.0
1492808850683714957,86605,1492808850686316087,/fluid_pressure,105910.0,0.0
1492808850759448212,86606,1492808850760316087,/fluid_pressure,105840.0,0.0
1492808850833478613,86607,1492808850834316087,/fluid_pressure,105890.0,0.0
1492808850906693722,86608,1492808850909316087,/fluid_pressure,105890.0,0.0
1492808850981425662,86609,1492808850983316087,/fluid_pressure,105930.007812,0.0
1492808851056271864,86610,1492808851057316087,/fluid_pressure,105850.0,0.0
1492808851129626859,86611,1492808851131316087,/fluid_pressure,105810.0,0.0
1492808851204615283,86612,1492808851206316087,/fluid_pressure,105860.0,0.0
1492808851277875792,86613,1492808851280316087,/fluid_pressure,105830.007812,0.0
1492808851352742179,86614,1492808851354316087,/fluid_pressure,105869.992188,0.0
1492808851427618832,86615,1492808851429316087,/fluid_pressure,105910.0,0.0
1492808851501247776,86616,1492808851503316087,/fluid_pressure,105900.0,0.0
1492808851574927881,86617,1492808851577316087,/fluid_pressure,105910.0,0.0
1492808851650396418,86618,1492808851651316087,/fluid_pressure,105830.007812,0.0
1492808851724568500,86619,1492808851726316087,/fluid_pressure,105860.0,0.0
1492808851798458614,86620,1492808851800316087,/fluid_pressure,105900.0,0.0
1492808851872961732,86621,1492808851874316087,/fluid_pressure,105810.0,0.0
1492808851946621933,86622,1492808851948316087,/fluid_pressure,105869.992188,0.0
1492808852020734707,86623,1492808852023316087,/fluid_pressure,105860.0,0.0
1492808852095458750,86624,1492808852097316087,/fluid_pressure,105890.0,0.0
1492808852169919425,86625,1492808852171316087,/fluid_pressure,105869.992188,0.0
1492808852244336890,86626,1492808852244587099,/fluid_pressure,105890.0,0.0
1492808852318507221,86627,1492808852319587099,/fluid_pressure,105830.007812,0.0
1492808852392523455,86628,1492808852393587099,/fluid_pressure,105890.0,0.0
1492808852467223099,86629,1492808852467587099,/fluid_pressure,105880.007812,0.0
1492808852540641346,86630,1492808852542587099,/fluid_pressure,105880.007812,0.0
1492808852614621190,86631,1492808852616587099,/fluid_pressure,105940.0,0.0
1492808852690029530,86632,1492808852690587099,/fluid_pressure,105910.0,0.0
1492808852764225332,86633,1492808852764587099,/fluid_pressure,105890.0,0.0
1492808852838366854,86634,1492808852839587099,/fluid_pressure,105930.007812,0.0
1492808852912608370,86635,1492808852913587099,/fluid_pressure,105919.992188,0.0
1492808852987526508,86636,1492808852987587099,/fluid_pressure,105900.0,0.0
1492808853061241529,86637,1492808853061587099,/fluid_pressure,105910.0,0.0
1492808853135069873,86638,1492808853136587099,/fluid_pressure,105860.0,0.0
1492808853208959890,86639,1492808853210587099,/fluid_pressure,105890.0,0.0
1492808853283689869,86640,1492808853284587099,/fluid_pressure,105880.007812,0.0
1492808853357596112,86641,1492808853358587099,/fluid_pressure,105960.0,0.0
1492808853431655481,86642,1492808853433587099,/fluid_pressure,105919.992188,0.0
1492808853505935438,86643,1492808853507587099,/fluid_pressure,105910.0,0.0
1492808853580983820,86644,1492808853581587099,/fluid_pressure,105940.0,0.0
1492808853654741609,86645,1492808853656587099,/fluid_pressure,105869.992188,0.0
1492808853729425568,86646,1492808853730587099,/fluid_pressure,105869.992188,0.0
1492808853803932038,86647,1492808853804587099,/fluid_pressure,105880.007812,0.0
1492808853878282698,86648,1492808853878587099,/fluid_pressure,105930.007812,0.0
1492808853952352435,86649,1492808853953587099,/fluid_pressure,105900.0,0.0
1492808854025839281,86650,1492808854027587099,/fluid_pressure,105900.0,0.0
1492808854101104624,86651,1492808854101587099,/fluid_pressure,105919.992188,0.0
1492808854174604291,86652,1492808854175587099,/fluid_pressure,105890.0,0.0
1492808854248775854,86653,1492808854250587099,/fluid_pressure,105890.0,0.0
1492808854323443305,86654,1492808854324587099,/fluid_pressure,105940.0,0.0
1492808854397700199,86655,1492808854398587099,/fluid_pressure,105950.0,0.0
1492808854471976012,86656,1492808854472587099,/fluid_pressure,105919.992188,0.0
1492808854546442297,86657,1492808854547587099,/fluid_pressure,105910.0,0.0
1492808854621433517,86658,1492808854621587099,/fluid_pressure,105880.007812,0.0
1492808854695520339,86659,1492808854695587099,/fluid_pressure,105900.0,0.0
1492808854769429560,86660,1492808854771321046,/fluid_pressure,105930.007812,0.0
1492808854843658892,86661,1492808854845321046,/fluid_pressure,105930.007812,0.0
1492808854918606253,86662,1492808854919321046,/fluid_pressure,105910.0,0.0
1492808854992160071,86663,1492808854993321046,/fluid_pressure,105930.007812,0.0
1492808855065784437,86664,1492808855068321046,/fluid_pressure,105960.0,0.0
1492808855140583024,86665,1492808855142321046,/fluid_pressure,105910.0,0.0
1492808855215247814,86666,1492808855216321046,/fluid_pressure,105900.0,0.0
1492808855289561712,86667,1492808855290321046,/fluid_pressure,105890.0,0.0
1492808855363543534,86668,1492808855365321046,/fluid_pressure,105869.992188,0.0
1492808855438829766,86669,1492808855439321046,/fluid_pressure,105919.992188,0.0
1492808855512490727,86670,1492808855513321046,/fluid_pressure,105910.0,0.0
1492808855585584342,86671,1492808855588321046,/fluid_pressure,105860.0,0.0
1492808855660594225,86672,1492808855662321046,/fluid_pressure,105890.0,0.0
1492808855734853837,86673,1492808855736321046,/fluid_pressure,105950.0,0.0
1492808855809509359,86674,1492808855810321046,/fluid_pressure,105910.0,0.0
1492808855882638494,86675,1492808855885321046,/fluid_pressure,105980.007812,0.0
1492808855957859181,86676,1492808855959321046,/fluid_pressure,105919.992188,0.0
1492808856031802546,86677,1492808856033321046,/fluid_pressure,105940.0,0.0
1492808856106193369,86678,1492808856107321046,/fluid_pressure,105940.0,0.0
1492808856180498901,86679,1492808856182321046,/fluid_pressure,106000.0,0.0
1492808856254619042,86680,1492808856256321046,/fluid_pressure,105790.0,0.0
1492808856329066580,86681,1492808856330321046,/fluid_pressure,105930.007812,0.0
1492808856403057623,86682,1492808856404321046,/fluid_pressure,105919.992188,0.0
1492808856476921126,86683,1492808856479321046,/fluid_pressure,105880.007812,0.0
1492808856552142818,86684,1492808856553321046,/fluid_pressure,105869.992188,0.0
1492808856626402017,86685,1492808856627321046,/fluid_pressure,105840.0,0.0
1492808856699730189,86686,1492808856702321046,/fluid_pressure,105880.007812,0.0
1492808856774330210,86687,1492808856776321046,/fluid_pressure,105869.992188,0.0
1492808856849190504,86688,1492808856850321046,/fluid_pressure,105900.0,0.0
1492808856922603485,86689,1492808856924321046,/fluid_pressure,105840.0,0.0
1492808856997407039,86690,1492808856999321046,/fluid_pressure,105910.0,0.0
1492808857072301825,86691,1492808857073321046,/fluid_pressure,105919.992188,0.0
1492808857146555340,86692,1492808857147321046,/fluid_pressure,105930.007812,0.0
1492808857220295242,86693,1492808857221321046,/fluid_pressure,105890.0,0.0
1492808857293706611,86694,1492808857295457040,/fluid_pressure,105940.0,0.0
1492808857369082087,86695,1492808857369457040,/fluid_pressure,105860.0,0.0
1492808857443321656,86696,1492808857443457040,/fluid_pressure,105930.007812,0.0
1492808857517643452,86697,1492808857518457040,/fluid_pressure,105900.0,0.0
1492808857591723057,86698,1492808857592457040,/fluid_pressure,105850.0,0.0
1492808857666575753,86699,1492808857666457040,/fluid_pressure,105969.992188,0.0
1492808857740121590,86700,1492808857740457040,/fluid_pressure,105930.007812,0.0
1492808857813894756,86701,1492808857815457040,/fluid_pressure,105930.007812,0.0
1492808857889068681,86702,1492808857889457040,/fluid_pressure,105940.0,0.0
1492808857963181466,86703,1492808857963457040,/fluid_pressure,105890.0,0.0
1492808858037553751,86704,1492808858037457040,/fluid_pressure,105850.0,0.0
1492808858110827722,86705,1492808858112457040,/fluid_pressure,105869.992188,0.0
1492808858185750515,86706,1492808858186457040,/fluid_pressure,105860.0,0.0
1492808858260470032,86707,1492808858260457040,/fluid_pressure,105880.007812,0.0
1492808858334145119,86708,1492808858335457040,/fluid_pressure,105869.992188,0.0
1492808858408045357,86709,1492808858409457040,/fluid_pressure,105900.0,0.0
1492808858482658207,86710,1492808858483457040,/fluid_pressure,105890.0,0.0
1492808858557408229,86711,1492808858557457040,/fluid_pressure,105960.0,0.0
1492808858631044104,86712,1492808858632457040,/fluid_pressure,105900.0,0.0
1492808858706557397,86713,1492808858706457040,/fluid_pressure,105960.0,0.0
1492808858779569723,86714,1492808858780457040,/fluid_pressure,105950.0,0.0
1492808858854489160,86715,1492808858854457040,/fluid_pressure,105950.0,0.0
1492808858928415271,86716,1492808858929457040,/fluid_pressure,105900.0,0.0
1492808859003328015,86717,1492808859003457040,/fluid_pressure,105940.0,0.0
1492808859076952733,86718,1492808859077457040,/fluid_pressure,105940.0,0.0
1492808859151186564,86719,1492808859151457040,/fluid_pressure,106000.0,0.0
1492808859225126850,86720,1492808859226457040,/fluid_pressure,105919.992188,0.0
1492808859299741440,86721,1492808859300457040,/fluid_pressure,105940.0,0.0
1492808859373738077,86722,1492808859374457040,/fluid_pressure,105930.007812,0.0
1492808859447861864,86723,1492808859449457040,/fluid_pressure,105890.0,0.0
1492808859522343257,86724,1492808859523457040,/fluid_pressure,105860.0,0.0
1492808859596628597,86725,1492808859597457040,/fluid_pressure,105860.0,0.0
1492808859671451420,86726,1492808859671457040,/fluid_pressure,105869.992188,0.0
1492808859745735519,86727,1492808859746457040,/fluid_pressure,105760.0,0.0
1492808859819799224,86728,1492808859820288097,/fluid_pressure,105819.992188,0.0
1492808859894192140,86729,1492808859894288097,/fluid_pressure,105800.0,0.0
1492808859967977056,86730,1492808859968288097,/fluid_pressure,105830.007812,0.0
1492808860043767844,86731,1492808860043288097,/fluid_pressure,105869.992188,0.0
1492808860117066447,86732,1492808860117288097,/fluid_pressure,105840.0,0.0
1492808860190834093,86733,1492808860191288097,/fluid_pressure,105890.0,0.0
1492808860264913116,86734,1492808860266288097,/fluid_pressure,105860.0,0.0
1492808860340185569,86735,1492808860340288097,/fluid_pressure,105819.992188,0.0
1492808860414645168,86736,1492808860414288097,/fluid_pressure,105890.0,0.0
1492808860488489833,86737,1492808860488288097,/fluid_pressure,105880.007812,0.0
1492808860562396236,86738,1492808860563288097,/fluid_pressure,105869.992188,0.0
1492808860637456374,86739,1492808860637288097,/fluid_pressure,105880.007812,0.0
1492808860710811565,86740,1492808860711288097,/fluid_pressure,105969.992188,0.0
1492808860784587403,86741,1492808860785288097,/fluid_pressure,105900.0,0.0
1492808860858598456,86742,1492808860860288097,/fluid_pressure,105950.0,0.0
1492808860933989478,86743,1492808860934288097,/fluid_pressure,105900.0,0.0
1492808861007641329,86744,1492808861008288097,/fluid_pressure,105869.992188,0.0
1492808861082537791,86745,1492808861082288097,/fluid_pressure,105890.0,0.0
1492808861157138595,86746,1492808861157288097,/fluid_pressure,105860.0,0.0
1492808861231604710,86747,1492808861231288097,/fluid_pressure,105900.0,0.0
1492808861304841328,86748,1492808861305288097,/fluid_pressure,105819.992188,0.0
1492808861379545406,86749,1492808861380288097,/fluid_pressure,105880.007812,0.0
1492808861453785401,86750,1492808861454288097,/fluid_pressure,105830.007812,0.0
1492808861528055577,86751,1492808861528288097,/fluid_pressure,105869.992188,0.0
1492808861602248780,86752,1492808861602288097,/fluid_pressure,105840.0,0.0
1492808861676563753,86753,1492808861677288097,/fluid_pressure,105880.007812,0.0
1492808861750701485,86754,1492808861751288097,/fluid_pressure,105840.0,0.0
1492808861824962990,86755,1492808861825288097,/fluid_pressure,105910.0,0.0
1492808861898781184,86756,1492808861899288097,/fluid_pressure,105950.0,0.0
1492808861973824597,86757,1492808861974288097,/fluid_pressure,105919.992188,0.0
1492808862047880395,86758,1492808862048288097,/fluid_pressure,105910.0,0.0
1492808862121763243,86759,1492808862122288097,/fluid_pressure,105980.007812,0.0
1492808862195608535,86760,1492808862196288097,/fluid_pressure,105900.0,0.0
1492808862271507465,86761,1492808862271288097,/fluid_pressure,105890.0,0.0
1492808862345181123,86762,1492808862345669900,/fluid_pressure,105919.992188,0.0
1492808862419555781,86763,1492808862419669900,/fluid_pressure,105930.007812,0.0
1492808862493455744,86764,1492808862494669900,/fluid_pressure,105890.0,0.0
1492808862568401885,86765,1492808862568669900,/fluid_pressure,105869.992188,0.0
1492808862642321755,86766,1492808862642669900,/fluid_pressure,105869.992188,0.0
1492808862715643724,86767,1492808862716669900,/fluid_pressure,105869.992188,0.0
1492808862790822496,86768,1492808862791669900,/fluid_pressure,105830.007812,0.0
1492808862865030589,86769,1492808862865669900,/fluid_pressure,105850.0,0.0
1492808862939048482,86770,1492808862939669900,/fluid_pressure,105860.0,0.0
1492808863013214186,86771,1492808863013669900,/fluid_pressure,105850.0,0.0
1492808863088416409,86772,1492808863088669900,/fluid_pressure,105850.0,0.0
1492808863162133864,86773,1492808863162669900,/fluid_pressure,105810.0,0.0
1492808863235914866,86774,1492808863236669900,/fluid_pressure,105810.0,0.0
1492808863309704541,86775,1492808863310669900,/fluid_pressure,105750.0,0.0
1492808863385212974,86776,1492808863385669900,/fluid_pressure,105890.0,0.0
1492808863459028331,86777,1492808863459669900,/fluid_pressure,105800.0,0.0
1492808863533641589,86778,1492808863533669900,/fluid_pressure,105840.0,0.0
1492808863606605499,86779,1492808863608669900,/fluid_pressure,105850.0,0.0
1492808863682407667,86780,1492808863682669900,/fluid_pressure,105869.992188,0.0
1492808863756536432,86781,1492808863756669900,/fluid_pressure,105869.992188,0.0
1492808863829663678,86782,1492808863830669900,/fluid_pressure,105850.0,0.0
1492808863904872234,86783,1492808863905669900,/fluid_pressure,105840.0,0.0
1492808863978714359,86784,1492808863979669900,/fluid_pressure,105840.0,0.0
1492808864052930026,86785,1492808864053669900,/fluid_pressure,105869.992188,0.0
1492808864127614818,86786,1492808864128669900,/fluid_pressure,105840.0,0.0
1492808864202021533,86787,1492808864202669900,/fluid_pressure,105930.007812,0.0
1492808864276509728,86788,1492808864276669900,/fluid_pressure,105919.992188,0.0
1492808864349685046,86789,1492808864350669900,/fluid_pressure,105840.0,0.0
1492808864424418949,86790,1492808864425669900,/fluid_pressure,105860.0,0.0
1492808864499084249,86791,1492808864499669900,/fluid_pressure,105860.0,0.0
1492808864573397997,86792,1492808864573669900,/fluid_pressure,105810.0,0.0
1492808864647369844,86793,1492808864647669900,/fluid_pressure,105850.0,0.0
1492808864722648987,86794,1492808864722669900,/fluid_pressure,105819.992188,0.0
1492808864795832336,86795,1492808864796669900,/fluid_pressure,105819.992188,0.0
1492808864869899576,86796,1492808864870668088,/fluid_pressure,105819.992188,0.0
1492808864943979385,86797,1492808864944668088,/fluid_pressure,105850.0,0.0
1492808865019289720,86798,1492808865019668088,/fluid_pressure,105880.007812,0.0
1492808865093262065,86799,1492808865093668088,/fluid_pressure,105869.992188,0.0
1492808865166701228,86800,1492808865167668088,/fluid_pressure,105840.0,0.0
1492808865242199676,86801,1492808865242668088,/fluid_pressure,105880.007812,0.0
1492808865315652919,86802,1492808865316668088,/fluid_pressure,105760.0,0.0
1492808865390067255,86803,1492808865390668088,/fluid_pressure,105710.0,0.0
1492808865464214195,86804,1492808865464668088,/fluid_pressure,105500.0,0.0
1492808865539257497,86805,1492808865539668088,/fluid_pressure,105160.0,0.0
1492808865613168225,86806,1492808865613668088,/fluid_pressure,104840.0,0.0
1492808865687062876,86807,1492808865687668088,/fluid_pressure,104860.0,0.0
1492808865761088560,86808,1492808865761668088,/fluid_pressure,105160.0,0.0
1492808865836023844,86809,1492808865836668088,/fluid_pressure,105569.992188,0.0
1492808865910114001,86810,1492808865910668088,/fluid_pressure,105850.0,0.0
1492808865983729811,86811,1492808865984668088,/fluid_pressure,106300.0,0.0
1492808866058484678,86812,1492808866058668088,/fluid_pressure,106630.007812,0.0
1492808866133621145,86813,1492808866133668088,/fluid_pressure,106969.992188,0.0
1492808866206689119,86814,1492808866207668088,/fluid_pressure,107130.007812,0.0
1492808866281108013,86815,1492808866281668088,/fluid_pressure,107319.992188,0.0
1492808866356439066,86816,1492808866356668088,/fluid_pressure,107430.007812,0.0
1492808866430224654,86817,1492808866430668088,/fluid_pressure,107569.992188,0.0
1492808866503939857,86818,1492808866504668088,/fluid_pressure,107710.0,0.0
1492808866577705158,86819,1492808866578668088,/fluid_pressure,107790.0,0.0
1492808866652838490,86820,1492808866653668088,/fluid_pressure,107900.0,0.0
1492808866726749365,86821,1492808866727668088,/fluid_pressure,108000.0,0.0
1492808866800963671,86822,1492808866801668088,/fluid_pressure,108119.992188,0.0
1492808866875099868,86823,1492808866875668088,/fluid_pressure,108169.992188,0.0
1492808866950591034,86824,1492808866950668088,/fluid_pressure,108290.0,0.0
1492808867024248246,86825,1492808867024668088,/fluid_pressure,108269.992188,0.0
1492808867098189910,86826,1492808867098668088,/fluid_pressure,108350.0,0.0
1492808867172013856,86827,1492808867172668088,/fluid_pressure,108400.0,0.0
1492808867247547170,86828,1492808867247668088,/fluid_pressure,108440.0,0.0
1492808867321562081,86829,1492808867321668088,/fluid_pressure,108400.0,0.0
1492808867394638965,86830,1492808867396463071,/fluid_pressure,108440.0,0.0
1492808867470037182,86831,1492808867471463071,/fluid_pressure,108450.0,0.0
1492808867544170915,86832,1492808867545463071,/fluid_pressure,108380.007812,0.0
1492808867618800920,86833,1492808867619463071,/fluid_pressure,108390.0,0.0
1492808867692791862,86834,1492808867693463071,/fluid_pressure,108460.0,0.0
1492808867767582997,86835,1492808867768463071,/fluid_pressure,108369.992188,0.0
1492808867841375069,86836,1492808867842463071,/fluid_pressure,108300.0,0.0
1492808867915482732,86837,1492808867916463071,/fluid_pressure,108160.0,0.0
1492808867988642440,86838,1492808867990463071,/fluid_pressure,108150.0,0.0
1492808868063752308,86839,1492808868065463071,/fluid_pressure,107950.0,0.0
1492808868137700848,86840,1492808868139463071,/fluid_pressure,107950.0,0.0
1492808868211681574,86841,1492808868213463071,/fluid_pressure,107819.992188,0.0
1492808868287061025,86842,1492808868287463071,/fluid_pressure,107690.0,0.0
1492808868360879853,86843,1492808868362463071,/fluid_pressure,107640.0,0.0
1492808868435114370,86844,1492808868436463071,/fluid_pressure,107450.0,0.0
1492808868509510440,86845,1492808868510463071,/fluid_pressure,107360.0,0.0
1492808868584128592,86846,1492808868585463071,/fluid_pressure,107260.0,0.0
1492808868658143794,86847,1492808868659463071,/fluid_pressure,107160.0,0.0
1492808868732394890,86848,1492808868733463071,/fluid_pressure,106890.0,0.0
1492808868806363903,86849,1492808868807463071,/fluid_pressure,106790.0,0.0
1492808868880687106,86850,1492808868882463071,/fluid_pressure,106590.0,0.0
1492808868956036106,86851,1492808868956463071,/fluid_pressure,106440.0,0.0
1492808869029059770,86852,1492808869030463071,/fluid_pressure,106210.0,0.0
1492808869104104844,86853,1492808869104463071,/fluid_pressure,106160.0,0.0
1492808869178113870,86854,1492808869179463071,/fluid_pressure,106000.0,0.0
1492808869252058099,86855,1492808869253463071,/fluid_pressure,105830.007812,0.0
1492808869325570536,86856,1492808869327463071,/fluid_pressure,105710.0,0.0
1492808869400899906,86857,1492808869401463071,/fluid_pressure,105660.0,0.0
1492808869475166876,86858,1492808869476463071,/fluid_pressure,105519.992188,0.0
1492808869549112408,86859,1492808869550463071,/fluid_pressure,105590.0,0.0
1492808869623077056,86860,1492808869624463071,/fluid_pressure,105560.0,0.0
1492808869698379856,86861,1492808869699463071,/fluid_pressure,105610.0,0.0
1492808869772399737,86862,1492808869773463071,/fluid_pressure,105590.0,0.0
1492808869846538436,86863,1492808869847463071,/fluid_pressure,105710.0,0.0
1492808869920720712,86864,1492808869921358024,/fluid_pressure,105850.0,0.0
1492808869995473328,86865,1492808869996358024,/fluid_pressure,105940.0,0.0
1492808870068618070,86866,1492808870070358024,/fluid_pressure,106090.0,0.0
1492808870142588903,86867,1492808870144358024,/fluid_pressure,106010.0,0.0
1492808870218367240,86868,1492808870218358024,/fluid_pressure,106100.0,0.0
1492808870292530963,86869,1492808870293358024,/fluid_pressure,106110.0,0.0
1492808870366517760,86870,1492808870367358024,/fluid_pressure,106110.0,0.0
1492808870441311118,86871,1492808870441358024,/fluid_pressure,106119.992188,0.0
1492808870515470905,86872,1492808870516358024,/fluid_pressure,106100.0,0.0
1492808870589425576,86873,1492808870590358024,/fluid_pressure,106010.0,0.0
1492808870662959807,86874,1492808870664358024,/fluid_pressure,105930.007812,0.0
1492808870738153080,86875,1492808870738358024,/fluid_pressure,105880.007812,0.0
1492808870811842774,86876,1492808870813358024,/fluid_pressure,105830.007812,0.0
1492808870886717020,86877,1492808870887358024,/fluid_pressure,105740.0,0.0
1492808870960006395,86878,1492808870961358024,/fluid_pressure,105750.0,0.0
1492808871034842930,86879,1492808871036358024,/fluid_pressure,105690.0,0.0
1492808871109094745,86880,1492808871110358024,/fluid_pressure,105719.992188,0.0
1492808871183413427,86881,1492808871184358024,/fluid_pressure,105730.007812,0.0
1492808871257120586,86882,1492808871258358024,/fluid_pressure,105860.0,0.0
1492808871331598052,86883,1492808871333358024,/fluid_pressure,105830.007812,0.0
1492808871406491347,86884,1492808871407358024,/fluid_pressure,105880.007812,0.0
1492808871480218194,86885,1492808871481358024,/fluid_pressure,105869.992188,0.0
1492808871554782246,86886,1492808871555358024,/fluid_pressure,105990.0,0.0
1492808871629163844,86887,1492808871630358024,/fluid_pressure,105910.0,0.0
1492808871703318966,86888,1492808871704358024,/fluid_pressure,105869.992188,0.0
1492808871776964806,86889,1492808871778358024,/fluid_pressure,105869.992188,0.0
1492808871852037883,86890,1492808871852358024,/fluid_pressure,105890.0,0.0
1492808871926417816,86891,1492808871927358024,/fluid_pressure,105850.0,0.0
1492808871999847720,86892,1492808872001358024,/fluid_pressure,105819.992188,0.0
1492808872073548881,86893,1492808872075358024,/fluid_pressure,105680.007812,0.0
1492808872149590185,86894,1492808872149358024,/fluid_pressure,105769.992188,0.0
1492808872223598839,86895,1492808872224358024,/fluid_pressure,105690.0,0.0
1492808872297263994,86896,1492808872298358024,/fluid_pressure,105619.992188,0.0
1492808872372370693,86897,1492808872372358024,/fluid_pressure,105569.992188,0.0
1492808872446256173,86898,1492808872448506105,/fluid_pressure,105510.0,0.0
1492808872519616955,86899,1492808872522506105,/fluid_pressure,105500.0,0.0
1492808872593918042,86900,1492808872596506105,/fluid_pressure,105469.992188,0.0
1492808872668948518,86901,1492808872670506105,/fluid_pressure,105619.992188,0.0
1492808872743425428,86902,1492808872745506105,/fluid_pressure,105760.0,0.0
1492808872817473875,86903,1492808872819506105,/fluid_pressure,105780.007812,0.0
1492808872891057174,86904,1492808872893506105,/fluid_pressure,105800.0,0.0
1492808872965575284,86905,1492808872967506105,/fluid_pressure,105910.0,0.0
1492808873040545116,86906,1492808873042506105,/fluid_pressure,105950.0,0.0
1492808873113849301,86907,1492808873116506105,/fluid_pressure,106040.0,0.0
1492808873189637150,86908,1492808873190506105,/fluid_pressure,106060.0,0.0
1492808873262826208,86909,1492808873265506105,/fluid_pressure,106019.992188,0.0
1492808873337399212,86910,1492808873339506105,/fluid_pressure,106060.0,0.0
1492808873411239883,86911,1492808873413506105,/fluid_pressure,105990.0,0.0
1492808873486224797,86912,1492808873487506105,/fluid_pressure,106019.992188,0.0
1492808873560031574,86913,1492808873562506105,/fluid_pressure,106069.992188,0.0
1492808873633838080,86914,1492808873636506105,/fluid_pressure,105980.007812,0.0
1492808873708079303,86915,1492808873710506105,/fluid_pressure,106090.0,0.0
1492808873783407894,86916,1492808873784506105,/fluid_pressure,105990.0,0.0
1492808873856806817,86917,1492808873859506105,/fluid_pressure,106019.992188,0.0
1492808873930834034,86918,1492808873933506105,/fluid_pressure,105919.992188,0.0
1492808874004587481,86919,1492808874007506105,/fluid_pressure,105830.007812,0.0
1492808874079808521,86920,1492808874081506105,/fluid_pressure,105869.992188,0.0
1492808874153880343,86921,1492808874156506105,/fluid_pressure,105810.0,0.0
1492808874228111396,86922,1492808874230506105,/fluid_pressure,105819.992188,0.0
1492808874302811024,86923,1492808874304506105,/fluid_pressure,105800.0,0.0
1492808874376789530,86924,1492808874379506105,/fluid_pressure,105780.007812,0.0
1492808874450973841,86925,1492808874453506105,/fluid_pressure,105880.007812,0.0
1492808874524761797,86926,1492808874527506105,/fluid_pressure,105780.007812,0.0
1492808874600721725,86927,1492808874601506105,/fluid_pressure,105900.0,0.0
1492808874673709400,86928,1492808874676506105,/fluid_pressure,105800.0,0.0
1492808874747609040,86929,1492808874750506105,/fluid_pressure,105819.992188,0.0
1492808874821698527,86930,1492808874824506105,/fluid_pressure,105800.0,0.0
1492808874896657745,86931,1492808874898506105,/fluid_pressure,105880.007812,0.0
1492808874971519981,86932,1492808874971743976,/fluid_pressure,105890.0,0.0
1492808875045447971,86933,1492808875045743976,/fluid_pressure,105910.0,0.0
1492808875120460405,86934,1492808875119743976,/fluid_pressure,105919.992188,0.0
1492808875194267106,86935,1492808875194743976,/fluid_pressure,105980.007812,0.0
1492808875268581799,86936,1492808875268743976,/fluid_pressure,105940.0,0.0
1492808875341627824,86937,1492808875342743976,/fluid_pressure,105910.0,0.0
1492808875416686458,86938,1492808875416743976,/fluid_pressure,106119.992188,0.0
1492808875491583573,86939,1492808875491743976,/fluid_pressure,106110.0,0.0
1492808875564762679,86940,1492808875565743976,/fluid_pressure,106150.0,0.0
1492808875640248121,86941,1492808875639743976,/fluid_pressure,106360.0,0.0
1492808875713868182,86942,1492808875713743976,/fluid_pressure,106310.0,0.0
1492808875787857472,86943,1492808875788743976,/fluid_pressure,106290.0,0.0
1492808875861826420,86944,1492808875862743976,/fluid_pressure,106260.0,0.0
1492808875936834460,86945,1492808875936743976,/fluid_pressure,106190.0,0.0
1492808876010945796,86946,1492808876010743976,/fluid_pressure,106100.0,0.0
1492808876085134368,86947,1492808876085743976,/fluid_pressure,105980.007812,0.0
1492808876159423245,86948,1492808876159743976,/fluid_pressure,105860.0,0.0
1492808876234482576,86949,1492808876233743976,/fluid_pressure,105690.0,0.0
1492808876308487085,86950,1492808876308743976,/fluid_pressure,105569.992188,0.0
1492808876381748367,86951,1492808876382743976,/fluid_pressure,105410.0,0.0
1492808876456825127,86952,1492808876456743976,/fluid_pressure,105330.007812,0.0
1492808876530630212,86953,1492808876530743976,/fluid_pressure,105130.007812,0.0
1492808876604782843,86954,1492808876605743976,/fluid_pressure,105060.0,0.0
1492808876679616194,86955,1492808876679743976,/fluid_pressure,105150.0,0.0
1492808876754676444,86956,1492808876753743976,/fluid_pressure,105319.992188,0.0
1492808876828459892,86957,1492808876827743976,/fluid_pressure,105450.0,0.0
1492808876902473130,86958,1492808876902743976,/fluid_pressure,105690.0,0.0
1492808876975588642,86959,1492808876976743976,/fluid_pressure,105830.007812,0.0
1492808877051226311,86960,1492808877050743976,/fluid_pressure,106010.0,0.0
1492808877125485988,86961,1492808877125743976,/fluid_pressure,106150.0,0.0
1492808877199314381,86962,1492808877199743976,/fluid_pressure,106300.0,0.0
1492808877272984333,86963,1492808877273743976,/fluid_pressure,106369.992188,0.0
1492808877348510430,86964,1492808877347743976,/fluid_pressure,106500.0,0.0
1492808877422120077,86965,1492808877422743976,/fluid_pressure,106550.0,0.0
1492808877496478339,86966,1492808877497351085,/fluid_pressure,106590.0,0.0
1492808877571288289,86967,1492808877571351085,/fluid_pressure,106680.007812,0.0
1492808877645374742,86968,1492808877645351085,/fluid_pressure,106790.0,0.0
1492808877719295264,86969,1492808877720351085,/fluid_pressure,106780.007812,0.0
1492808877793094523,86970,1492808877794351085,/fluid_pressure,106840.0,0.0
1492808877868077689,86971,1492808877868351085,/fluid_pressure,106800.0,0.0
1492808877942609913,86972,1492808877943351085,/fluid_pressure,106780.007812,0.0
1492808878015968836,86973,1492808878017351085,/fluid_pressure,106630.007812,0.0
1492808878090163355,86974,1492808878091351085,/fluid_pressure,106680.007812,0.0
1492808878164919353,86975,1492808878165351085,/fluid_pressure,106550.0,0.0
1492808878239620441,86976,1492808878240351085,/fluid_pressure,106560.0,0.0
1492808878313116868,86977,1492808878314351085,/fluid_pressure,106510.0,0.0
1492808878387778055,86978,1492808878388351085,/fluid_pressure,106410.0,0.0
1492808878461801547,86979,1492808878462351085,/fluid_pressure,106300.0,0.0
1492808878535731242,86980,1492808878537351085,/fluid_pressure,106169.992188,0.0
1492808878610003176,86981,1492808878611351085,/fluid_pressure,106200.0,0.0
1492808878684631597,86982,1492808878685351085,/fluid_pressure,106130.007812,0.0
1492808878758589037,86983,1492808878759351085,/fluid_pressure,106030.007812,0.0
1492808878832875451,86984,1492808878834351085,/fluid_pressure,105969.992188,0.0
1492808878907617973,86985,1492808878908351085,/fluid_pressure,105919.992188,0.0
1492808878982086602,86986,1492808878982351085,/fluid_pressure,105790.0,0.0
1492808879056080106,86987,1492808879057351085,/fluid_pressure,105710.0,0.0
1492808879130491838,86988,1492808879131351085,/fluid_pressure,105710.0,0.0
1492808879204921749,86989,1492808879205351085,/fluid_pressure,105740.0,0.0
1492808879279156542,86990,1492808879279351085,/fluid_pressure,105800.0,0.0
1492808879353246575,86991,1492808879354351085,/fluid_pressure,105840.0,0.0
1492808879426894049,86992,1492808879428351085,/fluid_pressure,105869.992188,0.0
1492808879501957973,86993,1492808879502351085,/fluid_pressure,106000.0,0.0
1492808879575716035,86994,1492808879576351085,/fluid_pressure,106040.0,0.0
1492808879650578189,86995,1492808879651351085,/fluid_pressure,106030.007812,0.0
1492808879724582950,86996,1492808879725351085,/fluid_pressure,106050.0,0.0
1492808879798972339,86997,1492808879799351085,/fluid_pressure,106060.0,0.0
1492808879872757266,86998,1492808879873351085,/fluid_pressure,106019.992188,0.0
1492808879947110553,86999,1492808879948351085,/fluid_pressure,105960.0,0.0
1492808880021983325,87000,1492808880021725093,/fluid_pressure,105930.007812,0.0
1492808880096038748,87001,1492808880095725093,/fluid_pressure,105950.0,0.0
1492808880170629406,87002,1492808880170725093,/fluid_pressure,105910.0,0.0
1492808880244094841,87003,1492808880244725093,/fluid_pressure,105760.0,0.0
1492808880319587012,87004,1492808880318725093,/fluid_pressure,105760.0,0.0
1492808880392981702,87005,1492808880392725093,/fluid_pressure,105760.0,0.0
1492808880467391171,87006,1492808880467725093,/fluid_pressure,105719.992188,0.0
1492808880541288661,87007,1492808880541725093,/fluid_pressure,105790.0,0.0
1492808880616369886,87008,1492808880615725093,/fluid_pressure,105740.0,0.0
1492808880689712446,87009,1492808880689725093,/fluid_pressure,105780.007812,0.0
1492808880764592119,87010,1492808880764725093,/fluid_pressure,105830.007812,0.0
1492808880839186621,87011,1492808880838725093,/fluid_pressure,105869.992188,0.0
1492808880912753854,87012,1492808880912725093,/fluid_pressure,105940.0,0.0
1492808880986673484,87013,1492808880986725093,/fluid_pressure,105969.992188,0.0
1492808881060660074,87014,1492808881061725093,/fluid_pressure,106000.0,0.0
1492808881136513874,87015,1492808881135725093,/fluid_pressure,106019.992188,0.0
1492808881209755584,87016,1492808881209725093,/fluid_pressure,105910.0,0.0
1492808881283613883,87017,1492808881284725093,/fluid_pressure,105940.0,0.0
1492808881358458891,87018,1492808881358725093,/fluid_pressure,105980.007812,0.0
1492808881433485883,87019,1492808881432725093,/fluid_pressure,105950.0,0.0
1492808881507486189,87020,1492808881506725093,/fluid_pressure,105980.007812,0.0
1492808881581373912,87021,1492808881581725093,/fluid_pressure,105919.992188,0.0
1492808881656397297,87022,1492808881655725093,/fluid_pressure,105860.0,0.0
1492808881729960198,87023,1492808881729725093,/fluid_pressure,105860.0,0.0
1492808881804055963,87024,1492808881803725093,/fluid_pressure,105790.0,0.0
1492808881878095505,87025,1492808881878725093,/fluid_pressure,105800.0,0.0
1492808881953653550,87026,1492808881952725093,/fluid_pressure,105810.0,0.0
1492808882027401273,87027,1492808882026725093,/fluid_pressure,105850.0,0.0
1492808882100927020,87028,1492808882100725093,/fluid_pressure,105940.0,0.0
1492808882175584931,87029,1492808882175725093,/fluid_pressure,105969.992188,0.0
1492808882249903819,87030,1492808882249725093,/fluid_pressure,105950.0,0.0
1492808882323630135,87031,1492808882323725093,/fluid_pressure,105990.0,0.0
1492808882397810754,87032,1492808882398725093,/fluid_pressure,106010.0,0.0
1492808882472652839,87033,1492808882472725093,/fluid_pressure,106090.0,0.0
1492808882547027605,87034,1492808882547931110,/fluid_pressure,106069.992188,0.0
1492808882621594088,87035,1492808882621931110,/fluid_pressure,106040.0,0.0
1492808882694761502,87036,1492808882696931110,/fluid_pressure,106000.0,0.0
1492808882769850734,87037,1492808882770931110,/fluid_pressure,105930.007812,0.0
1492808882844527683,87038,1492808882844931110,/fluid_pressure,106010.0,0.0
1492808882918203975,87039,1492808882918931110,/fluid_pressure,105930.007812,0.0
1492808882992285397,87040,1492808882993931110,/fluid_pressure,105950.0,0.0
1492808883066678609,87041,1492808883067931110,/fluid_pressure,105850.0,0.0
1492808883141300386,87042,1492808883141931110,/fluid_pressure,105900.0,0.0
1492808883215295409,87043,1492808883216931110,/fluid_pressure,105850.0,0.0
1492808883288784335,87044,1492808883290931110,/fluid_pressure,105880.007812,0.0
1492808883364469731,87045,1492808883364931110,/fluid_pressure,105890.0,0.0
1492808883438524797,87046,1492808883438931110,/fluid_pressure,105919.992188,0.0
1492808883511985487,87047,1492808883513931110,/fluid_pressure,105919.992188,0.0
1492808883587251002,87048,1492808883587931110,/fluid_pressure,105960.0,0.0
1492808883661498901,87049,1492808883661931110,/fluid_pressure,106000.0,0.0
1492808883735417958,87050,1492808883735931110,/fluid_pressure,106069.992188,0.0
1492808883809072921,87051,1492808883810931110,/fluid_pressure,106060.0,0.0
1492808883884044683,87052,1492808883884931110,/fluid_pressure,106050.0,0.0
1492808883958123695,87053,1492808883958931110,/fluid_pressure,106040.0,0.0
1492808884032425346,87054,1492808884033931110,/fluid_pressure,106060.0,0.0
1492808884106042237,87055,1492808884107931110,/fluid_pressure,106030.007812,0.0
1492808884181509465,87056,1492808884181931110,/fluid_pressure,106050.0,0.0
1492808884255619537,87057,1492808884255931110,/fluid_pressure,105990.0,0.0
1492808884329245723,87058,1492808884330931110,/fluid_pressure,105969.992188,0.0
1492808884403767477,87059,1492808884404931110,/fluid_pressure,105890.0,0.0
1492808884478057975,87060,1492808884478931110,/fluid_pressure,105869.992188,0.0
1492808884552621113,87061,1492808884552931110,/fluid_pressure,105819.992188,0.0
1492808884626038827,87062,1492808884627931110,/fluid_pressure,105830.007812,0.0
1492808884701638746,87063,1492808884701931110,/fluid_pressure,105910.0,0.0
1492808884775623942,87064,1492808884775931110,/fluid_pressure,105880.007812,0.0
1492808884849534999,87065,1492808884849931110,/fluid_pressure,105890.0,0.0
1492808884923619055,87066,1492808884924931110,/fluid_pressure,105900.0,0.0
1492808884998437392,87067,1492808884998931110,/fluid_pressure,105969.992188,0.0
1492808885072403498,87068,1492808885073511039,/fluid_pressure,105950.0,0.0
1492808885145732645,87069,1492808885148511039,/fluid_pressure,105990.0,0.0
1492808885221484269,87070,1492808885222511039,/fluid_pressure,106000.0,0.0
1492808885295192900,87071,1492808885296511039,/fluid_pressure,105919.992188,0.0
1492808885369081476,87072,1492808885370511039,/fluid_pressure,105969.992188,0.0
1492808885443177756,87073,1492808885445511039,/fluid_pressure,105969.992188,0.0
1492808885518254809,87074,1492808885519511039,/fluid_pressure,105900.0,0.0
1492808885591890123,87075,1492808885593511039,/fluid_pressure,105919.992188,0.0
1492808885666001550,87076,1492808885667511039,/fluid_pressure,105840.0,0.0
1492808885739927592,87077,1492808885742511039,/fluid_pressure,105819.992188,0.0
1492808885814950812,87078,1492808885816511039,/fluid_pressure,105819.992188,0.0
1492808885888712693,87079,1492808885890511039,/fluid_pressure,105850.0,0.0
1492808885962921966,87080,1492808885964511039,/fluid_pressure,105840.0,0.0
1492808886037888908,87081,1492808886039511039,/fluid_pressure,105830.007812,0.0
1492808886111699545,87082,1492808886113511039,/fluid_pressure,105890.0,0.0
1492808886185594193,87083,1492808886187511039,/fluid_pressure,105830.007812,0.0
1492808886259922959,87084,1492808886262511039,/fluid_pressure,105919.992188,0.0
1492808886334887274,87085,1492808886336511039,/fluid_pressure,105919.992188,0.0
1492808886408889081,87086,1492808886410511039,/fluid_pressure,105950.0,0.0
1492808886483144594,87087,1492808886484511039,/fluid_pressure,105980.007812,0.0
1492808886557091962,87088,1492808886559511039,/fluid_pressure,105990.0,0.0
1492808886632079675,87089,1492808886633511039,/fluid_pressure,105960.0,0.0
1492808886705641500,87090,1492808886707511039,/fluid_pressure,106000.0,0.0
1492808886779737179,87091,1492808886781511039,/fluid_pressure,106000.0,0.0
1492808886854640644,87092,1492808886856511039,/fluid_pressure,105930.007812,0.0
1492808886929589034,87093,1492808886930511039,/fluid_pressure,105910.0,0.0
1492808887003577802,87094,1492808887004511039,/fluid_pressure,105900.0,0.0
1492808887077327004,87095,1492808887078511039,/fluid_pressure,105900.0,0.0
1492808887152597729,87096,1492808887153511039,/fluid_pressure,105819.992188,0.0
1492808887225791885,87097,1492808887227511039,/fluid_pressure,105850.0,0.0
1492808887300389921,87098,1492808887301511039,/fluid_pressure,105910.0,0.0
1492808887374380872,87099,1492808887376511039,/fluid_pressure,105830.007812,0.0
1492808887448772112,87100,1492808887450511039,/fluid_pressure,105910.0,0.0
1492808887522617646,87101,1492808887524511039,/fluid_pressure,105900.0,0.0
1492808887597006889,87102,1492808887597789918,/fluid_pressure,105890.0,0.0
1492808887672037732,87103,1492808887672789918,/fluid_pressure,105850.0,0.0
1492808887746491733,87104,1492808887746789918,/fluid_pressure,105860.0,0.0
1492808887820434993,87105,1492808887820789918,/fluid_pressure,105900.0,0.0
1492808887894565441,87106,1492808887894789918,/fluid_pressure,105950.0,0.0
1492808887968560097,87107,1492808887969789918,/fluid_pressure,105919.992188,0.0
1492808888043548565,87108,1492808888043789918,/fluid_pressure,105930.007812,0.0
1492808888116765941,87109,1492808888117789918,/fluid_pressure,105930.007812,0.0
1492808888190902223,87110,1492808888192789918,/fluid_pressure,105940.0,0.0
1492808888265633364,87111,1492808888266789918,/fluid_pressure,105969.992188,0.0
1492808888339887471,87112,1492808888340789918,/fluid_pressure,105869.992188,0.0
1492808888414584249,87113,1492808888414789918,/fluid_pressure,105940.0,0.0
1492808888488919418,87114,1492808888489789918,/fluid_pressure,105930.007812,0.0
1492808888562757942,87115,1492808888563789918,/fluid_pressure,105880.007812,0.0
1492808888637005632,87116,1492808888637789918,/fluid_pressure,105880.007812,0.0
1492808888710622658,87117,1492808888711789918,/fluid_pressure,105930.007812,0.0
1492808888786566397,87118,1492808888786789918,/fluid_pressure,105910.0,0.0
1492808888860366542,87119,1492808888860789918,/fluid_pressure,105880.007812,0.0
1492808888934300485,87120,1492808888934789918,/fluid_pressure,105980.007812,0.0
1492808889007940261,87121,1492808889008789918,/fluid_pressure,105869.992188,0.0
1492808889083041173,87122,1492808889083789918,/fluid_pressure,105860.0,0.0
1492808889157392759,87123,1492808889157789918,/fluid_pressure,105919.992188,0.0
1492808889230647434,87124,1492808889231789918,/fluid_pressure,105969.992188,0.0
1492808889305653474,87125,1492808889306789918,/fluid_pressure,105930.007812,0.0
1492808889380199157,87126,1492808889380789918,/fluid_pressure,105910.0,0.0
1492808889454578519,87127,1492808889454789918,/fluid_pressure,105980.007812,0.0
1492808889527978286,87128,1492808889528789918,/fluid_pressure,105900.0,0.0
1492808889603175811,87129,1492808889603789918,/fluid_pressure,105960.0,0.0
1492808889677304883,87130,1492808889677789918,/fluid_pressure,105850.0,0.0
1492808889751240467,87131,1492808889751789918,/fluid_pressure,105900.0,0.0
1492808889825197827,87132,1492808889825789918,/fluid_pressure,105930.007812,0.0
1492808889900094433,87133,1492808889900789918,/fluid_pressure,105880.007812,0.0
1492808889973802778,87134,1492808889974789918,/fluid_pressure,105930.007812,0.0
1492808890047554915,87135,1492808890048789918,/fluid_pressure,105910.0,0.0
1492808890122222486,87136,1492808890123727071,/fluid_pressure,105940.0,0.0
1492808890197572450,87137,1492808890197727071,/fluid_pressure,105960.0,0.0
1492808890271516789,87138,1492808890271727071,/fluid_pressure,105960.0,0.0
1492808890344777832,87139,1492808890345727071,/fluid_pressure,105930.007812,0.0
1492808890420233598,87140,1492808890420727071,/fluid_pressure,105950.0,0.0
1492808890494316778,87141,1492808890494727071,/fluid_pressure,105940.0,0.0
1492808890568111177,87142,1492808890568727071,/fluid_pressure,105910.0,0.0
1492808890641883153,87143,1492808890642727071,/fluid_pressure,105950.0,0.0
1492808890717059855,87144,1492808890717727071,/fluid_pressure,105960.0,0.0
1492808890790740421,87145,1492808890791727071,/fluid_pressure,106030.007812,0.0
1492808890864858035,87146,1492808890865727071,/fluid_pressure,105950.0,0.0
1492808890940175099,87147,1492808890940727071,/fluid_pressure,105969.992188,0.0
1492808891013682258,87148,1492808891014727071,/fluid_pressure,105960.0,0.0
1492808891087579550,87149,1492808891088727071,/fluid_pressure,105969.992188,0.0
1492808891161842220,87150,1492808891162727071,/fluid_pressure,105960.0,0.0
1492808891236846432,87151,1492808891237727071,/fluid_pressure,105919.992188,0.0
1492808891311850979,87152,1492808891311727071,/fluid_pressure,105869.992188,0.0
1492808891385561163,87153,1492808891385727071,/fluid_pressure,105860.0,0.0
1492808891459560924,87154,1492808891459727071,/fluid_pressure,105830.007812,0.0
1492808891534064151,87155,1492808891534727071,/fluid_pressure,105880.007812,0.0
1492808891608583007,87156,1492808891608727071,/fluid_pressure,105869.992188,0.0
1492808891681893590,87157,1492808891682727071,/fluid_pressure,105900.0,0.0
1492808891755779913,87158,1492808891756727071,/fluid_pressure,105919.992188,0.0
1492808891830733192,87159,1492808891831727071,/fluid_pressure,105810.0,0.0
1492808891905615685,87160,1492808891905727071,/fluid_pressure,105910.0,0.0
1492808891979228212,87161,1492808891979727071,/fluid_pressure,105890.0,0.0
1492808892053538192,87162,1492808892054727071,/fluid_pressure,105910.0,0.0
1492808892127799870,87163,1492808892128727071,/fluid_pressure,105910.0,0.0
1492808892202275140,87164,1492808892202727071,/fluid_pressure,105940.0,0.0
1492808892276261729,87165,1492808892276727071,/fluid_pressure,105950.0,0.0
1492808892351582077,87166,1492808892351727071,/fluid_pressure,105880.007812,0.0
1492808892425264267,87167,1492808892425727071,/fluid_pressure,105990.0,0.0
1492808892499282067,87168,1492808892499727071,/fluid_pressure,105900.0,0.0
1492808892573408681,87169,1492808892573727071,/fluid_pressure,105960.0,0.0
1492808892648031497,87170,1492808892649411117,/fluid_pressure,105910.0,0.0
1492808892722301254,87171,1492808892723411117,/fluid_pressure,105960.0,0.0
1492808892796248629,87172,1492808892797411117,/fluid_pressure,105890.0,0.0
1492808892871571270,87173,1492808892871411117,/fluid_pressure,105950.0,0.0
1492808892945298319,87174,1492808892946411117,/fluid_pressure,105880.007812,0.0
1492808893019024819,87175,1492808893020411117,/fluid_pressure,105860.0,0.0
1492808893092888610,87176,1492808893094411117,/fluid_pressure,105930.007812,0.0
1492808893168027175,87177,1492808893169411117,/fluid_pressure,105860.0,0.0
1492808893242462853,87178,1492808893243411117,/fluid_pressure,105790.0,0.0
1492808893316242187,87179,1492808893317411117,/fluid_pressure,105900.0,0.0
1492808893390128111,87180,1492808893391411117,/fluid_pressure,105950.0,0.0
1492808893465594990,87181,1492808893466411117,/fluid_pressure,105980.007812,0.0
1492808893539233852,87182,1492808893540411117,/fluid_pressure,105880.007812,0.0
1492808893613692886,87183,1492808893614411117,/fluid_pressure,105930.007812,0.0
1492808893688058350,87184,1492808893688411117,/fluid_pressure,105910.0,0.0
1492808893761615521,87185,1492808893763411117,/fluid_pressure,105940.0,0.0
1492808893835718902,87186,1492808893837411117,/fluid_pressure,105950.0,0.0
1492808893909630111,87187,1492808893911411117,/fluid_pressure,105930.007812,0.0
1492808893984732121,87188,1492808893985411117,/fluid_pressure,105830.007812,0.0
1492808894058931272,87189,1492808894060411117,/fluid_pressure,105900.0,0.0
1492808894132736308,87190,1492808894134411117,/fluid_pressure,105890.0,0.0
1492808894206741528,87191,1492808894208411117,/fluid_pressure,105950.0,0.0
1492808894281917672,87192,1492808894283411117,/fluid_pressure,105850.0,0.0
1492808894356137528,87193,1492808894357411117,/fluid_pressure,105860.0,0.0
1492808894429778143,87194,1492808894431411117,/fluid_pressure,105940.0,0.0
1492808894503822198,87195,1492808894505411117,/fluid_pressure,105840.0,0.0
1492808894578684348,87196,1492808894580411117,/fluid_pressure,105840.0,0.0
1492808894653232184,87197,1492808894654411117,/fluid_pressure,105890.0,0.0
1492808894727551417,87198,1492808894728411117,/fluid_pressure,105910.0,0.0
1492808894802281107,87199,1492808894802411117,/fluid_pressure,105860.0,0.0
1492808894876371432,87200,1492808894877411117,/fluid_pressure,105869.992188,0.0
1492808894949882209,87201,1492808894951411117,/fluid_pressure,105840.0,0.0
1492808895023856353,87202,1492808895025411117,/fluid_pressure,105880.007812,0.0
1492808895099537813,87203,1492808895100411117,/fluid_pressure,105869.992188,0.0
1492808895172751290,87204,1492808895174024021,/fluid_pressure,105869.992188,0.0
1492808895247123445,87205,1492808895248024021,/fluid_pressure,105940.0,0.0
1492808895322367527,87206,1492808895322024021,/fluid_pressure,105900.0,0.0
1492808895396462278,87207,1492808895397024021,/fluid_pressure,105869.992188,0.0
1492808895469623500,87208,1492808895471024021,/fluid_pressure,105790.0,0.0
1492808895543820442,87209,1492808895545024021,/fluid_pressure,105860.0,0.0
1492808895618795657,87210,1492808895619024021,/fluid_pressure,105900.0,0.0
1492808895692799943,87211,1492808895694024021,/fluid_pressure,105900.0,0.0
1492808895766737358,87212,1492808895768024021,/fluid_pressure,105980.007812,0.0
1492808895840950203,87213,1492808895842024021,/fluid_pressure,105940.0,0.0
1492808895916245541,87214,1492808895917024021,/fluid_pressure,105910.0,0.0
1492808895990179023,87215,1492808895991024021,/fluid_pressure,105850.0,0.0
1492808896064375309,87216,1492808896065024021,/fluid_pressure,105940.0,0.0
1492808896139158587,87217,1492808896139024021,/fluid_pressure,105890.0,0.0
1492808896213404277,87218,1492808896214024021,/fluid_pressure,105910.0,0.0
1492808896286938079,87219,1492808896288024021,/fluid_pressure,105910.0,0.0
1492808896360868949,87220,1492808896362024021,/fluid_pressure,106010.0,0.0
1492808896436166382,87221,1492808896436024021,/fluid_pressure,105869.992188,0.0
1492808896510253179,87222,1492808896511024021,/fluid_pressure,106030.007812,0.0
1492808896584488567,87223,1492808896585024021,/fluid_pressure,105910.0,0.0
1492808896658356557,87224,1492808896659024021,/fluid_pressure,105990.0,0.0
1492808896733442391,87225,1492808896734024021,/fluid_pressure,105930.007812,0.0
1492808896807478061,87226,1492808896808024021,/fluid_pressure,105890.0,0.0
1492808896880651005,87227,1492808896882024021,/fluid_pressure,105869.992188,0.0
1492808896955634590,87228,1492808896956024021,/fluid_pressure,105900.0,0.0
1492808897030655132,87229,1492808897031024021,/fluid_pressure,105960.0,0.0
1492808897104547593,87230,1492808897105024021,/fluid_pressure,105980.007812,0.0
1492808897177566593,87231,1492808897179024021,/fluid_pressure,106019.992188,0.0
1492808897253409760,87232,1492808897253024021,/fluid_pressure,105940.0,0.0
1492808897326953378,87233,1492808897328024021,/fluid_pressure,105900.0,0.0
1492808897400928386,87234,1492808897402024021,/fluid_pressure,105880.007812,0.0
1492808897474925067,87235,1492808897476024021,/fluid_pressure,105969.992188,0.0
1492808897550053376,87236,1492808897550024021,/fluid_pressure,105969.992188,0.0
1492808897624003848,87237,1492808897625024021,/fluid_pressure,105950.0,0.0
1492808897697739506,87238,1492808897698991930,/fluid_pressure,105890.0,0.0
1492808897772998440,87239,1492808897772991930,/fluid_pressure,105919.992188,0.0
1492808897846897849,87240,1492808897847991930,/fluid_pressure,105890.0,0.0
1492808897921418112,87241,1492808897921991930,/fluid_pressure,105919.992188,0.0
1492808897994963074,87242,1492808897995991930,/fluid_pressure,105930.007812,0.0
1492808898070272951,87243,1492808898069991930,/fluid_pressure,105930.007812,0.0
1492808898143621146,87244,1492808898144991930,/fluid_pressure,105869.992188,0.0
1492808898218117972,87245,1492808898218991930,/fluid_pressure,105919.992188,0.0
1492808898292422086,87246,1492808898292991930,/fluid_pressure,105840.0,0.0
1492808898366564620,87247,1492808898366991930,/fluid_pressure,105850.0,0.0
1492808898440665040,87248,1492808898441991930,/fluid_pressure,105960.0,0.0
1492808898514874998,87249,1492808898515991930,/fluid_pressure,105930.007812,0.0
1492808898589591804,87250,1492808898589991930,/fluid_pressure,105869.992188,0.0
1492808898664122214,87251,1492808898663991930,/fluid_pressure,105919.992188,0.0
1492808898737788119,87252,1492808898738991930,/fluid_pressure,105950.0,0.0
1492808898811853540,87253,1492808898812991930,/fluid_pressure,105969.992188,0.0
1492808898887017309,87254,1492808898886991930,/fluid_pressure,105960.0,0.0
1492808898961283837,87255,1492808898961991930,/fluid_pressure,105969.992188,0.0
1492808899035147154,87256,1492808899035991930,/fluid_pressure,106000.0,0.0
1492808899109362948,87257,1492808899109991930,/fluid_pressure,106000.0,0.0
1492808899184200270,87258,1492808899183991930,/fluid_pressure,106000.0,0.0
1492808899257548357,87259,1492808899258991930,/fluid_pressure,105950.0,0.0
1492808899331664686,87260,1492808899332991930,/fluid_pressure,105910.0,0.0
1492808899406013917,87261,1492808899406991930,/fluid_pressure,105810.0,0.0
1492808899481254409,87262,1492808899480991930,/fluid_pressure,105790.0,0.0
1492808899555505874,87263,1492808899555991930,/fluid_pressure,105830.007812,0.0
1492808899628987079,87264,1492808899629991930,/fluid_pressure,105780.007812,0.0
1492808899703967536,87265,1492808899703991930,/fluid_pressure,105769.992188,0.0
1492808899778222438,87266,1492808899777991930,/fluid_pressure,105780.007812,0.0
1492808899851956435,87267,1492808899852991930,/fluid_pressure,105880.007812,0.0
1492808899925879792,87268,1492808899926991930,/fluid_pressure,105850.0,0.0
1492808900001050785,87269,1492808900000991930,/fluid_pressure,105840.0,0.0
1492808900075623385,87270,1492808900075991930,/fluid_pressure,105869.992188,0.0
1492808900149358374,87271,1492808900149991930,/fluid_pressure,105890.0,0.0
1492808900222815305,87272,1492808900224502002,/fluid_pressure,105990.0,0.0
1492808900297801940,87273,1492808900298502002,/fluid_pressure,106000.0,0.0
1492808900372097257,87274,1492808900373502002,/fluid_pressure,105950.0,0.0
1492808900446619197,87275,1492808900447502002,/fluid_pressure,106030.007812,0.0
1492808900520840718,87276,1492808900521502002,/fluid_pressure,105950.0,0.0
1492808900595265339,87277,1492808900595502002,/fluid_pressure,105969.992188,0.0
1492808900668595499,87278,1492808900670502002,/fluid_pressure,106010.0,0.0
1492808900742821755,87279,1492808900744502002,/fluid_pressure,105980.007812,0.0
1492808900817761761,87280,1492808900818502002,/fluid_pressure,105919.992188,0.0
1492808900892427053,87281,1492808900893502002,/fluid_pressure,105960.0,0.0
1492808900965762538,87282,1492808900967502002,/fluid_pressure,106000.0,0.0
1492808901040107583,87283,1492808901041502002,/fluid_pressure,106010.0,0.0
1492808901114853965,87284,1492808901115502002,/fluid_pressure,105990.0,0.0
1492808901189315603,87285,1492808901190502002,/fluid_pressure,106010.0,0.0
1492808901263258896,87286,1492808901264502002,/fluid_pressure,105950.0,0.0
1492808901337958781,87287,1492808901338502002,/fluid_pressure,105950.0,0.0
1492808901411810254,87288,1492808901412502002,/fluid_pressure,105830.007812,0.0
1492808901485903639,87289,1492808901487502002,/fluid_pressure,105869.992188,0.0
1492808901559766988,87290,1492808901561502002,/fluid_pressure,105790.0,0.0
1492808901634715954,87291,1492808901635502002,/fluid_pressure,105769.992188,0.0
1492808901709010860,87292,1492808901709502002,/fluid_pressure,105850.0,0.0
1492808901782860293,87293,1492808901784502002,/fluid_pressure,105880.007812,0.0
1492808901856676001,87294,1492808901858502002,/fluid_pressure,105850.0,0.0
1492808901931905829,87295,1492808901932502002,/fluid_pressure,105950.0,0.0
1492808902006282301,87296,1492808902007502002,/fluid_pressure,106000.0,0.0
1492808902079894598,87297,1492808902081502002,/fluid_pressure,105960.0,0.0
1492808902154606077,87298,1492808902155502002,/fluid_pressure,106050.0,0.0
1492808902229029109,87299,1492808902229502002,/fluid_pressure,106080.007812,0.0
1492808902302995022,87300,1492808902304502002,/fluid_pressure,106050.0,0.0
1492808902376668077,87301,1492808902378502002,/fluid_pressure,106069.992188,0.0
1492808902451836099,87302,1492808902452502002,/fluid_pressure,106060.0,0.0
1492808902525942338,87303,1492808902526502002,/fluid_pressure,106090.0,0.0
1492808902600449634,87304,1492808902601502002,/fluid_pressure,106030.007812,0.0
1492808902673697185,87305,1492808902675502002,/fluid_pressure,105969.992188,0.0
1492808902749115233,87306,1492808902749468957,/fluid_pressure,105960.0,0.0
1492808902823591497,87307,1492808902823468957,/fluid_pressure,105980.007812,0.0
1492808902896564773,87308,1492808902898468957,/fluid_pressure,105960.0,0.0
1492808902971717638,87309,1492808902972468957,/fluid_pressure,105940.0,0.0
1492808903046096116,87310,1492808903046468957,/fluid_pressure,105900.0,0.0
1492808903120128162,87311,1492808903121468957,/fluid_pressure,105880.007812,0.0
1492808903193804062,87312,1492808903195468957,/fluid_pressure,105869.992188,0.0
1492808903269361723,87313,1492808903269468957,/fluid_pressure,105890.0,0.0
1492808903342723563,87314,1492808903343468957,/fluid_pressure,105930.007812,0.0
1492808903417587829,87315,1492808903418468957,/fluid_pressure,105950.0,0.0
1492808903490853926,87316,1492808903492468957,/fluid_pressure,106000.0,0.0
1492808903566293662,87317,1492808903566468957,/fluid_pressure,106019.992188,0.0
1492808903639552970,87318,1492808903641468957,/fluid_pressure,105980.007812,0.0
1492808903713974807,87319,1492808903715468957,/fluid_pressure,106010.0,0.0
1492808903788098721,87320,1492808903789468957,/fluid_pressure,105969.992188,0.0
1492808903863353024,87321,1492808903863468957,/fluid_pressure,106019.992188,0.0
1492808903937460578,87322,1492808903938468957,/fluid_pressure,106010.0,0.0
1492808904011544674,87323,1492808904012468957,/fluid_pressure,106060.0,0.0
1492808904085842575,87324,1492808904086468957,/fluid_pressure,106050.0,0.0
1492808904160375454,87325,1492808904160468957,/fluid_pressure,106010.0,0.0
1492808904233577341,87326,1492808904235468957,/fluid_pressure,106000.0,0.0
1492808904307961322,87327,1492808904309468957,/fluid_pressure,106040.0,0.0
1492808904383145976,87328,1492808904383468957,/fluid_pressure,105990.0,0.0
1492808904457260496,87329,1492808904457468957,/fluid_pressure,105900.0,0.0
1492808904531339430,87330,1492808904532468957,/fluid_pressure,105960.0,0.0
1492808904604694064,87331,1492808904606468957,/fluid_pressure,105960.0,0.0
1492808904679787266,87332,1492808904680468957,/fluid_pressure,105930.007812,0.0
1492808904753759777,87333,1492808904755468957,/fluid_pressure,105910.0,0.0
1492808904828086331,87334,1492808904829468957,/fluid_pressure,105900.0,0.0
1492808904903083849,87335,1492808904903468957,/fluid_pressure,105969.992188,0.0
1492808904977414652,87336,1492808904977468957,/fluid_pressure,105919.992188,0.0
1492808905050711894,87337,1492808905052468957,/fluid_pressure,105950.0,0.0
1492808905125153447,87338,1492808905126468957,/fluid_pressure,106019.992188,0.0
1492808905200355909,87339,1492808905200468957,/fluid_pressure,105990.0,0.0
1492808905274130475,87340,1492808905275329982,/fluid_pressure,106000.0,0.0
1492808905348536588,87341,1492808905350329982,/fluid_pressure,106000.0,0.0
1492808905421534062,87342,1492808905424329982,/fluid_pressure,105960.0,0.0
1492808905497265190,87343,1492808905498329982,/fluid_pressure,106010.0,0.0
1492808905570738513,87344,1492808905572329982,/fluid_pressure,106030.007812,0.0
1492808905644704156,87345,1492808905647329982,/fluid_pressure,106010.0,0.0
1492808905719994526,87346,1492808905721329982,/fluid_pressure,105980.007812,0.0
1492808905793929464,87347,1492808905795329982,/fluid_pressure,105930.007812,0.0
1492808905868239479,87348,1492808905870329982,/fluid_pressure,105990.0,0.0
1492808905942211821,87349,1492808905944329982,/fluid_pressure,105950.0,0.0
1492808906017028009,87350,1492808906018329982,/fluid_pressure,105869.992188,0.0
1492808906090835690,87351,1492808906092329982,/fluid_pressure,105950.0,0.0
1492808906165211563,87352,1492808906167329982,/fluid_pressure,105980.007812,0.0
1492808906240691608,87353,1492808906241329982,/fluid_pressure,105940.0,0.0
1492808906313960869,87354,1492808906315329982,/fluid_pressure,105880.007812,0.0
1492808906387836460,87355,1492808906389329982,/fluid_pressure,106000.0,0.0
1492808906461994318,87356,1492808906464329982,/fluid_pressure,105950.0,0.0
1492808906536677531,87357,1492808906538329982,/fluid_pressure,105969.992188,0.0
1492808906610895528,87358,1492808906612329982,/fluid_pressure,105980.007812,0.0
1492808906685482239,87359,1492808906686329982,/fluid_pressure,106010.0,0.0
1492808906758827665,87360,1492808906761329982,/fluid_pressure,106010.0,0.0
1492808906833853120,87361,1492808906835329982,/fluid_pressure,105990.0,0.0
1492808906908581907,87362,1492808906909329982,/fluid_pressure,106010.0,0.0
1492808906982218975,87363,1492808906984329982,/fluid_pressure,106030.007812,0.0
1492808907056173877,87364,1492808907058329982,/fluid_pressure,106000.0,0.0
1492808907130684930,87365,1492808907132329982,/fluid_pressure,106019.992188,0.0
1492808907205024541,87366,1492808907206329982,/fluid_pressure,105960.0,0.0
1492808907279134963,87367,1492808907281329982,/fluid_pressure,105969.992188,0.0
1492808907354424946,87368,1492808907355329982,/fluid_pressure,105910.0,0.0
1492808907428459300,87369,1492808907429329982,/fluid_pressure,105960.0,0.0
1492808907501831613,87370,1492808907503329982,/fluid_pressure,105940.0,0.0
1492808907576113713,87371,1492808907578329982,/fluid_pressure,105919.992188,0.0
1492808907651110983,87372,1492808907652329982,/fluid_pressure,105910.0,0.0
1492808907724525304,87373,1492808907726329982,/fluid_pressure,105910.0,0.0
1492808907799221931,87374,1492808907800904024,/fluid_pressure,105910.0,0.0
1492808907873026831,87375,1492808907874904024,/fluid_pressure,105910.0,0.0
1492808907948121475,87376,1492808907948904024,/fluid_pressure,105890.0,0.0
1492808908022190386,87377,1492808908022904024,/fluid_pressure,105990.0,0.0
1492808908095583903,87378,1492808908097904024,/fluid_pressure,105930.007812,0.0
1492808908171388473,87379,1492808908171904024,/fluid_pressure,106010.0,0.0
1492808908245391777,87380,1492808908245904024,/fluid_pressure,106000.0,0.0
1492808908319187233,87381,1492808908319904024,/fluid_pressure,106040.0,0.0
1492808908393356430,87382,1492808908394904024,/fluid_pressure,106040.0,0.0
1492808908467607446,87383,1492808908468904024,/fluid_pressure,106019.992188,0.0
1492808908541910889,87384,1492808908542904024,/fluid_pressure,106030.007812,0.0
1492808908616190942,87385,1492808908616904024,/fluid_pressure,106000.0,0.0
1492808908689945420,87386,1492808908691904024,/fluid_pressure,106050.0,0.0
1492808908765067279,87387,1492808908765904024,/fluid_pressure,106060.0,0.0
1492808908838640815,87388,1492808908839904024,/fluid_pressure,106019.992188,0.0
1492808908912988626,87389,1492808908913904024,/fluid_pressure,106010.0,0.0
1492808908986968377,87390,1492808908988904024,/fluid_pressure,105990.0,0.0
1492808909061619356,87391,1492808909062904024,/fluid_pressure,105930.007812,0.0
1492808909136208907,87392,1492808909136904024,/fluid_pressure,105940.0,0.0
1492808909209638655,87393,1492808909211904024,/fluid_pressure,105960.0,0.0
1492808909285314549,87394,1492808909285904024,/fluid_pressure,105910.0,0.0
1492808909359574428,87395,1492808909359904024,/fluid_pressure,105980.007812,0.0
1492808909433332253,87396,1492808909433904024,/fluid_pressure,105960.0,0.0
1492808909506847732,87397,1492808909508904024,/fluid_pressure,105940.0,0.0
1492808909582297127,87398,1492808909582904024,/fluid_pressure,105969.992188,0.0
1492808909656367520,87399,1492808909656904024,/fluid_pressure,105990.0,0.0
1492808909730431216,87400,1492808909730904024,/fluid_pressure,105980.007812,0.0
1492808909803800457,87401,1492808909805904024,/fluid_pressure,105990.0,0.0
1492808909878680182,87402,1492808909879904024,/fluid_pressure,105969.992188,0.0
1492808909952661603,87403,1492808909953904024,/fluid_pressure,106030.007812,0.0
1492808910026637332,87404,1492808910028904024,/fluid_pressure,105969.992188,0.0
1492808910101646676,87405,1492808910102904024,/fluid_pressure,106010.0,0.0
1492808910176101292,87406,1492808910176904024,/fluid_pressure,106050.0,0.0
1492808910249824961,87407,1492808910250904024,/fluid_pressure,106010.0,0.0
1492808910323713877,87408,1492808910324977075,/fluid_pressure,105980.007812,0.0
1492808910399126284,87409,1492808910398977075,/fluid_pressure,106000.0,0.0
1492808910473129721,87410,1492808910472977075,/fluid_pressure,105990.0,0.0
1492808910546807152,87411,1492808910546977075,/fluid_pressure,105950.0,0.0
1492808910620764057,87412,1492808910621977075,/fluid_pressure,105969.992188,0.0
1492808910696536612,87413,1492808910695977075,/fluid_pressure,105900.0,0.0
1492808910770402836,87414,1492808910769977075,/fluid_pressure,105919.992188,0.0
1492808910844344388,87415,1492808910844977075,/fluid_pressure,105880.007812,0.0
1492808910918159979,87416,1492808910918977075,/fluid_pressure,105969.992188,0.0
1492808910993383268,87417,1492808910992977075,/fluid_pressure,105950.0,0.0
1492808911067237199,87418,1492808911066977075,/fluid_pressure,105919.992188,0.0
1492808911141517240,87419,1492808911141977075,/fluid_pressure,105910.0,0.0
1492808911216530369,87420,1492808911215977075,/fluid_pressure,105980.007812,0.0
1492808911289540843,87421,1492808911289977075,/fluid_pressure,105980.007812,0.0
1492808911364358451,87422,1492808911363977075,/fluid_pressure,106000.0,0.0
1492808911438464985,87423,1492808911438977075,/fluid_pressure,105960.0,0.0
1492808911512670343,87424,1492808911512977075,/fluid_pressure,106030.007812,0.0
1492808911586584934,87425,1492808911586977075,/fluid_pressure,105960.0,0.0
1492808911661361754,87426,1492808911660977075,/fluid_pressure,106040.0,0.0
1492808911736132907,87427,1492808911735977075,/fluid_pressure,106000.0,0.0
1492808911809987076,87428,1492808911809977075,/fluid_pressure,105940.0,0.0
1492808911883979719,87429,1492808911883977075,/fluid_pressure,105980.007812,0.0
1492808911958370035,87430,1492808911957977075,/fluid_pressure,105860.0,0.0
1492808912032713426,87431,1492808912032977075,/fluid_pressure,106069.992188,0.0
1492808912107572286,87432,1492808912106977075,/fluid_pressure,105980.007812,0.0
1492808912180953373,87433,1492808912180977075,/fluid_pressure,105869.992188,0.0
1492808912254934786,87434,1492808912255977075,/fluid_pressure,105930.007812,0.0
1492808912329609515,87435,1492808912329977075,/fluid_pressure,105940.0,0.0
1492808912404497089,87436,1492808912403977075,/fluid_pressure,105950.0,0.0
1492808912478290326,87437,1492808912477977075,/fluid_pressure,105950.0,0.0
1492808912552140997,87438,1492808912552977075,/fluid_pressure,105969.992188,0.0
1492808912626757783,87439,1492808912626977075,/fluid_pressure,105919.992188,0.0
1492808912700696874,87440,1492808912700977075,/fluid_pressure,105910.0,0.0
1492808912774747373,87441,1492808912774977075,/fluid_pressure,105990.0,0.0
1492808912849885355,87442,1492808912849671041,/fluid_pressure,105990.0,0.0
1492808912923636213,87443,1492808912923671041,/fluid_pressure,105980.007812,0.0
1492808912997843945,87444,1492808912997671041,/fluid_pressure,106050.0,0.0
1492808913072374759,87445,1492808913072671041,/fluid_pressure,105910.0,0.0
1492808913147555422,87446,1492808913146671041,/fluid_pressure,105950.0,0.0
1492808913220745739,87447,1492808913220671041,/fluid_pressure,106000.0,0.0
1492808913295134914,87448,1492808913294671041,/fluid_pressure,105930.007812,0.0
1492808913369535043,87449,1492808913369671041,/fluid_pressure,105980.007812,0.0
1492808913443677574,87450,1492808913443671041,/fluid_pressure,106010.0,0.0
1492808913517572004,87451,1492808913517671041,/fluid_pressure,105990.0,0.0
1492808913592559564,87452,1492808913591671041,/fluid_pressure,105869.992188,0.0
1492808913666405800,87453,1492808913666671041,/fluid_pressure,105950.0,0.0
1492808913741421838,87454,1492808913740671041,/fluid_pressure,105950.0,0.0
1492808913815100807,87455,1492808913814671041,/fluid_pressure,105960.0,0.0
1492808913888687407,87456,1492808913888671041,/fluid_pressure,105940.0,0.0
1492808913963714573,87457,1492808913963671041,/fluid_pressure,105990.0,0.0
1492808914038213695,87458,1492808914037671041,/fluid_pressure,106000.0,0.0
1492808914112649717,87459,1492808914111671041,/fluid_pressure,105980.007812,0.0
1492808914186185988,87460,1492808914185671041,/fluid_pressure,106019.992188,0.0
1492808914261510272,87461,1492808914260671041,/fluid_pressure,105969.992188,0.0
1492808914335004994,87462,1492808914334671041,/fluid_pressure,105969.992188,0.0
1492808914409174416,87463,1492808914408671041,/fluid_pressure,105919.992188,0.0
1492808914482759647,87464,1492808914483671041,/fluid_pressure,105950.0,0.0
1492808914557698177,87465,1492808914557671041,/fluid_pressure,105869.992188,0.0
1492808914632017467,87466,1492808914631671041,/fluid_pressure,105930.007812,0.0
1492808914706571269,87467,1492808914705671041,/fluid_pressure,105910.0,0.0
1492808914779633038,87468,1492808914780671041,/fluid_pressure,105880.007812,0.0
1492808914855638368,87469,1492808914854671041,/fluid_pressure,105840.0,0.0
1492808914928617826,87470,1492808914928671041,/fluid_pressure,105919.992188,0.0
1492808915002931283,87471,1492808915002671041,/fluid_pressure,105950.0,0.0
1492808915078630994,87472,1492808915077671041,/fluid_pressure,105930.007812,0.0
1492808915152375901,87473,1492808915151671041,/fluid_pressure,105980.007812,0.0
1492808915225576834,87474,1492808915225671041,/fluid_pressure,106080.007812,0.0
1492808915300495606,87475,1492808915299671041,/fluid_pressure,106000.0,0.0
1492808915375253523,87476,1492808915374711906,/fluid_pressure,106040.0,0.0
1492808915449565257,87477,1492808915448711906,/fluid_pressure,106030.007812,0.0
1492808915523345842,87478,1492808915522711906,/fluid_pressure,105950.0,0.0
1492808915597031125,87479,1492808915597711906,/fluid_pressure,106000.0,0.0
1492808915672284329,87480,1492808915671711906,/fluid_pressure,106019.992188,0.0
1492808915746529489,87481,1492808915745711906,/fluid_pressure,105980.007812,0.0
1492808915819582167,87482,1492808915819711906,/fluid_pressure,105940.0,0.0
1492808915894826636,87483,1492808915894711906,/fluid_pressure,105930.007812,0.0
1492808915969235369,87484,1492808915968711906,/fluid_pressure,105900.0,0.0
1492808916042941233,87485,1492808916042711906,/fluid_pressure,105869.992188,0.0
1492808916117239254,87486,1492808916116711906,/fluid_pressure,105840.0,0.0
1492808916192587831,87487,1492808916191711906,/fluid_pressure,105890.0,0.0
1492808916266221619,87488,1492808916265711906,/fluid_pressure,105869.992188,0.0
1492808916340075233,87489,1492808916339711906,/fluid_pressure,105919.992188,0.0
1492808916414521322,87490,1492808916413711906,/fluid_pressure,105940.0,0.0
1492808916489173774,87491,1492808916488711906,/fluid_pressure,105910.0,0.0
1492808916562868243,87492,1492808916562711906,/fluid_pressure,106030.007812,0.0
1492808916636966075,87493,1492808916636711906,/fluid_pressure,105969.992188,0.0
1492808916710773925,87494,1492808916711711906,/fluid_pressure,105960.0,0.0
1492808916785765673,87495,1492808916785711906,/fluid_pressure,105930.007812,0.0
1492808916860422813,87496,1492808916859711906,/fluid_pressure,105980.007812,0.0
1492808916933783079,87497,1492808916933711906,/fluid_pressure,105940.0,0.0
1492808917009638422,87498,1492808917008711906,/fluid_pressure,105919.992188,0.0
1492808917083089213,87499,1492808917082711906,/fluid_pressure,105940.0,0.0
1492808917157236919,87500,1492808917156711906,/fluid_pressure,105910.0,0.0
1492808917231590556,87501,1492808917230711906,/fluid_pressure,105919.992188,0.0
1492808917306377770,87502,1492808917305711906,/fluid_pressure,105890.0,0.0
1492808917380488691,87503,1492808917379711906,/fluid_pressure,105880.007812,0.0
1492808917454322884,87504,1492808917453711906,/fluid_pressure,105850.0,0.0
1492808917529385717,87505,1492808917528711906,/fluid_pressure,105880.007812,0.0
1492808917603241238,87506,1492808917602711906,/fluid_pressure,105800.0,0.0
1492808917677591189,87507,1492808917676711906,/fluid_pressure,105810.0,0.0
1492808917751172985,87508,1492808917750711906,/fluid_pressure,105840.0,0.0
1492808917826633354,87509,1492808917825711906,/fluid_pressure,105880.007812,0.0
1492808917899949932,87510,1492808917901374971,/fluid_pressure,105890.0,0.0
1492808917974197735,87511,1492808917975374971,/fluid_pressure,105880.007812,0.0
1492808918048023992,87512,1492808918049374971,/fluid_pressure,105890.0,0.0
1492808918123262039,87513,1492808918124374971,/fluid_pressure,105900.0,0.0
1492808918196735745,87514,1492808918198374971,/fluid_pressure,105850.0,0.0
