%time,field.header.seq,field.header.stamp,field.header.frame_id,field.status.status,field.status.service,field.latitude,field.longitude,field.altitude,field.position_covariance0,field.position_covariance1,field.position_covariance2,field.position_covariance3,field.position_covariance4,field.position_covariance5,field.position_covariance6,field.position_covariance7,field.position_covariance8,field.position_covariance_type
1492808844411574816,6423,1492808844411288976,robot_frame,0,1,33.4610793333,-117.7060845,-35.1,0.7921,0.0,0.0,0.0,0.7921,0.0,0.0,0.0,3.1684,1
1492808845414260181,6424,1492808845414031982,robot_frame,0,1,33.4610778333,-117.706083333,-35.0,0.7921,0.0,0.0,0.0,0.7921,0.0,0.0,0.0,3.1684,1
1492808846415057820,6425,1492808846414855003,robot_frame,0,1,33.4610758333,-117.7060825,-35.1,0.7921,0.0,0.0,0.0,0.7921,0.0,0.0,0.0,3.1684,1
1492808847413840672,6426,1492808847413660049,robot_frame,0,1,33.4610746667,-117.706081,-35.0,0.7921,0.0,0.0,0.0,0.7921,0.0,0.0,0.0,3.1684,1
1492808848411857788,6427,1492808848411570072,robot_frame,0,1,33.4610738333,-117.706080667,-35.0,0.7921,0.0,0.0,0.0,0.7921,0.0,0.0,0.0,3.1684,1
1492808849414560228,6428,1492808849414316892,robot_frame,0,1,33.4610705,-117.706081,-35.1,0.7921,0.0,0.0,0.0,0.7921,0.0,0.0,0.0,3.1684,1
1492808850416310033,6429,1492808850416105985,robot_frame,0,1,33.4610675,-117.706082167,-35.3,0.7921,0.0,0.0,0.0,0.7921,0.0,0.0,0.0,3.1684,1
1492808851416046379,6430,1492808851415854930,robot_frame,0,1,33.4610663333,-117.706081833,-35.2,0.7921,0.0,0.0,0.0,0.7921,0.0,0.0,0.0,3.1684,1
1492808852415982425,6431,1492808852415755033,robot_frame,0,1,33.4610648333,-117.706082833,-35.2,0.7921,0.0,0.0,0.0,0.7921,0.0,0.0,0.0,3.1684,1
1492808853414820491,6432,1492808853414593935,robot_frame,0,1,33.4610625,-117.706085,-35.3,0.7921,0.0,0.0,0.0,0.7921,0.0,0.0,0.0,3.1684,1
1492808854413626422,6433,1492808854413428068,robot_frame,0,1,33.461061,-117.706087167,-35.2,0.7921,0.0,0.0,0.0,0.7921,0.0,0.0,0.0,3.1684,1
1492808855411411592,6434,1492808855411148071,robot_frame,0,1,33.4610588333,-117.70609,-35.2,0.7921,0.0,0.0,0.0,0.7921,0.0,0.0,0.0,3.1684,1
1492808856414265023,6435,1492808856414077997,robot_frame,0,1,33.4610565,-117.7060935,-35.3,0.7921,0.0,0.0,0.0,0.7921,0.0,0.0,0.0,3.1684,1
1492808857415031335,6436,1492808857414799928,robot_frame,0,1,33.4610536667,-117.7060975,-35.4,0.7921,0.0,0.0,0.0,0.7921,0.0,0.0,0.0,3.1684,1
1492808858414906577,6437,1492808858414566040,robot_frame,0,1,33.461051,-117.7061025,-35.5,0.7921,0.0,0.0,0.0,0.7921,0.0,0.0,0.0,3.1684,1
1492808859416643703,6438,1492808859416357994,robot_frame,0,1,33.4610476667,-117.7061075,-35.5,0.7921,0.0,0.0,0.0,0.7921,0.0,0.0,0.0,3.1684,1
1492808860415309947,6439,1492808860415088891,robot_frame,0,1,33.4610466667,-117.706112667,-35.5,0.7921,0.0,0.0,0.0,0.7921,0.0,0.0,0.0,3.1684,1
1492808861414207440,6440,1492808861414000988,robot_frame,0,1,33.4610445,-117.7061185,-35.5,0.7921,0.0,0.0,0.0,0.7921,0.0,0.0,0.0,3.1684,1
1492808862413916882,6441,1492808862413774013,robot_frame,0,1,33.4610413333,-117.706124833,-35.4,0.7921,0.0,0.0,0.0,0.7921,0.0,0.0,0.0,3.1684,1
1492808863426688506,6442,1492808863426496028,robot_frame,0,1,33.4610386667,-117.7061315,-35.4,0.7921,0.0,0.0,0.0,0.7921,0.0,0.0,0.0,3.1684,1
1492808864426626265,6443,1492808864426335096,robot_frame,0,1,33.4610363333,-117.706139167,-35.4,0.7921,0.0,0.0,0.0,0.7921,0.0,0.0,0.0,3.1684,1
1492808865425431465,6444,1492808865425203084,robot_frame,0,1,33.461032,-117.706146667,-35.3,0.7921,0.0,0.0,0.0,0.7921,0.0,0.0,0.0,3.1684,1
1492808866410275771,6445,1492808866410010099,robot_frame,0,1,33.4610233333,-117.706158,-35.4,0.7921,0.0,0.0,0.0,0.7921,0.0,0.0,0.0,3.1684,1
1492808867412092094,6446,1492808867411890983,robot_frame,0,1,33.4610261667,-117.7061615,-35.3,0.9025,0.0,0.0,0.0,0.9025,0.0,0.0,0.0,3.61,1
1492808868411919027,6447,1492808868411683082,robot_frame,0,1,33.4610353333,-117.706155667,-35.1,0.8649,0.0,0.0,0.0,0.8649,0.0,0.0,0.0,3.4596,1
1492808869413642576,6448,1492808869413387060,robot_frame,0,1,33.461024,-117.706156333,-35.2,1.1881,0.0,0.0,0.0,1.1881,0.0,0.0,0.0,4.7524,1
1492808870413397824,6449,1492808870413192033,robot_frame,0,1,33.4610125,-117.706162167,-34.4,1.1881,0.0,0.0,0.0,1.1881,0.0,0.0,0.0,4.7524,1
1492808871429338973,6450,1492808871429022073,robot_frame,0,1,33.4610003333,-117.706167,-34.8,0.9025,0.0,0.0,0.0,0.9025,0.0,0.0,0.0,3.61,1
1492808872427053340,6451,1492808872426852941,robot_frame,0,1,33.46099,-117.706169,-35.5,0.7921,0.0,0.0,0.0,0.7921,0.0,0.0,0.0,3.1684,1
1492808873425879728,6452,1492808873425688028,robot_frame,0,1,33.46098,-117.706169,-35.1,0.7921,0.0,0.0,0.0,0.7921,0.0,0.0,0.0,3.1684,1
1492808874427685113,6453,1492808874427449941,robot_frame,0,1,33.4609711667,-117.706166167,-35.3,0.7921,0.0,0.0,0.0,0.7921,0.0,0.0,0.0,3.1684,1
1492808875429527307,6454,1492808875429332971,robot_frame,0,1,33.4609636667,-117.706161667,-35.7,0.7921,0.0,0.0,0.0,0.7921,0.0,0.0,0.0,3.1684,1
1492808876417315898,6455,1492808876417078018,robot_frame,0,1,33.4609571667,-117.706160167,-35.9,0.7921,0.0,0.0,0.0,0.7921,0.0,0.0,0.0,3.1684,1
1492808877415047771,6456,1492808877414885997,robot_frame,0,1,33.4609521667,-117.7061545,-35.8,0.7921,0.0,0.0,0.0,0.7921,0.0,0.0,0.0,3.1684,1
1492808878428932763,6457,1492808878428685903,robot_frame,0,1,33.4609478333,-117.7061475,-36.0,0.7921,0.0,0.0,0.0,0.7921,0.0,0.0,0.0,3.1684,1
1492808879427655752,6458,1492808879427455902,robot_frame,0,1,33.4609456667,-117.706139167,-36.0,0.7921,0.0,0.0,0.0,0.7921,0.0,0.0,0.0,3.1684,1
1492808880428430654,6459,1492808880428220033,robot_frame,0,1,33.4609408333,-117.706131,-36.3,0.7921,0.0,0.0,0.0,0.7921,0.0,0.0,0.0,3.1684,1
1492808881426319816,6460,1492808881426096916,robot_frame,0,1,33.4609365,-117.706123,-36.5,0.7921,0.0,0.0,0.0,0.7921,0.0,0.0,0.0,3.1684,1
1492808882427148226,6461,1492808882426868915,robot_frame,0,1,33.46093,-117.7061105,-36.4,0.7921,0.0,0.0,0.0,0.7921,0.0,0.0,0.0,3.1684,1
1492808883429884151,6462,1492808883429672956,robot_frame,0,1,33.4609248333,-117.706098833,-36.4,0.7921,0.0,0.0,0.0,0.7921,0.0,0.0,0.0,3.1684,1
1492808884425817014,6463,1492808884425601959,robot_frame,0,1,33.4609195,-117.706086667,-36.0,0.7921,0.0,0.0,0.0,0.7921,0.0,0.0,0.0,3.1684,1
1492808885429686463,6464,1492808885429459095,robot_frame,0,1,33.4609138333,-117.706074333,-36.2,0.7921,0.0,0.0,0.0,0.7921,0.0,0.0,0.0,3.1684,1
1492808886428429223,6465,1492808886428266048,robot_frame,0,1,33.4609086667,-117.706061833,-36.1,0.7921,0.0,0.0,0.0,0.7921,0.0,0.0,0.0,3.1684,1
1492808887427262487,6466,1492808887427067041,robot_frame,0,1,33.460904,-117.706049833,-35.9,0.7921,0.0,0.0,0.0,0.7921,0.0,0.0,0.0,3.1684,1
1492808888426988481,6467,1492808888426779031,robot_frame,0,1,33.4608993333,-117.706037833,-35.9,0.7921,0.0,0.0,0.0,0.7921,0.0,0.0,0.0,3.1684,1
1492808889427836176,6468,1492808889427594900,robot_frame,0,1,33.4608955,-117.706025333,-35.9,0.7921,0.0,0.0,0.0,0.7921,0.0,0.0,0.0,3.1684,1
1492808890429629741,6469,1492808890429438114,robot_frame,0,1,33.4608921667,-117.706013,-36.0,0.7921,0.0,0.0,0.0,0.7921,0.0,0.0,0.0,3.1684,1
1492808891429306286,6470,1492808891429092884,robot_frame,0,1,33.4608878333,-117.706001333,-36.1,0.7921,0.0,0.0,0.0,0.7921,0.0,0.0,0.0,3.1684,1
1492808892428160123,6471,1492808892427941083,robot_frame,0,1,33.4608846667,-117.705988167,-36.0,0.7921,0.0,0.0,0.0,0.7921,0.0,0.0,0.0,3.1684,1
1492808893431097464,6472,1492808893430840015,robot_frame,0,1,33.4608805,-117.7059755,-35.8,0.7921,0.0,0.0,0.0,0.7921,0.0,0.0,0.0,3.1684,1
1492808894426840548,6473,1492808894426642894,robot_frame,0,1,33.4608765,-117.705963333,-35.8,0.7921,0.0,0.0,0.0,0.7921,0.0,0.0,0.0,3.1684,1
1492808895425617033,6474,1492808895425410032,robot_frame,0,1,33.4608718333,-117.705951667,-35.8,0.7921,0.0,0.0,0.0,0.7921,0.0,0.0,0.0,3.1684,1
1492808896426553483,6475,1492808896426300048,robot_frame,0,1,33.4608691667,-117.705938833,-35.9,0.7921,0.0,0.0,0.0,0.7921,0.0,0.0,0.0,3.1684,1
1492808897431294840,6476,1492808897431083917,robot_frame,0,1,33.460866,-117.705926667,-36.2,0.7921,0.0,0.0,0.0,0.7921,0.0,0.0,0.0,3.1684,1
1492808898427181226,6477,1492808898426964044,robot_frame,0,1,33.4608636667,-117.705915333,-36.5,0.7921,0.0,0.0,0.0,0.7921,0.0,0.0,0.0,3.1684,1
1492808899429011916,6478,1492808899428792953,robot_frame,0,1,33.4608605,-117.705905833,-36.5,0.7921,0.0,0.0,0.0,0.7921,0.0,0.0,0.0,3.1684,1
1492808900427699486,6479,1492808900427479982,robot_frame,0,1,33.4608588333,-117.705896333,-36.8,0.7921,0.0,0.0,0.0,0.7921,0.0,0.0,0.0,3.1684,1
1492808901429489580,6480,1492808901429282903,robot_frame,0,1,33.4608585,-117.705887167,-36.9,0.7921,0.0,0.0,0.0,0.7921,0.0,0.0,0.0,3.1684,1
1492808902416303589,6481,1492808902416129112,robot_frame,0,1,33.4608571667,-117.705879333,-37.2,0.7921,0.0,0.0,0.0,0.7921,0.0,0.0,0.0,3.1684,1
1492808903417320563,6482,1492808903417079925,robot_frame,0,1,33.4608571667,-117.705871833,-37.1,0.7921,0.0,0.0,0.0,0.7921,0.0,0.0,0.0,3.1684,1
1492808904416896874,6483,1492808904416724920,robot_frame,0,1,33.4608558333,-117.705865667,-37.1,0.7921,0.0,0.0,0.0,0.7921,0.0,0.0,0.0,3.1684,1
1492808905416928043,6484,1492808905416656017,robot_frame,0,1,33.4608565,-117.70586,-36.9,0.7921,0.0,0.0,0.0,0.7921,0.0,0.0,0.0,3.1684,1
1492808906413665791,6485,1492808906413409948,robot_frame,0,1,33.4608586667,-117.705854667,-36.9,0.7921,0.0,0.0,0.0,0.7921,0.0,0.0,0.0,3.1684,1
1492808907417556839,6486,1492808907417296886,robot_frame,0,1,33.4608603333,-117.705850333,-36.8,0.7921,0.0,0.0,0.0,0.7921,0.0,0.0,0.0,3.1684,1
1492808908415317056,6487,1492808908415086984,robot_frame,0,1,33.4608618333,-117.705846333,-36.9,0.7921,0.0,0.0,0.0,0.7921,0.0,0.0,0.0,3.1684,1
1492808909415179407,6488,1492808909414912939,robot_frame,0,1,33.4608615,-117.705842667,-36.9,0.8649,0.0,0.0,0.0,0.8649,0.0,0.0,0.0,3.4596,1
1492808910416978390,6489,1492808910416713953,robot_frame,0,1,33.4608603333,-117.7058415,-36.9,0.8649,0.0,0.0,0.0,0.8649,0.0,0.0,0.0,3.4596,1
1492808911416826490,6490,1492808911416512966,robot_frame,0,1,33.4608625,-117.7058395,-36.8,0.8649,0.0,0.0,0.0,0.8649,0.0,0.0,0.0,3.4596,1
1492808912418573389,6491,1492808912418304920,robot_frame,0,1,33.4608631667,-117.705839667,-37.0,0.8649,0.0,0.0,0.0,0.8649,0.0,0.0,0.0,3.4596,1
1492808913413356427,6492,1492808913413146972,robot_frame,0,1,33.460863,-117.705841167,-37.2,0.8649,0.0,0.0,0.0,0.8649,0.0,0.0,0.0,3.4596,1
1492808914415151639,6493,1492808914414954900,robot_frame,0,1,33.4608621667,-117.7058425,-37.2,0.8649,0.0,0.0,0.0,0.8649,0.0,0.0,0.0,3.4596,1
1492808915415097497,6494,1492808915414814949,robot_frame,0,1,33.4608596667,-117.705846,-37.1,0.8649,0.0,0.0,0.0,0.8649,0.0,0.0,0.0,3.4596,1
1492808916415870807,6495,1492808916415581941,robot_frame,0,1,33.4608565,-117.705849333,-37.2,0.8649,0.0,0.0,0.0,0.8649,0.0,0.0,0.0,3.4596,1
1492808917413630408,6496,1492808917413363933,robot_frame,0,1,33.4608533333,-117.705853,-37.3,0.8649,0.0,0.0,0.0,0.8649,0.0,0.0,0.0,3.4596,1
