%time,field.header.seq,field.header.stamp,field.header.frame_id,field.temperature,field.variance
1492808843565861854,7660,1492808843567339017,/temperature,15.5305557251,0.0
1492808843641587106,7661,1492808843642339017,/temperature,15.5392885208,0.0
1492808843715300308,7662,1492808843716339017,/temperature,15.5392885208,0.0
1492808843789232182,7663,1492808843790339017,/temperature,15.5392885208,0.0
1492808843863034687,7664,1492808843864339017,/temperature,15.5305557251,0.0
1492808843938653782,7665,1492808843939339017,/temperature,15.5305557251,0.0
1492808844012066869,7666,1492808844013339017,/temperature,15.5305557251,0.0
1492808844085677029,7667,1492808844087339017,/temperature,15.5392885208,0.0
1492808844160223186,7668,1492808844161339017,/temperature,15.5305557251,0.0
1492808844235165505,7669,1492808844235339017,/temperature,15.5305557251,0.0
1492808844309042449,7670,1492808844310339017,/temperature,15.5392885208,0.0
1492808844382949983,7671,1492808844384339017,/temperature,15.5392885208,0.0
1492808844457476265,7672,1492808844458339017,/temperature,15.5392885208,0.0
1492808844531599128,7673,1492808844532339017,/temperature,15.5392885208,0.0
1492808844606379571,7674,1492808844607339017,/temperature,15.5392885208,0.0
1492808844679552559,7675,1492808844680640933,/temperature,15.5392885208,0.0
1492808844754436996,7676,1492808844754640933,/temperature,15.5305557251,0.0
1492808844829514910,7677,1492808844829640933,/temperature,15.5305557251,0.0
1492808844903020612,7678,1492808844903640933,/temperature,15.5392885208,0.0
1492808844977260662,7679,1492808844977640933,/temperature,15.5392885208,0.0
1492808845052406188,7680,1492808845051640933,/temperature,15.5392885208,0.0
1492808845126297451,7681,1492808845126640933,/temperature,15.5305557251,0.0
1492808845200334125,7682,1492808845200640933,/temperature,15.5392885208,0.0
1492808845274055887,7683,1492808845274640933,/temperature,15.5392885208,0.0
1492808845349539669,7684,1492808845348640933,/temperature,15.5392885208,0.0
1492808845423531233,7685,1492808845423640933,/temperature,15.5392885208,0.0
1492808845496908216,7686,1492808845497640933,/temperature,15.5305557251,0.0
1492808845570667018,7687,1492808845571640933,/temperature,15.5305557251,0.0
1492808845645754875,7688,1492808845645640933,/temperature,15.5392885208,0.0
1492808845719950588,7689,1492808845720640933,/temperature,15.5305557251,0.0
1492808845794495612,7690,1492808845794640933,/temperature,15.5305557251,0.0
1492808845867866723,7691,1492808845868640933,/temperature,15.5392885208,0.0
1492808845943623947,7692,1492808845942640933,/temperature,15.5392885208,0.0
1492808846017072412,7693,1492808846017640933,/temperature,15.5305557251,0.0
1492808846090842339,7694,1492808846091640933,/temperature,15.5305557251,0.0
1492808846165401751,7695,1492808846165640933,/temperature,15.5305557251,0.0
1492808846240086335,7696,1492808846239640933,/temperature,15.5305557251,0.0
1492808846314448023,7697,1492808846314640933,/temperature,15.5305557251,0.0
1492808846388125196,7698,1492808846388640933,/temperature,15.5392885208,0.0
1492808846462200238,7699,1492808846462640933,/temperature,15.5392885208,0.0
1492808846536553872,7700,1492808846536640933,/temperature,15.5305557251,0.0
1492808846610730880,7701,1492808846611640933,/temperature,15.5305557251,0.0
1492808846684653468,7702,1492808846685640933,/temperature,15.5305557251,0.0
1492808846758889626,7703,1492808846759640933,/temperature,15.5392885208,0.0
1492808846833829314,7704,1492808846833640933,/temperature,15.5305557251,0.0
1492808846908391064,7705,1492808846908640933,/temperature,15.5305557251,0.0
1492808846981670041,7706,1492808846982640933,/temperature,15.5392885208,0.0
1492808847056661253,7707,1492808847056640933,/temperature,15.5305557251,0.0
1492808847130934709,7708,1492808847130640933,/temperature,15.5305557251,0.0
1492808847205190827,7709,1492808847206728052,/temperature,15.5305557251,0.0
1492808847279358074,7710,1492808847280728052,/temperature,15.5305557251,0.0
1492808847353287453,7711,1492808847354728052,/temperature,15.5305557251,0.0
1492808847428396979,7712,1492808847428728052,/temperature,15.5218229294,0.0
1492808847502561457,7713,1492808847503728052,/temperature,15.5392885208,0.0
1492808847575695465,7714,1492808847577728052,/temperature,15.5305557251,0.0
1492808847650860423,7715,1492808847651728052,/temperature,15.5305557251,0.0
1492808847725544398,7716,1492808847725728052,/temperature,15.5305557251,0.0
1492808847799095254,7717,1492808847800728052,/temperature,15.5305557251,0.0
1492808847872921761,7718,1492808847874728052,/temperature,15.5305557251,0.0
1492808847948067854,7719,1492808847948728052,/temperature,15.5218229294,0.0
1492808848022495537,7720,1492808848022728052,/temperature,15.5305557251,0.0
1492808848096346864,7721,1492808848097728052,/temperature,15.5305557251,0.0
1492808848170127961,7722,1492808848171728052,/temperature,15.5218229294,0.0
1492808848245329451,7723,1492808848245728052,/temperature,15.5218229294,0.0
1492808848319183033,7724,1492808848319728052,/temperature,15.5305557251,0.0
1492808848393671233,7725,1492808848394728052,/temperature,15.5305557251,0.0
1492808848467062634,7726,1492808848468728052,/temperature,15.5218229294,0.0
1492808848542487500,7727,1492808848542728052,/temperature,15.5043563843,0.0
1492808848615876702,7728,1492808848617728052,/temperature,15.5043563843,0.0
1492808848690210586,7729,1492808848691728052,/temperature,15.5218229294,0.0
1492808848763612065,7730,1492808848765728052,/temperature,15.5218229294,0.0
1492808848839521959,7731,1492808848839728052,/temperature,15.5218229294,0.0
1492808848913458248,7732,1492808848914728052,/temperature,15.5043563843,0.0
1492808848987423798,7733,1492808848988728052,/temperature,15.5218229294,0.0
1492808849062320024,7734,1492808849062728052,/temperature,15.5218229294,0.0
1492808849135758118,7735,1492808849136728052,/temperature,15.5305557251,0.0
1492808849209655659,7736,1492808849211728052,/temperature,15.5305557251,0.0
1492808849283759341,7737,1492808849285728052,/temperature,15.4781551361,0.0
1492808849358884477,7738,1492808849359728052,/temperature,15.5218229294,0.0
1492808849432816746,7739,1492808849433728052,/temperature,15.51308918,0.0
1492808849507276761,7740,1492808849508728052,/temperature,15.5218229294,0.0
1492808849582256293,7741,1492808849582728052,/temperature,15.51308918,0.0
1492808849656413567,7742,1492808849656728052,/temperature,15.4956226349,0.0
1492808849729619185,7743,1492808849732316087,/temperature,15.5305557251,0.0
1492808849804124349,7744,1492808849806316087,/temperature,15.5305557251,0.0
1492808849878881334,7745,1492808849880316087,/temperature,15.51308918,0.0
1492808849952828349,7746,1492808849954316087,/temperature,15.51308918,0.0
1492808850027238836,7747,1492808850029316087,/temperature,15.51308918,0.0
1492808850101330272,7748,1492808850103316087,/temperature,15.51308918,0.0
1492808850175721070,7749,1492808850177316087,/temperature,15.5480213165,0.0
1492808850250045014,7750,1492808850252316087,/temperature,15.5305557251,0.0
1492808850323879182,7751,1492808850326316087,/temperature,15.5218229294,0.0
1492808850397757193,7752,1492808850400316087,/temperature,15.5218229294,0.0
1492808850473143553,7753,1492808850474316087,/temperature,15.51308918,0.0
1492808850547192816,7754,1492808850549316087,/temperature,15.51308918,0.0
1492808850620658301,7755,1492808850623316087,/temperature,15.51308918,0.0
1492808850694624435,7756,1492808850697316087,/temperature,15.5043563843,0.0
1492808850770445852,7757,1492808850771316087,/temperature,15.5043563843,0.0
1492808850844387065,7758,1492808850846316087,/temperature,15.5218229294,0.0
1492808850917588654,7759,1492808850920316087,/temperature,15.5043563843,0.0
1492808850993347280,7760,1492808850994316087,/temperature,15.5218229294,0.0
1492808851067323937,7761,1492808851068316087,/temperature,15.5043563843,0.0
1492808851140674435,7762,1492808851143316087,/temperature,15.5043563843,0.0
1492808851215450781,7763,1492808851217316087,/temperature,15.51308918,0.0
1492808851289896004,7764,1492808851291316087,/temperature,15.4956226349,0.0
1492808851363594193,7765,1492808851365316087,/temperature,15.5218229294,0.0
1492808851438478243,7766,1492808851440316087,/temperature,15.5043563843,0.0
1492808851512207781,7767,1492808851514316087,/temperature,15.5043563843,0.0
1492808851586999537,7768,1492808851588316087,/temperature,15.5043563843,0.0
1492808851661341459,7769,1492808851663316087,/temperature,15.5043563843,0.0
1492808851735497160,7770,1492808851737316087,/temperature,15.51308918,0.0
1492808851810531877,7771,1492808851811316087,/temperature,15.5043563843,0.0
1492808851883935946,7772,1492808851885316087,/temperature,15.5043563843,0.0
1492808851957531805,7773,1492808851960316087,/temperature,15.5043563843,0.0
1492808852031557331,7774,1492808852034316087,/temperature,15.5043563843,0.0
1492808852106532265,7775,1492808852108316087,/temperature,15.5043563843,0.0
1492808852180900609,7776,1492808852182316087,/temperature,15.5043563843,0.0
1492808852255190529,7777,1492808852256587099,/temperature,15.51308918,0.0
1492808852329438096,7778,1492808852330587099,/temperature,15.5043563843,0.0
1492808852404555809,7779,1492808852404587099,/temperature,15.5043563843,0.0
1492808852477906129,7780,1492808852479587099,/temperature,15.51308918,0.0
1492808852552587324,7781,1492808852553587099,/temperature,15.4956226349,0.0
1492808852625644293,7782,1492808852627587099,/temperature,15.4956226349,0.0
1492808852701052399,7783,1492808852701587099,/temperature,15.5043563843,0.0
1492808852775149702,7784,1492808852776587099,/temperature,15.5043563843,0.0
1492808852849295804,7785,1492808852850587099,/temperature,15.5043563843,0.0
1492808852923565865,7786,1492808852924587099,/temperature,15.5043563843,0.0
1492808852998557171,7787,1492808852998587099,/temperature,15.51308918,0.0
1492808853072143605,7788,1492808853073587099,/temperature,15.5043563843,0.0
1492808853146114930,7789,1492808853147587099,/temperature,15.5043563843,0.0
1492808853221024149,7790,1492808853221587099,/temperature,15.5043563843,0.0
1492808853294583763,7791,1492808853295587099,/temperature,15.51308918,0.0
1492808853368641483,7792,1492808853370587099,/temperature,15.5043563843,0.0
1492808853443895043,7793,1492808853444587099,/temperature,15.5043563843,0.0
1492808853518073801,7794,1492808853518587099,/temperature,15.5043563843,0.0
1492808853591759244,7795,1492808853593587099,/temperature,15.4956226349,0.0
1492808853665670854,7796,1492808853667587099,/temperature,15.5043563843,0.0
1492808853741351739,7797,1492808853741587099,/temperature,15.4956226349,0.0
1492808853814866588,7798,1492808853815587099,/temperature,15.5043563843,0.0
1492808853889435781,7799,1492808853890587099,/temperature,15.4956226349,0.0
1492808853963182743,7800,1492808853964587099,/temperature,15.5043563843,0.0
1492808854037751180,7801,1492808854038587099,/temperature,15.4956226349,0.0
1492808854112246055,7802,1492808854112587099,/temperature,15.5043563843,0.0
1492808854185627525,7803,1492808854187587099,/temperature,15.51308918,0.0
1492808854259658736,7804,1492808854261587099,/temperature,15.4956226349,0.0
1492808854335399940,7805,1492808854335587099,/temperature,15.5043563843,0.0
1492808854408762020,7806,1492808854409587099,/temperature,15.51308918,0.0
1492808854482957288,7807,1492808854484587099,/temperature,15.4868888855,0.0
1492808854558549244,7808,1492808854558587099,/temperature,15.51308918,0.0
1492808854632248170,7809,1492808854632587099,/temperature,15.5043563843,0.0
1492808854706406467,7810,1492808854707587099,/temperature,15.5043563843,0.0
1492808854780343507,7811,1492808854782321046,/temperature,15.51308918,0.0
1492808854854526205,7812,1492808854856321046,/temperature,15.5043563843,0.0
1492808854929379880,7813,1492808854930321046,/temperature,15.5043563843,0.0
1492808855003177247,7814,1492808855005321046,/temperature,15.5043563843,0.0
1492808855077756308,7815,1492808855079321046,/temperature,15.51308918,0.0
1492808855151606598,7816,1492808855153321046,/temperature,15.51308918,0.0
1492808855226181183,7817,1492808855227321046,/temperature,15.4956226349,0.0
1492808855300487784,7818,1492808855302321046,/temperature,15.51308918,0.0
1492808855375441781,7819,1492808855376321046,/temperature,15.5043563843,0.0
1492808855448749327,7820,1492808855450321046,/temperature,15.5043563843,0.0
1492808855523323739,7821,1492808855525321046,/temperature,15.5043563843,0.0
1492808855596552117,7822,1492808855599321046,/temperature,15.5043563843,0.0
1492808855672494341,7823,1492808855673321046,/temperature,15.4956226349,0.0
1492808855745852848,7824,1492808855747321046,/temperature,15.51308918,0.0
1492808855820481238,7825,1492808855822321046,/temperature,15.5043563843,0.0
1492808855894548270,7826,1492808855896321046,/temperature,15.51308918,0.0
1492808855968852972,7827,1492808855970321046,/temperature,15.5218229294,0.0
1492808856042797576,7828,1492808856044321046,/temperature,15.51308918,0.0
1492808856117177573,7829,1492808856119321046,/temperature,15.4956226349,0.0
1492808856192479760,7830,1492808856193321046,/temperature,15.5043563843,0.0
1492808856266397462,7831,1492808856267321046,/temperature,15.51308918,0.0
1492808856339994534,7832,1492808856342321046,/temperature,15.5043563843,0.0
1492808856413962964,7833,1492808856416321046,/temperature,15.51308918,0.0
1492808856488918460,7834,1492808856490321046,/temperature,15.5043563843,0.0
1492808856563024168,7835,1492808856564321046,/temperature,15.51308918,0.0
1492808856637324430,7836,1492808856639321046,/temperature,15.5043563843,0.0
1492808856710769717,7837,1492808856713321046,/temperature,15.51308918,0.0
1492808856786351754,7838,1492808856787321046,/temperature,15.51308918,0.0
1492808856860091519,7839,1492808856861321046,/temperature,15.4956226349,0.0
1492808856934599611,7840,1492808856936321046,/temperature,15.4956226349,0.0
1492808857008604857,7841,1492808857010321046,/temperature,15.5043563843,0.0
1492808857083245622,7842,1492808857084321046,/temperature,15.5043563843,0.0
1492808857157405245,7843,1492808857158321046,/temperature,15.4956226349,0.0
1492808857231184738,7844,1492808857233321046,/temperature,15.4956226349,0.0
1492808857306573780,7845,1492808857306457040,/temperature,15.51308918,0.0
1492808857379924559,7846,1492808857380457040,/temperature,15.51308918,0.0
1492808857454158195,7847,1492808857455457040,/temperature,15.4956226349,0.0
1492808857528559003,7848,1492808857529457040,/temperature,15.5043563843,0.0
1492808857602617836,7849,1492808857603457040,/temperature,15.51308918,0.0
1492808857677423137,7850,1492808857677457040,/temperature,15.4868888855,0.0
1492808857750936594,7851,1492808857752457040,/temperature,15.5043563843,0.0
1492808857825994106,7852,1492808857826457040,/temperature,15.4956226349,0.0
1492808857899975144,7853,1492808857900457040,/temperature,15.5043563843,0.0
1492808857974004851,7854,1492808857974457040,/temperature,15.4956226349,0.0
1492808858048480353,7855,1492808858049457040,/temperature,15.4781551361,0.0
1492808858122720337,7856,1492808858123457040,/temperature,15.5043563843,0.0
1492808858196713621,7857,1492808858197457040,/temperature,15.4956226349,0.0
1492808858271185115,7858,1492808858272457040,/temperature,15.4956226349,0.0
1492808858346063376,7859,1492808858346457040,/temperature,15.4868888855,0.0
1492808858419871967,7860,1492808858420457040,/temperature,15.4868888855,0.0
1492808858494498411,7861,1492808858494457040,/temperature,15.4956226349,0.0
1492808858568154539,7862,1492808858569457040,/temperature,15.5043563843,0.0
1492808858643280422,7863,1492808858643457040,/temperature,15.5218229294,0.0
1492808858717438799,7864,1492808858717457040,/temperature,15.4956226349,0.0
1492808858791588593,7865,1492808858791457040,/temperature,15.4868888855,0.0
1492808858865353965,7866,1492808858866457040,/temperature,15.51308918,0.0
1492808858940237046,7867,1492808858940457040,/temperature,15.4868888855,0.0
1492808859014280863,7868,1492808859014457040,/temperature,15.4868888855,0.0
1492808859087787414,7869,1492808859088457040,/temperature,15.4868888855,0.0
1492808859161969879,7870,1492808859163457040,/temperature,15.4956226349,0.0
1492808859237154745,7871,1492808859237457040,/temperature,15.4956226349,0.0
1492808859310785045,7872,1492808859311457040,/temperature,15.4781551361,0.0
1492808859384616913,7873,1492808859385457040,/temperature,15.4781551361,0.0
1492808859459784987,7874,1492808859460457040,/temperature,15.4956226349,0.0
1492808859534231333,7875,1492808859534457040,/temperature,15.51308918,0.0
1492808859607590354,7876,1492808859608457040,/temperature,15.4868888855,0.0
1492808859682249326,7877,1492808859683457040,/temperature,15.4956226349,0.0
1492808859756637226,7878,1492808859757457040,/temperature,15.4781551361,0.0
1492808859830690360,7879,1492808859831288097,/temperature,15.5043563843,0.0
1492808859905095180,7880,1492808859905288097,/temperature,15.4956226349,0.0
1492808859978841896,7881,1492808859980288097,/temperature,15.5043563843,0.0
1492808860054513583,7882,1492808860054288097,/temperature,15.4956226349,0.0
1492808860127921119,7883,1492808860128288097,/temperature,15.5043563843,0.0
1492808860201791284,7884,1492808860202288097,/temperature,15.5043563843,0.0
1492808860276702886,7885,1492808860277288097,/temperature,15.4956226349,0.0
1492808860350968816,7886,1492808860351288097,/temperature,15.5043563843,0.0
1492808860425412292,7887,1492808860425288097,/temperature,15.51308918,0.0
1492808860499375501,7888,1492808860500288097,/temperature,15.4868888855,0.0
1492808860574327972,7889,1492808860574288097,/temperature,15.4868888855,0.0
1492808860648282699,7890,1492808860648288097,/temperature,15.4956226349,0.0
1492808860721585461,7891,1492808860722288097,/temperature,15.4956226349,0.0
1492808860796496560,7892,1492808860797288097,/temperature,15.5218229294,0.0
1492808860870782585,7893,1492808860871288097,/temperature,15.4956226349,0.0
1492808860944883470,7894,1492808860945288097,/temperature,15.4956226349,0.0
1492808861019557211,7895,1492808861019288097,/temperature,15.5043563843,0.0
1492808861094479003,7896,1492808861094288097,/temperature,15.5218229294,0.0
1492808861167926452,7897,1492808861168288097,/temperature,15.51308918,0.0
1492808861242423394,7898,1492808861242288097,/temperature,15.51308918,0.0
1492808861315700543,7899,1492808861316288097,/temperature,15.51308918,0.0
1492808861391617361,7900,1492808861391288097,/temperature,15.4868888855,0.0
1492808861464621423,7901,1492808861465288097,/temperature,15.51308918,0.0
1492808861539009402,7902,1492808861539288097,/temperature,15.51308918,0.0
1492808861613011729,7903,1492808861614288097,/temperature,15.51308918,0.0
1492808861688354886,7904,1492808861688288097,/temperature,15.4956226349,0.0
1492808861761720260,7905,1492808861762288097,/temperature,15.5043563843,0.0
1492808861835841691,7906,1492808861836288097,/temperature,15.5305557251,0.0
1492808861909721917,7907,1492808861911288097,/temperature,15.51308918,0.0
1492808861984656926,7908,1492808861985288097,/temperature,15.5218229294,0.0
1492808862058781226,7909,1492808862059288097,/temperature,15.5392885208,0.0
1492808862132705777,7910,1492808862133288097,/temperature,15.5392885208,0.0
1492808862207640673,7911,1492808862208288097,/temperature,15.5305557251,0.0
1492808862282321883,7912,1492808862282288097,/temperature,15.5305557251,0.0
1492808862356686103,7913,1492808862356669900,/temperature,15.5305557251,0.0
1492808862430413118,7914,1492808862431669900,/temperature,15.5305557251,0.0
1492808862505552657,7915,1492808862505669900,/temperature,15.5305557251,0.0
1492808862579315085,7916,1492808862579669900,/temperature,15.5305557251,0.0
1492808862653129026,7917,1492808862653669900,/temperature,15.5654859543,0.0
1492808862727603358,7918,1492808862728669900,/temperature,15.5305557251,0.0
1492808862801750319,7919,1492808862802669900,/temperature,15.5305557251,0.0
1492808862875843495,7920,1492808862876669900,/temperature,15.5392885208,0.0
1492808862949898151,7921,1492808862950669900,/temperature,15.5567541122,0.0
1492808863025417186,7922,1492808863025669900,/temperature,15.5392885208,0.0
1492808863099557356,7923,1492808863099669900,/temperature,15.5480213165,0.0
1492808863172798732,7924,1492808863173669900,/temperature,15.5392885208,0.0
1492808863246698577,7925,1492808863248669900,/temperature,15.5480213165,0.0
1492808863321825511,7926,1492808863322669900,/temperature,15.5392885208,0.0
1492808863396096903,7927,1492808863396669900,/temperature,15.5567541122,0.0
1492808863470028580,7928,1492808863470669900,/temperature,15.5480213165,0.0
1492808863545456812,7929,1492808863545669900,/temperature,15.5654859543,0.0
1492808863618642808,7930,1492808863619669900,/temperature,15.582950592,0.0
1492808863693421539,7931,1492808863693669900,/temperature,15.5567541122,0.0
1492808863767263456,7932,1492808863767669900,/temperature,15.5567541122,0.0
1492808863841718605,7933,1492808863842669900,/temperature,15.5567541122,0.0
1492808863915735808,7934,1492808863916669900,/temperature,15.5742177963,0.0
1492808863989648593,7935,1492808863990669900,/temperature,15.5567541122,0.0
1492808864063724115,7936,1492808864064669900,/temperature,15.5567541122,0.0
1492808864139469178,7937,1492808864139669900,/temperature,15.5567541122,0.0
1492808864213012305,7938,1492808864213669900,/temperature,15.5392885208,0.0
1492808864287300379,7939,1492808864287669900,/temperature,15.582950592,0.0
1492808864360951684,7940,1492808864362669900,/temperature,15.5742177963,0.0
1492808864436499952,7941,1492808864436669900,/temperature,15.5742177963,0.0
1492808864510109069,7942,1492808864510669900,/temperature,15.5916824341,0.0
1492808864584323386,7943,1492808864584669900,/temperature,15.5654859543,0.0
1492808864659321405,7944,1492808864659669900,/temperature,15.5742177963,0.0
1492808864732595993,7945,1492808864733669900,/temperature,15.5654859543,0.0
1492808864806823760,7946,1492808864807669900,/temperature,15.5742177963,0.0
1492808864880771603,7947,1492808864881668088,/temperature,15.5654859543,0.0
1492808864956129305,7948,1492808864956668088,/temperature,15.5654859543,0.0
1492808865030037948,7949,1492808865030668088,/temperature,15.5654859543,0.0
1492808865104250109,7950,1492808865104668088,/temperature,15.582950592,0.0
1492808865177641305,7951,1492808865179668088,/temperature,15.5742177963,0.0
1492808865253259777,7952,1492808865253668088,/temperature,15.582950592,0.0
1492808865326738095,7953,1492808865327668088,/temperature,15.6004133224,0.0
1492808865400893288,7954,1492808865401668088,/temperature,15.5742177963,0.0
1492808865476110568,7955,1492808865476668088,/temperature,15.5742177963,0.0
1492808865550182505,7956,1492808865550668088,/temperature,15.6004133224,0.0
1492808865624258613,7957,1492808865624668088,/temperature,15.6004133224,0.0
1492808865698111935,7958,1492808865698668088,/temperature,15.582950592,0.0
1492808865773214943,7959,1492808865773668088,/temperature,15.6091451645,0.0
1492808865846924736,7960,1492808865847668088,/temperature,15.582950592,0.0
1492808865921016589,7961,1492808865921668088,/temperature,15.582950592,0.0
1492808865994619655,7962,1492808865995668088,/temperature,15.5916824341,0.0
1492808866070227071,7963,1492808866070668088,/temperature,15.5916824341,0.0
1492808866143688878,7964,1492808866144668088,/temperature,15.6091451645,0.0
1492808866217663385,7965,1492808866218668088,/temperature,15.5742177963,0.0
1492808866293047172,7966,1492808866292668088,/temperature,15.6004133224,0.0
1492808866367225797,7967,1492808866367668088,/temperature,15.6004133224,0.0
1492808866441072540,7968,1492808866441668088,/temperature,15.6004133224,0.0
1492808866514822336,7969,1492808866515668088,/temperature,15.5916824341,0.0
1492808866589726742,7970,1492808866590668088,/temperature,15.6004133224,0.0
1492808866663614997,7971,1492808866664668088,/temperature,15.582950592,0.0
1492808866738785039,7972,1492808866738668088,/temperature,15.5742177963,0.0
1492808866811944262,7973,1492808866812668088,/temperature,15.5916824341,0.0
1492808866887123153,7974,1492808866887668088,/temperature,15.582950592,0.0
1492808866961490497,7975,1492808866961668088,/temperature,15.6004133224,0.0
1492808867035103739,7976,1492808867035668088,/temperature,15.6091451645,0.0
1492808867109053222,7977,1492808867109668088,/temperature,15.5916824341,0.0
1492808867183940300,7978,1492808867184668088,/temperature,15.6004133224,0.0
1492808867258407223,7979,1492808867258668088,/temperature,15.5654859543,0.0
1492808867332524223,7980,1492808867332668088,/temperature,15.6004133224,0.0
1492808867406683541,7981,1492808867408463071,/temperature,15.5916824341,0.0
1492808867480948205,7982,1492808867482463071,/temperature,15.5654859543,0.0
1492808867555150801,7983,1492808867556463071,/temperature,15.582950592,0.0
1492808867628516726,7984,1492808867630463071,/temperature,15.6004133224,0.0
1492808867703586770,7985,1492808867705463071,/temperature,15.5916824341,0.0
1492808867778511300,7986,1492808867779463071,/temperature,15.5567541122,0.0
1492808867852408604,7987,1492808867853463071,/temperature,15.5654859543,0.0
1492808867926478929,7988,1492808867927463071,/temperature,15.5567541122,0.0
1492808868000610678,7989,1492808868002463071,/temperature,15.582950592,0.0
1492808868074718421,7990,1492808868076463071,/temperature,15.5392885208,0.0
1492808868149431649,7991,1492808868150463071,/temperature,15.5480213165,0.0
1492808868223734479,7992,1492808868224463071,/temperature,15.5392885208,0.0
1492808868298004935,7993,1492808868299463071,/temperature,15.5218229294,0.0
1492808868371597441,7994,1492808868373463071,/temperature,15.5480213165,0.0
1492808868446213381,7995,1492808868447463071,/temperature,15.5305557251,0.0
1492808868520604458,7996,1492808868522463071,/temperature,15.5305557251,0.0
1492808868595078253,7997,1492808868596463071,/temperature,15.5305557251,0.0
1492808868668865185,7998,1492808868670463071,/temperature,15.5218229294,0.0
1492808868744376712,7999,1492808868744463071,/temperature,15.5218229294,0.0
1492808868818349629,8000,1492808868819463071,/temperature,15.5218229294,0.0
1492808868892472128,8001,1492808868893463071,/temperature,15.5043563843,0.0
1492808868965523767,8002,1492808868967463071,/temperature,15.5218229294,0.0
1492808869041170377,8003,1492808869041463071,/temperature,15.51308918,0.0
1492808869115169481,8004,1492808869116463071,/temperature,15.5305557251,0.0
1492808869188941802,8005,1492808869190463071,/temperature,15.51308918,0.0
1492808869262752577,8006,1492808869264463071,/temperature,15.51308918,0.0
1492808869338609674,8007,1492808869339463071,/temperature,15.5305557251,0.0
1492808869411980565,8008,1492808869413463071,/temperature,15.5305557251,0.0
1492808869485999615,8009,1492808869487463071,/temperature,15.5043563843,0.0
1492808869559961687,8010,1492808869561463071,/temperature,15.5043563843,0.0
1492808869635017230,8011,1492808869636463071,/temperature,15.5305557251,0.0
1492808869709475053,8012,1492808869710463071,/temperature,15.5218229294,0.0
1492808869783334608,8013,1492808869784463071,/temperature,15.5043563843,0.0
1492808869858466742,8014,1492808869858463071,/temperature,15.51308918,0.0
1492808869931548220,8015,1492808869933358024,/temperature,15.51308918,0.0
1492808870006224173,8016,1492808870007358024,/temperature,15.5218229294,0.0
1492808870080520555,8017,1492808870081358024,/temperature,15.51308918,0.0
1492808870155735849,8018,1492808870156358024,/temperature,15.5218229294,0.0
1492808870229130104,8019,1492808870230358024,/temperature,15.4956226349,0.0
1492808870303655304,8020,1492808870304358024,/temperature,15.51308918,0.0
1492808870378480068,8021,1492808870378358024,/temperature,15.51308918,0.0
1492808870452220737,8022,1492808870453358024,/temperature,15.5218229294,0.0
1492808870526139597,8023,1492808870527358024,/temperature,15.5043563843,0.0
1492808870600474454,8024,1492808870601358024,/temperature,15.51308918,0.0
1492808870674849636,8025,1492808870675358024,/temperature,15.4956226349,0.0
1492808870748884348,8026,1492808870750358024,/temperature,15.5043563843,0.0
1492808870822530264,8027,1492808870824358024,/temperature,15.51308918,0.0
1492808870897534814,8028,1492808870898358024,/temperature,15.51308918,0.0
1492808870972077610,8029,1492808870972358024,/temperature,15.4956226349,0.0
1492808871045749063,8030,1492808871047358024,/temperature,15.5043563843,0.0
1492808871120045932,8031,1492808871121358024,/temperature,15.5043563843,0.0
1492808871194306511,8032,1492808871195358024,/temperature,15.4956226349,0.0
1492808871269255920,8033,1492808871270358024,/temperature,15.4868888855,0.0
1492808871343643295,8034,1492808871344358024,/temperature,15.4956226349,0.0
1492808871417326644,8035,1492808871418358024,/temperature,15.5043563843,0.0
1492808871491984913,8036,1492808871492358024,/temperature,15.4956226349,0.0
1492808871565752880,8037,1492808871567358024,/temperature,15.4694213867,0.0
1492808871640026737,8038,1492808871641358024,/temperature,15.51308918,0.0
1492808871714147442,8039,1492808871715358024,/temperature,15.4868888855,0.0
1492808871788930984,8040,1492808871789358024,/temperature,15.5043563843,0.0
1492808871862813654,8041,1492808871864358024,/temperature,15.4956226349,0.0
1492808871937498705,8042,1492808871938358024,/temperature,15.5218229294,0.0
1492808872010827736,8043,1492808872012358024,/temperature,15.4868888855,0.0
1492808872086485949,8044,1492808872086358024,/temperature,15.4956226349,0.0
1492808872160480612,8045,1492808872161358024,/temperature,15.4868888855,0.0
1492808872234454718,8046,1492808872235358024,/temperature,15.51308918,0.0
1492808872309458045,8047,1492808872309358024,/temperature,15.4868888855,0.0
1492808872383180372,8048,1492808872384358024,/temperature,15.4781551361,0.0
1492808872457444262,8049,1492808872459506105,/temperature,15.51308918,0.0
1492808872530524805,8050,1492808872533506105,/temperature,15.4781551361,0.0
1492808872605982521,8051,1492808872607506105,/temperature,15.4956226349,0.0
1492808872679756690,8052,1492808872682506105,/temperature,15.4868888855,0.0
1492808872754258183,8053,1492808872756506105,/temperature,15.4868888855,0.0
1492808872828423258,8054,1492808872830506105,/temperature,15.4781551361,0.0
1492808872902934764,8055,1492808872904506105,/temperature,15.4956226349,0.0
1492808872977342145,8056,1492808872979506105,/temperature,15.4956226349,0.0
1492808873051568702,8057,1492808873053506105,/temperature,15.51308918,0.0
1492808873124874764,8058,1492808873127506105,/temperature,15.4868888855,0.0
1492808873199657396,8059,1492808873202506105,/temperature,15.4868888855,0.0
1492808873273774025,8060,1492808873276506105,/temperature,15.4781551361,0.0
1492808873348208296,8061,1492808873350506105,/temperature,15.5043563843,0.0
1492808873423232474,8062,1492808873424506105,/temperature,15.4868888855,0.0
1492808873497076433,8063,1492808873499506105,/temperature,15.4868888855,0.0
1492808873570990600,8064,1492808873573506105,/temperature,15.4694213867,0.0
1492808873644875205,8065,1492808873647506105,/temperature,15.4956226349,0.0
1492808873719938572,8066,1492808873721506105,/temperature,15.4956226349,0.0
1492808873794577339,8067,1492808873796506105,/temperature,15.4868888855,0.0
1492808873867749428,8068,1492808873870506105,/temperature,15.4519519806,0.0
1492808873942780890,8069,1492808873944506105,/temperature,15.4868888855,0.0
1492808874016555521,8070,1492808874018506105,/temperature,15.4956226349,0.0
1492808874090536799,8071,1492808874093506105,/temperature,15.4694213867,0.0
1492808874164559138,8072,1492808874167506105,/temperature,15.5043563843,0.0
1492808874240009404,8073,1492808874241506105,/temperature,15.5043563843,0.0
1492808874313539122,8074,1492808874316506105,/temperature,15.5043563843,0.0
1492808874387947557,8075,1492808874390506105,/temperature,15.4694213867,0.0
1492808874461838429,8076,1492808874464506105,/temperature,15.4781551361,0.0
1492808874536813464,8077,1492808874538506105,/temperature,15.4694213867,0.0
1492808874610579123,8078,1492808874613506105,/temperature,15.4694213867,0.0
1492808874684519770,8079,1492808874687506105,/temperature,15.4694213867,0.0
1492808874759553014,8080,1492808874761506105,/temperature,15.4781551361,0.0
1492808874833696109,8081,1492808874835506105,/temperature,15.4519519806,0.0
1492808874908637609,8082,1492808874910506105,/temperature,15.4694213867,0.0
1492808874982269397,8083,1492808874982743976,/temperature,15.4781551361,0.0
1492808875056850152,8084,1492808875056743976,/temperature,15.4868888855,0.0
1492808875131428033,8085,1492808875130743976,/temperature,15.4781551361,0.0
1492808875205146356,8086,1492808875205743976,/temperature,15.4694213867,0.0
1492808875279407680,8087,1492808875279743976,/temperature,15.4606866837,0.0
1492808875353689171,8088,1492808875353743976,/temperature,15.4956226349,0.0
1492808875427648719,8089,1492808875428743976,/temperature,15.4519519806,0.0
1492808875502450569,8090,1492808875502743976,/temperature,15.4868888855,0.0
1492808875576700066,8091,1492808875576743976,/temperature,15.4606866837,0.0
1492808875651078233,8092,1492808875650743976,/temperature,15.4868888855,0.0
1492808875724881421,8093,1492808875725743976,/temperature,15.4956226349,0.0
1492808875798783100,8094,1492808875799743976,/temperature,15.4694213867,0.0
1492808875873659559,8095,1492808875873743976,/temperature,15.4694213867,0.0
1492808875947848720,8096,1492808875948743976,/temperature,15.4432182312,0.0
1492808876021790697,8097,1492808876022743976,/temperature,15.4956226349,0.0
1492808876096079220,8098,1492808876096743976,/temperature,15.4694213867,0.0
1492808876171340867,8099,1492808876170743976,/temperature,15.4606866837,0.0
1492808876245372788,8100,1492808876245743976,/temperature,15.4694213867,0.0
1492808876319485460,8101,1492808876319743976,/temperature,15.4606866837,0.0
1492808876392715820,8102,1492808876393743976,/temperature,15.4781551361,0.0
1492808876467770043,8103,1492808876467743976,/temperature,15.4868888855,0.0
1492808876542620123,8104,1492808876542743976,/temperature,15.4868888855,0.0
1492808876615742631,8105,1492808876616743976,/temperature,15.4868888855,0.0
1492808876691441647,8106,1492808876690743976,/temperature,15.4781551361,0.0
1492808876765455464,8107,1492808876764743976,/temperature,15.4956226349,0.0
1492808876839524075,8108,1492808876839743976,/temperature,15.4956226349,0.0
1492808876913431228,8109,1492808876913743976,/temperature,15.4956226349,0.0
1492808876987595459,8110,1492808876987743976,/temperature,15.5043563843,0.0
1492808877062060663,8111,1492808877062743976,/temperature,15.4956226349,0.0
1492808877136493725,8112,1492808877136743976,/temperature,15.5043563843,0.0
1492808877210570176,8113,1492808877210743976,/temperature,15.5043563843,0.0
1492808877285099222,8114,1492808877284743976,/temperature,15.4868888855,0.0
1492808877359312325,8115,1492808877359743976,/temperature,15.5043563843,0.0
1492808877432922419,8116,1492808877433743976,/temperature,15.4956226349,0.0
1492808877508423523,8117,1492808877508351085,/temperature,15.4868888855,0.0
1492808877582143640,8118,1492808877582351085,/temperature,15.5043563843,0.0
1492808877656509840,8119,1492808877657351085,/temperature,15.5043563843,0.0
1492808877730183015,8120,1492808877731351085,/temperature,15.5043563843,0.0
1492808877805255980,8121,1492808877805351085,/temperature,15.4956226349,0.0
1492808877878968204,8122,1492808877880351085,/temperature,15.4956226349,0.0
1492808877953599807,8123,1492808877954351085,/temperature,15.51308918,0.0
1492808878027104710,8124,1492808878028351085,/temperature,15.5218229294,0.0
1492808878102179363,8125,1492808878102351085,/temperature,15.51308918,0.0
1492808878175905860,8126,1492808878177351085,/temperature,15.51308918,0.0
1492808878250587916,8127,1492808878251351085,/temperature,15.4956226349,0.0
1492808878325200965,8128,1492808878325351085,/temperature,15.51308918,0.0
1492808878398622614,8129,1492808878399351085,/temperature,15.4868888855,0.0
1492808878472758088,8130,1492808878474351085,/temperature,15.4956226349,0.0
1492808878546753291,8131,1492808878548351085,/temperature,15.5043563843,0.0
1492808878621980699,8132,1492808878622351085,/temperature,15.4868888855,0.0
1492808878696549444,8133,1492808878696351085,/temperature,15.4956226349,0.0
1492808878769639756,8134,1492808878771351085,/temperature,15.5043563843,0.0
1492808878844817260,8135,1492808878845351085,/temperature,15.4956226349,0.0
1492808878919623850,8136,1492808878919351085,/temperature,15.5043563843,0.0
1492808878993004082,8137,1492808878993351085,/temperature,15.4868888855,0.0
1492808879066854814,8138,1492808879068351085,/temperature,15.51308918,0.0
1492808879142388727,8139,1492808879142351085,/temperature,15.5043563843,0.0
1492808879215935850,8140,1492808879216351085,/temperature,15.5218229294,0.0
1492808879290108995,8141,1492808879291351085,/temperature,15.5392885208,0.0
1492808879364005543,8142,1492808879365351085,/temperature,15.5043563843,0.0
1492808879438865390,8143,1492808879439351085,/temperature,15.5218229294,0.0
1492808879512690067,8144,1492808879513351085,/temperature,15.5305557251,0.0
1492808879586698157,8145,1492808879588351085,/temperature,15.51308918,0.0
1492808879661406441,8146,1492808879662351085,/temperature,15.5305557251,0.0
1492808879736539849,8147,1492808879736351085,/temperature,15.5218229294,0.0
1492808879809924872,8148,1492808879810351085,/temperature,15.5480213165,0.0
1492808879883662998,8149,1492808879885351085,/temperature,15.51308918,0.0
1492808879959532203,8150,1492808879959351085,/temperature,15.5392885208,0.0
1492808880032793983,8151,1492808880032725093,/temperature,15.5218229294,0.0
1492808880106969023,8152,1492808880107725093,/temperature,15.5305557251,0.0
1492808880180552266,8153,1492808880181725093,/temperature,15.5305557251,0.0
1492808880256226118,8154,1492808880255725093,/temperature,15.5480213165,0.0
1492808880330371477,8155,1492808880329725093,/temperature,15.5480213165,0.0
1492808880404129863,8156,1492808880404725093,/temperature,15.5480213165,0.0
1492808880478227640,8157,1492808880478725093,/temperature,15.5480213165,0.0
1492808880553219306,8158,1492808880552725093,/temperature,15.5305557251,0.0
1492808880627219125,8159,1492808880626725093,/temperature,15.5480213165,0.0
1492808880700785032,8160,1492808880701725093,/temperature,15.5392885208,0.0
1492808880776555267,8161,1492808880775725093,/temperature,15.5480213165,0.0
1492808880850084688,8162,1492808880849725093,/temperature,15.5305557251,0.0
1492808880923766882,8163,1492808880923725093,/temperature,15.5392885208,0.0
1492808880997535176,8164,1492808880998725093,/temperature,15.5567541122,0.0
1492808881072697609,8165,1492808881072725093,/temperature,15.5567541122,0.0
1492808881147603343,8166,1492808881146725093,/temperature,15.5742177963,0.0
1492808881220702510,8167,1492808881221725093,/temperature,15.5567541122,0.0
1492808881294535410,8168,1492808881295725093,/temperature,15.5480213165,0.0
1492808881370525519,8169,1492808881369725093,/temperature,15.5567541122,0.0
1492808881444478022,8170,1492808881443725093,/temperature,15.5654859543,0.0
1492808881518324458,8171,1492808881518725093,/temperature,15.5480213165,0.0
1492808881593352773,8172,1492808881592725093,/temperature,15.5916824341,0.0
1492808881667143953,8173,1492808881666725093,/temperature,15.5742177963,0.0
1492808881740788632,8174,1492808881740725093,/temperature,15.5654859543,0.0
1492808881815005900,8175,1492808881815725093,/temperature,15.5567541122,0.0
1492808881890221680,8176,1492808881889725093,/temperature,15.5654859543,0.0
1492808881964367122,8177,1492808881963725093,/temperature,15.5654859543,0.0
1492808882038276230,8178,1492808882038725093,/temperature,15.5480213165,0.0
1492808882111835291,8179,1492808882112725093,/temperature,15.5742177963,0.0
1492808882187294319,8180,1492808882186725093,/temperature,15.5654859543,0.0
1492808882260637568,8181,1492808882260725093,/temperature,15.5654859543,0.0
1492808882334679035,8182,1492808882335725093,/temperature,15.5654859543,0.0
1492808882409857576,8183,1492808882409725093,/temperature,15.5742177963,0.0
1492808882483578270,8184,1492808882483725093,/temperature,15.5742177963,0.0
1492808882558011894,8185,1492808882558931110,/temperature,15.5654859543,0.0
1492808882632528477,8186,1492808882633931110,/temperature,15.5654859543,0.0
1492808882706687365,8187,1492808882707931110,/temperature,15.5742177963,0.0
1492808882780627850,8188,1492808882781931110,/temperature,15.5742177963,0.0
1492808882855626302,8189,1492808882856931110,/temperature,15.5567541122,0.0
1492808882929080318,8190,1492808882930931110,/temperature,15.5567541122,0.0
1492808883004338306,8191,1492808883004931110,/temperature,15.5654859543,0.0
1492808883077573375,8192,1492808883078931110,/temperature,15.5654859543,0.0
1492808883152141950,8193,1492808883153931110,/temperature,15.5567541122,0.0
1492808883226381394,8194,1492808883227931110,/temperature,15.5392885208,0.0
1492808883300907479,8195,1492808883301931110,/temperature,15.5567541122,0.0
1492808883375246161,8196,1492808883375931110,/temperature,15.5392885208,0.0
1492808883449512457,8197,1492808883450931110,/temperature,15.5567541122,0.0
1492808883524050924,8198,1492808883524931110,/temperature,15.5392885208,0.0
1492808883598236415,8199,1492808883598931110,/temperature,15.5567541122,0.0
1492808883672342274,8200,1492808883672931110,/temperature,15.5480213165,0.0
1492808883746329948,8201,1492808883747931110,/temperature,15.5567541122,0.0
1492808883821049747,8202,1492808883821931110,/temperature,15.5567541122,0.0
1492808883895052827,8203,1492808883895931110,/temperature,15.5567541122,0.0
1492808883969156611,8204,1492808883970931110,/temperature,15.5480213165,0.0
1492808884044290845,8205,1492808884044931110,/temperature,15.5218229294,0.0
1492808884118163493,8206,1492808884118931110,/temperature,15.5567541122,0.0
1492808884192508652,8207,1492808884192931110,/temperature,15.5392885208,0.0
1492808884266535187,8208,1492808884267931110,/temperature,15.5480213165,0.0
1492808884341255306,8209,1492808884341931110,/temperature,15.5480213165,0.0
1492808884414577568,8210,1492808884415931110,/temperature,15.5392885208,0.0
1492808884488656669,8211,1492808884489931110,/temperature,15.5480213165,0.0
1492808884563427084,8212,1492808884564931110,/temperature,15.5392885208,0.0
1492808884638081397,8213,1492808884638931110,/temperature,15.5480213165,0.0
1492808884712500196,8214,1492808884712931110,/temperature,15.5392885208,0.0
1492808884786381364,8215,1492808884786931110,/temperature,15.5305557251,0.0
1492808884860426178,8216,1492808884861931110,/temperature,15.5567541122,0.0
1492808884935480383,8217,1492808884935931110,/temperature,15.5392885208,0.0
1492808885009356129,8218,1492808885009931110,/temperature,15.5218229294,0.0
1492808885083294701,8219,1492808885085511039,/temperature,15.5480213165,0.0
1492808885157677631,8220,1492808885159511039,/temperature,15.5305557251,0.0
1492808885232419733,8221,1492808885233511039,/temperature,15.5218229294,0.0
1492808885306119221,8222,1492808885307511039,/temperature,15.5218229294,0.0
1492808885380055989,8223,1492808885382511039,/temperature,15.5305557251,0.0
1492808885455039670,8224,1492808885456511039,/temperature,15.51308918,0.0
1492808885529114228,8225,1492808885530511039,/temperature,15.5218229294,0.0
1492808885603081847,8226,1492808885604511039,/temperature,15.5567541122,0.0
1492808885676915575,8227,1492808885679511039,/temperature,15.5218229294,0.0
1492808885751987729,8228,1492808885753511039,/temperature,15.5043563843,0.0
1492808885825821394,8229,1492808885827511039,/temperature,15.5218229294,0.0
1492808885899715640,8230,1492808885901511039,/temperature,15.5043563843,0.0
1492808885974893906,8231,1492808885976511039,/temperature,15.5218229294,0.0
1492808886048846211,8232,1492808886050511039,/temperature,15.51308918,0.0
1492808886122783595,8233,1492808886124511039,/temperature,15.5043563843,0.0
1492808886196638895,8234,1492808886199511039,/temperature,15.5043563843,0.0
1492808886271967664,8235,1492808886273511039,/temperature,15.5043563843,0.0
1492808886345971155,8236,1492808886347511039,/temperature,15.4868888855,0.0
1492808886419723235,8237,1492808886421511039,/temperature,15.51308918,0.0
1492808886493835262,8238,1492808886496511039,/temperature,15.4956226349,0.0
1492808886569017981,8239,1492808886570511039,/temperature,15.5043563843,0.0
1492808886643031427,8240,1492808886644511039,/temperature,15.4956226349,0.0
1492808886716535590,8241,1492808886718511039,/temperature,15.4868888855,0.0
1492808886791541616,8242,1492808886793511039,/temperature,15.5043563843,0.0
1492808886865715297,8243,1492808886867511039,/temperature,15.4868888855,0.0
1492808886940537027,8244,1492808886941511039,/temperature,15.51308918,0.0
1492808887014381726,8245,1492808887015511039,/temperature,15.5218229294,0.0
1492808887089090189,8246,1492808887090511039,/temperature,15.4956226349,0.0
1492808887163392027,8247,1492808887164511039,/temperature,15.4868888855,0.0
1492808887236781174,8248,1492808887238511039,/temperature,15.4956226349,0.0
1492808887311176697,8249,1492808887313511039,/temperature,15.4956226349,0.0
1492808887386354419,8250,1492808887387511039,/temperature,15.5218229294,0.0
1492808887459719339,8251,1492808887461511039,/temperature,15.4956226349,0.0
1492808887533605111,8252,1492808887535511039,/temperature,15.5043563843,0.0
1492808887607882336,8253,1492808887609789918,/temperature,15.5218229294,0.0
1492808887683000897,8254,1492808887683789918,/temperature,15.4781551361,0.0
1492808887757399957,8255,1492808887757789918,/temperature,15.5043563843,0.0
1492808887831286440,8256,1492808887831789918,/temperature,15.5043563843,0.0
1492808887905526490,8257,1492808887906789918,/temperature,15.4781551361,0.0
1492808887980491028,8258,1492808887980789918,/temperature,15.4956226349,0.0
1492808888053543940,8259,1492808888054789918,/temperature,15.4868888855,0.0
1492808888127736478,8260,1492808888129789918,/temperature,15.4781551361,0.0
1492808888203148990,8261,1492808888203789918,/temperature,15.4781551361,0.0
1492808888277611769,8262,1492808888277789918,/temperature,15.4956226349,0.0
1492808888350636533,8263,1492808888351789918,/temperature,15.4781551361,0.0
1492808888425594495,8264,1492808888426789918,/temperature,15.5043563843,0.0
1492808888499926424,8265,1492808888500789918,/temperature,15.5305557251,0.0
1492808888573641531,8266,1492808888574789918,/temperature,15.4868888855,0.0
1492808888647885866,8267,1492808888648789918,/temperature,15.4956226349,0.0
1492808888723585303,8268,1492808888723789918,/temperature,15.5043563843,0.0
1492808888797504204,8269,1492808888797789918,/temperature,15.4694213867,0.0
1492808888871525753,8270,1492808888871789918,/temperature,15.4956226349,0.0
1492808888945184638,8271,1492808888946789918,/temperature,15.5043563843,0.0
1492808889019843707,8272,1492808889020789918,/temperature,15.51308918,0.0
1492808889093976956,8273,1492808889094789918,/temperature,15.4868888855,0.0
1492808889168121514,8274,1492808889168789918,/temperature,15.4868888855,0.0
1492808889242748324,8275,1492808889243789918,/temperature,15.4956226349,0.0
1492808889317614919,8276,1492808889317789918,/temperature,15.5043563843,0.0
1492808889391269451,8277,1492808889391789918,/temperature,15.5218229294,0.0
1492808889464551275,8278,1492808889465789918,/temperature,15.5043563843,0.0
1492808889540058452,8279,1492808889540789918,/temperature,15.4956226349,0.0
1492808889614092725,8280,1492808889614789918,/temperature,15.4956226349,0.0
1492808889688197962,8281,1492808889688789918,/temperature,15.5218229294,0.0
1492808889762017392,8282,1492808889762789918,/temperature,15.5043563843,0.0
1492808889837241994,8283,1492808889837789918,/temperature,15.5305557251,0.0
1492808889910997063,8284,1492808889911789918,/temperature,15.51308918,0.0
1492808889984695893,8285,1492808889985789918,/temperature,15.5043563843,0.0
1492808890059705089,8286,1492808890060789918,/temperature,15.5218229294,0.0
1492808890134132959,8287,1492808890134727071,/temperature,15.5043563843,0.0
1492808890208533667,8288,1492808890208727071,/temperature,15.51308918,0.0
1492808890282436248,8289,1492808890282727071,/temperature,15.51308918,0.0
1492808890357012194,8290,1492808890357727071,/temperature,15.5043563843,0.0
1492808890431218227,8291,1492808890431727071,/temperature,15.51308918,0.0
1492808890505084489,8292,1492808890505727071,/temperature,15.5218229294,0.0
1492808890579066486,8293,1492808890579727071,/temperature,15.5043563843,0.0
1492808890654020348,8294,1492808890654727071,/temperature,15.5218229294,0.0
1492808890727939329,8295,1492808890728727071,/temperature,15.5218229294,0.0
1492808890801750729,8296,1492808890802727071,/temperature,15.51308918,0.0
1492808890875893381,8297,1492808890876727071,/temperature,15.51308918,0.0
1492808890951065876,8298,1492808890951727071,/temperature,15.5218229294,0.0
1492808891024659700,8299,1492808891025727071,/temperature,15.51308918,0.0
1492808891098588507,8300,1492808891099727071,/temperature,15.5305557251,0.0
1492808891173977939,8301,1492808891174727071,/temperature,15.51308918,0.0
1492808891247787139,8302,1492808891248727071,/temperature,15.5218229294,0.0
1492808891321521394,8303,1492808891322727071,/temperature,15.5218229294,0.0
1492808891396506883,8304,1492808891396727071,/temperature,15.5305557251,0.0
1492808891471590024,8305,1492808891471727071,/temperature,15.51308918,0.0
1492808891544934143,8306,1492808891545727071,/temperature,15.5043563843,0.0
1492808891619623720,8307,1492808891619727071,/temperature,15.5218229294,0.0
1492808891692797837,8308,1492808891693727071,/temperature,15.51308918,0.0
1492808891767736364,8309,1492808891768727071,/temperature,15.5043563843,0.0
1492808891841594913,8310,1492808891842727071,/temperature,15.5043563843,0.0
1492808891916571822,8311,1492808891916727071,/temperature,15.5043563843,0.0
1492808891991393084,8312,1492808891990727071,/temperature,15.5305557251,0.0
1492808892065355005,8313,1492808892065727071,/temperature,15.4956226349,0.0
1492808892138812474,8314,1492808892139727071,/temperature,15.4956226349,0.0
1492808892213427140,8315,1492808892213727071,/temperature,15.5218229294,0.0
1492808892288245277,8316,1492808892288727071,/temperature,15.5043563843,0.0
1492808892362479188,8317,1492808892362727071,/temperature,15.51308918,0.0
1492808892436192851,8318,1492808892436727071,/temperature,15.5043563843,0.0
1492808892511359883,8319,1492808892510727071,/temperature,15.5043563843,0.0
1492808892585364574,8320,1492808892585727071,/temperature,15.4868888855,0.0
1492808892658973950,8321,1492808892660411117,/temperature,15.5043563843,0.0
1492808892733277402,8322,1492808892734411117,/temperature,15.51308918,0.0
1492808892808254196,8323,1492808892808411117,/temperature,15.51308918,0.0
1492808892882516722,8324,1492808892883411117,/temperature,15.5218229294,0.0
1492808892956711159,8325,1492808892957411117,/temperature,15.4956226349,0.0
1492808893030184851,8326,1492808893031411117,/temperature,15.4956226349,0.0
1492808893105193221,8327,1492808893106411117,/temperature,15.4956226349,0.0
1492808893178868340,8328,1492808893180411117,/temperature,15.4956226349,0.0
1492808893253340593,8329,1492808893254411117,/temperature,15.5043563843,0.0
1492808893327211915,8330,1492808893328411117,/temperature,15.4956226349,0.0
1492808893402205662,8331,1492808893403411117,/temperature,15.4868888855,0.0
1492808893476408720,8332,1492808893477411117,/temperature,15.51308918,0.0
1492808893550040936,8333,1492808893551411117,/temperature,15.4956226349,0.0
1492808893624381104,8334,1492808893625411117,/temperature,15.51308918,0.0
1492808893699176640,8335,1492808893700411117,/temperature,15.51308918,0.0
1492808893772559872,8336,1492808893774411117,/temperature,15.4868888855,0.0
1492808893846636933,8337,1492808893848411117,/temperature,15.4956226349,0.0
1492808893921595787,8338,1492808893922411117,/temperature,15.51308918,0.0
1492808893995556489,8339,1492808893997411117,/temperature,15.5043563843,0.0
1492808894069705836,8340,1492808894071411117,/temperature,15.51308918,0.0
1492808894143616958,8341,1492808894145411117,/temperature,15.51308918,0.0
1492808894218781131,8342,1492808894220411117,/temperature,15.5218229294,0.0
1492808894292892033,8343,1492808894294411117,/temperature,15.51308918,0.0
1492808894367096653,8344,1492808894368411117,/temperature,15.4956226349,0.0
1492808894441824184,8345,1492808894442411117,/temperature,15.5218229294,0.0
1492808894515922264,8346,1492808894517411117,/temperature,15.4781551361,0.0
1492808894589608072,8347,1492808894591411117,/temperature,15.4956226349,0.0
1492808894664120492,8348,1492808894665411117,/temperature,15.4868888855,0.0
1492808894738534752,8349,1492808894740411117,/temperature,15.5043563843,0.0
1492808894813088780,8350,1492808894814411117,/temperature,15.5043563843,0.0
1492808894887215600,8351,1492808894888411117,/temperature,15.4868888855,0.0
1492808894960789999,8352,1492808894962411117,/temperature,15.4956226349,0.0
1492808895035978307,8353,1492808895037411117,/temperature,15.5043563843,0.0
1492808895110219010,8354,1492808895111411117,/temperature,15.5043563843,0.0
1492808895183635951,8355,1492808895185024021,/temperature,15.5043563843,0.0
1492808895259165953,8356,1492808895259024021,/temperature,15.4956226349,0.0
1492808895333044442,8357,1492808895334024021,/temperature,15.5043563843,0.0
1492808895407348600,8358,1492808895408024021,/temperature,15.5043563843,0.0
1492808895480696840,8359,1492808895482024021,/temperature,15.51308918,0.0
1492808895555988962,8360,1492808895557024021,/temperature,15.5043563843,0.0
1492808895629632883,8361,1492808895631024021,/temperature,15.51308918,0.0
1492808895703752524,8362,1492808895705024021,/temperature,15.4868888855,0.0
1492808895777744379,8363,1492808895779024021,/temperature,15.4956226349,0.0
1492808895853055120,8364,1492808895854024021,/temperature,15.5218229294,0.0
1492808895927197215,8365,1492808895928024021,/temperature,15.5218229294,0.0
1492808896001030701,8366,1492808896002024021,/temperature,15.51308918,0.0
1492808896076529559,8367,1492808896076024021,/temperature,15.5043563843,0.0
1492808896150201248,8368,1492808896151024021,/temperature,15.5218229294,0.0
1492808896224208372,8369,1492808896225024021,/temperature,15.51308918,0.0
1492808896297819553,8370,1492808896299024021,/temperature,15.5218229294,0.0
1492808896372949345,8371,1492808896373024021,/temperature,15.5043563843,0.0
1492808896447186795,8372,1492808896448024021,/temperature,15.5043563843,0.0
1492808896521028969,8373,1492808896522024021,/temperature,15.5305557251,0.0
1492808896595326088,8374,1492808896596024021,/temperature,15.51308918,0.0
1492808896670413895,8375,1492808896671024021,/temperature,15.5218229294,0.0
1492808896744393337,8376,1492808896745024021,/temperature,15.5305557251,0.0
1492808896818360780,8377,1492808896819024021,/temperature,15.5392885208,0.0
1492808896891591971,8378,1492808896893024021,/temperature,15.5218229294,0.0
1492808896967591298,8379,1492808896968024021,/temperature,15.51308918,0.0
1492808897041515008,8380,1492808897042024021,/temperature,15.5305557251,0.0
1492808897115531476,8381,1492808897116024021,/temperature,15.5218229294,0.0
1492808897190417504,8382,1492808897190024021,/temperature,15.5305557251,0.0
1492808897264305731,8383,1492808897265024021,/temperature,15.5043563843,0.0
1492808897337768502,8384,1492808897339024021,/temperature,15.5218229294,0.0
1492808897411806017,8385,1492808897413024021,/temperature,15.5043563843,0.0
1492808897486951879,8386,1492808897487024021,/temperature,15.5218229294,0.0
1492808897560932760,8387,1492808897562024021,/temperature,15.5218229294,0.0
1492808897634793419,8388,1492808897636024021,/temperature,15.5305557251,0.0
1492808897708735625,8389,1492808897709991930,/temperature,15.5218229294,0.0
1492808897783880170,8390,1492808897784991930,/temperature,15.5305557251,0.0
1492808897857637619,8391,1492808897858991930,/temperature,15.5480213165,0.0
1492808897932350106,8392,1492808897932991930,/temperature,15.5392885208,0.0
1492808898007086683,8393,1492808898006991930,/temperature,15.5305557251,0.0
1492808898081139059,8394,1492808898081991930,/temperature,15.5218229294,0.0
1492808898154611572,8395,1492808898155991930,/temperature,15.5305557251,0.0
1492808898229100276,8396,1492808898229991930,/temperature,15.5218229294,0.0
1492808898304559282,8397,1492808898303991930,/temperature,15.5480213165,0.0
1492808898377562429,8398,1492808898378991930,/temperature,15.5218229294,0.0
1492808898451728125,8399,1492808898452991930,/temperature,15.51308918,0.0
1492808898525827372,8400,1492808898526991930,/temperature,15.5218229294,0.0
1492808898601500783,8401,1492808898600991930,/temperature,15.5305557251,0.0
1492808898674885126,8402,1492808898675991930,/temperature,15.5392885208,0.0
1492808898748671486,8403,1492808898749991930,/temperature,15.5218229294,0.0
1492808898823905884,8404,1492808898823991930,/temperature,15.5218229294,0.0
1492808898897911456,8405,1492808898898991930,/temperature,15.5218229294,0.0
1492808898972050604,8406,1492808898972991930,/temperature,15.5305557251,0.0
1492808899046123290,8407,1492808899046991930,/temperature,15.5392885208,0.0
1492808899121399269,8408,1492808899120991930,/temperature,15.5305557251,0.0
1492808899195106414,8409,1492808899195991930,/temperature,15.51308918,0.0
1492808899268516227,8410,1492808899269991930,/temperature,15.51308918,0.0
1492808899342627909,8411,1492808899343991930,/temperature,15.5392885208,0.0
1492808899417961071,8412,1492808899417991930,/temperature,15.51308918,0.0
1492808899492143157,8413,1492808899492991930,/temperature,15.51308918,0.0
1492808899566314650,8414,1492808899566991930,/temperature,15.5218229294,0.0
1492808899640850340,8415,1492808899640991930,/temperature,15.4956226349,0.0
1492808899714784771,8416,1492808899714991930,/temperature,15.5218229294,0.0
1492808899789018486,8417,1492808899789991930,/temperature,15.5043563843,0.0
1492808899862738386,8418,1492808899863991930,/temperature,15.5043563843,0.0
1492808899937731264,8419,1492808899937991930,/temperature,15.51308918,0.0
1492808900012248098,8420,1492808900012991930,/temperature,15.5218229294,0.0
1492808900086453207,8421,1492808900086991930,/temperature,15.5043563843,0.0
1492808900160215777,8422,1492808900160991930,/temperature,15.5043563843,0.0
1492808900234875943,8423,1492808900235502002,/temperature,15.5043563843,0.0
1492808900308532912,8424,1492808900310502002,/temperature,15.5043563843,0.0
1492808900382891736,8425,1492808900384502002,/temperature,15.5305557251,0.0
1492808900457544022,8426,1492808900458502002,/temperature,15.5043563843,0.0
1492808900531624038,8427,1492808900532502002,/temperature,15.4781551361,0.0
1492808900606176203,8428,1492808900607502002,/temperature,15.4868888855,0.0
1492808900679518218,8429,1492808900681502002,/temperature,15.5218229294,0.0
1492808900754808287,8430,1492808900755502002,/temperature,15.4868888855,0.0
1492808900828598441,8431,1492808900830502002,/temperature,15.4868888855,0.0
1492808900903235870,8432,1492808900904502002,/temperature,15.4868888855,0.0
1492808900976773167,8433,1492808900978502002,/temperature,15.5043563843,0.0
1492808901052173193,8434,1492808901052502002,/temperature,15.5043563843,0.0
1492808901125524571,8435,1492808901127502002,/temperature,15.4781551361,0.0
1492808901200325073,8436,1492808901201502002,/temperature,15.4781551361,0.0
1492808901275128501,8437,1492808901275502002,/temperature,15.4868888855,0.0
1492808901348829530,8438,1492808901349502002,/temperature,15.4956226349,0.0
1492808901422700871,8439,1492808901424502002,/temperature,15.4781551361,0.0
1492808901496660224,8440,1492808901498502002,/temperature,15.4519519806,0.0
1492808901571815206,8441,1492808901572502002,/temperature,15.4694213867,0.0
1492808901645726130,8442,1492808901647502002,/temperature,15.4956226349,0.0
1492808901719891067,8443,1492808901721502002,/temperature,15.4868888855,0.0
1492808901794520648,8444,1492808901795502002,/temperature,15.4606866837,0.0
1492808901868615657,8445,1492808901869502002,/temperature,15.4781551361,0.0
1492808901942875397,8446,1492808901944502002,/temperature,15.4781551361,0.0
1492808902017060503,8447,1492808902018502002,/temperature,15.4694213867,0.0
1492808902091894472,8448,1492808902092502002,/temperature,15.4606866837,0.0
1492808902166505902,8449,1492808902166502002,/temperature,15.4694213867,0.0
1492808902240062362,8450,1492808902241502002,/temperature,15.4606866837,0.0
1492808902313773411,8451,1492808902315502002,/temperature,15.4868888855,0.0
1492808902388745002,8452,1492808902389502002,/temperature,15.4781551361,0.0
1492808902462783428,8453,1492808902463502002,/temperature,15.4606866837,0.0
1492808902536796772,8454,1492808902538502002,/temperature,15.4606866837,0.0
1492808902611425013,8455,1492808902612502002,/temperature,15.4694213867,0.0
1492808902685809909,8456,1492808902686502002,/temperature,15.4694213867,0.0
1492808902760124341,8457,1492808902761468957,/temperature,15.4606866837,0.0
1492808902833598758,8458,1492808902835468957,/temperature,15.4606866837,0.0
1492808902908500923,8459,1492808902909468957,/temperature,15.4694213867,0.0
1492808902982597499,8460,1492808902983468957,/temperature,15.4606866837,0.0
1492808903057082272,8461,1492808903058468957,/temperature,15.4606866837,0.0
1492808903131033585,8462,1492808903132468957,/temperature,15.4432182312,0.0
1492808903205901361,8463,1492808903206468957,/temperature,15.4781551361,0.0
1492808903280346006,8464,1492808903280468957,/temperature,15.4606866837,0.0
1492808903353844346,8465,1492808903355468957,/temperature,15.4606866837,0.0
1492808903428545532,8466,1492808903429468957,/temperature,15.4694213867,0.0
1492808903502766701,8467,1492808903503468957,/temperature,15.4519519806,0.0
1492808903577075948,8468,1492808903577468957,/temperature,15.4694213867,0.0
1492808903650589965,8469,1492808903652468957,/temperature,15.4694213867,0.0
1492808903724839451,8470,1492808903726468957,/temperature,15.4606866837,0.0
1492808903800025824,8471,1492808903800468957,/temperature,15.4606866837,0.0
1492808903874285613,8472,1492808903875468957,/temperature,15.4606866837,0.0
1492808903948457895,8473,1492808903949468957,/temperature,15.4694213867,0.0
1492808904023534324,8474,1492808904023468957,/temperature,15.4519519806,0.0
1492808904096759583,8475,1492808904097468957,/temperature,15.4868888855,0.0
1492808904171212066,8476,1492808904172468957,/temperature,15.4694213867,0.0
1492808904245571792,8477,1492808904246468957,/temperature,15.4606866837,0.0
1492808904319954248,8478,1492808904320468957,/temperature,15.4781551361,0.0
1492808904394000137,8479,1492808904394468957,/temperature,15.4781551361,0.0
1492808904468166967,8480,1492808904469468957,/temperature,15.4781551361,0.0
1492808904542224908,8481,1492808904543468957,/temperature,15.4868888855,0.0
1492808904616619405,8482,1492808904617468957,/temperature,15.4606866837,0.0
1492808904690771848,8483,1492808904691468957,/temperature,15.4694213867,0.0
1492808904764837703,8484,1492808904766468957,/temperature,15.4781551361,0.0
1492808904840121170,8485,1492808904840468957,/temperature,15.4781551361,0.0
1492808904914078270,8486,1492808904914468957,/temperature,15.4781551361,0.0
1492808904988298733,8487,1492808904989468957,/temperature,15.4694213867,0.0
1492808905061580551,8488,1492808905063468957,/temperature,15.4781551361,0.0
1492808905137290811,8489,1492808905137468957,/temperature,15.4694213867,0.0
1492808905211131339,8490,1492808905211468957,/temperature,15.4694213867,0.0
1492808905284879973,8491,1492808905287329982,/temperature,15.4781551361,0.0
1492808905359513167,8492,1492808905361329982,/temperature,15.4694213867,0.0
1492808905434482594,8493,1492808905435329982,/temperature,15.4781551361,0.0
1492808905508099875,8494,1492808905509329982,/temperature,15.4781551361,0.0
1492808905581689866,8495,1492808905584329982,/temperature,15.4781551361,0.0
1492808905656745682,8496,1492808905658329982,/temperature,15.4781551361,0.0
1492808905731046688,8497,1492808905732329982,/temperature,15.4868888855,0.0
1492808905805020242,8498,1492808905807329982,/temperature,15.4781551361,0.0
1492808905879058753,8499,1492808905881329982,/temperature,15.4781551361,0.0
1492808905954131533,8500,1492808905955329982,/temperature,15.4781551361,0.0
1492808906027998901,8501,1492808906029329982,/temperature,15.4781551361,0.0
1492808906101630869,8502,1492808906104329982,/temperature,15.4694213867,0.0
1492808906176316078,8503,1492808906178329982,/temperature,15.4694213867,0.0
1492808906251279793,8504,1492808906252329982,/temperature,15.4868888855,0.0
1492808906324817507,8505,1492808906326329982,/temperature,15.4694213867,0.0
1492808906398993368,8506,1492808906401329982,/temperature,15.4781551361,0.0
1492808906473903223,8507,1492808906475329982,/temperature,15.4781551361,0.0
1492808906547604248,8508,1492808906549329982,/temperature,15.4781551361,0.0
1492808906621819373,8509,1492808906623329982,/temperature,15.4868888855,0.0
1492808906696500454,8510,1492808906698329982,/temperature,15.4781551361,0.0
1492808906770815791,8511,1492808906772329982,/temperature,15.4868888855,0.0
1492808906844665894,8512,1492808906846329982,/temperature,15.4781551361,0.0
1492808906919362333,8513,1492808906921329982,/temperature,15.4868888855,0.0
1492808906993373227,8514,1492808906995329982,/temperature,15.4781551361,0.0
1492808907068175464,8515,1492808907069329982,/temperature,15.4868888855,0.0
1492808907141565023,8516,1492808907143329982,/temperature,15.4868888855,0.0
1492808907215779134,8517,1492808907218329982,/temperature,15.4868888855,0.0
1492808907290052663,8518,1492808907292329982,/temperature,15.4868888855,0.0
1492808907365138214,8519,1492808907366329982,/temperature,15.4868888855,0.0
1492808907439494494,8520,1492808907440329982,/temperature,15.4868888855,0.0
1492808907512827299,8521,1492808907515329982,/temperature,15.4868888855,0.0
1492808907588075511,8522,1492808907589329982,/temperature,15.4956226349,0.0
1492808907661851707,8523,1492808907663329982,/temperature,15.4868888855,0.0
1492808907735550108,8524,1492808907738329982,/temperature,15.4956226349,0.0
1492808907810149161,8525,1492808907811904024,/temperature,15.4956226349,0.0
1492808907885018104,8526,1492808907885904024,/temperature,15.4868888855,0.0
1492808907959034244,8527,1492808907959904024,/temperature,15.4956226349,0.0
1492808908033132791,8528,1492808908034904024,/temperature,15.4956226349,0.0
1492808908106675779,8529,1492808908108904024,/temperature,15.4956226349,0.0
1492808908182320258,8530,1492808908182904024,/temperature,15.4868888855,0.0
1492808908256809543,8531,1492808908256904024,/temperature,15.4956226349,0.0
1492808908330320072,8532,1492808908331904024,/temperature,15.4956226349,0.0
1492808908405368140,8533,1492808908405904024,/temperature,15.4956226349,0.0
1492808908478470019,8534,1492808908479904024,/temperature,15.4956226349,0.0
1492808908552931671,8535,1492808908553904024,/temperature,15.4956226349,0.0
1492808908627037333,8536,1492808908628904024,/temperature,15.4956226349,0.0
1492808908701974274,8537,1492808908702904024,/temperature,15.4956226349,0.0
1492808908775975035,8538,1492808908776904024,/temperature,15.5043563843,0.0
1492808908849603628,8539,1492808908851904024,/temperature,15.4956226349,0.0
1492808908923994971,8540,1492808908925904024,/temperature,15.4956226349,0.0
1492808908998835811,8541,1492808908999904024,/temperature,15.5043563843,0.0
1492808909072530678,8542,1492808909073904024,/temperature,15.4956226349,0.0
1492808909147171874,8543,1492808909148904024,/temperature,15.4956226349,0.0
1492808909221600678,8544,1492808909222904024,/temperature,15.4956226349,0.0
1492808909296223283,8545,1492808909296904024,/temperature,15.4868888855,0.0
1492808909370593877,8546,1492808909370904024,/temperature,15.4868888855,0.0
1492808909444306525,8547,1492808909445904024,/temperature,15.4868888855,0.0
1492808909518903386,8548,1492808909519904024,/temperature,15.4956226349,0.0
1492808909593399715,8549,1492808909593904024,/temperature,15.5043563843,0.0
1492808909667247536,8550,1492808909667904024,/temperature,15.5043563843,0.0
1492808909741425201,8551,1492808909742904024,/temperature,15.5043563843,0.0
1492808909815755121,8552,1492808909816904024,/temperature,15.5043563843,0.0
1492808909890581188,8553,1492808909890904024,/temperature,15.5043563843,0.0
1492808909964572151,8554,1492808909965904024,/temperature,15.4956226349,0.0
1492808910038679332,8555,1492808910039904024,/temperature,15.5043563843,0.0
1492808910113483892,8556,1492808910113904024,/temperature,15.5043563843,0.0
1492808910186913587,8557,1492808910187904024,/temperature,15.4956226349,0.0
1492808910260663505,8558,1492808910262904024,/temperature,15.5043563843,0.0
1492808910335590209,8559,1492808910335977075,/temperature,15.5043563843,0.0
1492808910410137282,8560,1492808910409977075,/temperature,15.5043563843,0.0
1492808910483809719,8561,1492808910483977075,/temperature,15.51308918,0.0
1492808910557645280,8562,1492808910558977075,/temperature,15.4868888855,0.0
1492808910632793220,8563,1492808910632977075,/temperature,15.4868888855,0.0
1492808910707266492,8564,1492808910706977075,/temperature,15.4956226349,0.0
1492808910781050166,8565,1492808910781977075,/temperature,15.5043563843,0.0
1492808910856402712,8566,1492808910855977075,/temperature,15.4956226349,0.0
1492808910930327544,8567,1492808910929977075,/temperature,15.4956226349,0.0
1492808911004476740,8568,1492808911003977075,/temperature,15.4956226349,0.0
1492808911078185294,8569,1492808911078977075,/temperature,15.4956226349,0.0
1492808911153497755,8570,1492808911152977075,/temperature,15.5043563843,0.0
1492808911227509799,8571,1492808911226977075,/temperature,15.4956226349,0.0
1492808911301490166,8572,1492808911300977075,/temperature,15.5043563843,0.0
1492808911375377424,8573,1492808911375977075,/temperature,15.51308918,0.0
1492808911450511745,8574,1492808911449977075,/temperature,15.51308918,0.0
1492808911523495396,8575,1492808911523977075,/temperature,15.4868888855,0.0
1492808911597872897,8576,1492808911597977075,/temperature,15.5043563843,0.0
1492808911672304087,8577,1492808911672977075,/temperature,15.4956226349,0.0
1492808911746971055,8578,1492808911746977075,/temperature,15.5043563843,0.0
1492808911820872082,8579,1492808911820977075,/temperature,15.5218229294,0.0
1492808911894966407,8580,1492808911894977075,/temperature,15.5043563843,0.0
1492808911970464335,8581,1492808911969977075,/temperature,15.51308918,0.0
1492808912043691332,8582,1492808912043977075,/temperature,15.51308918,0.0
1492808912118417113,8583,1492808912117977075,/temperature,15.51308918,0.0
1492808912191988544,8584,1492808912192977075,/temperature,15.51308918,0.0
1492808912266886584,8585,1492808912266977075,/temperature,15.5043563843,0.0
1492808912340532962,8586,1492808912340977075,/temperature,15.51308918,0.0
1492808912415297242,8587,1492808912414977075,/temperature,15.51308918,0.0
1492808912489228412,8588,1492808912489977075,/temperature,15.51308918,0.0
1492808912564105329,8589,1492808912563977075,/temperature,15.51308918,0.0
1492808912637582017,8590,1492808912637977075,/temperature,15.51308918,0.0
1492808912711632218,8591,1492808912711977075,/temperature,15.51308918,0.0
1492808912786766190,8592,1492808912786977075,/temperature,15.5218229294,0.0
1492808912860626041,8593,1492808912860671041,/temperature,15.5392885208,0.0
1492808912934617335,8594,1492808912934671041,/temperature,15.5043563843,0.0
1492808913008710642,8595,1492808913008671041,/temperature,15.5218229294,0.0
1492808913084330853,8596,1492808913083671041,/temperature,15.5218229294,0.0
1492808913158417830,8597,1492808913157671041,/temperature,15.5218229294,0.0
1492808913231701961,8598,1492808913231671041,/temperature,15.5218229294,0.0
1492808913306239259,8599,1492808913306671041,/temperature,15.5043563843,0.0
1492808913381481423,8600,1492808913380671041,/temperature,15.51308918,0.0
1492808913455598334,8601,1492808913454671041,/temperature,15.51308918,0.0
1492808913529569037,8602,1492808913528671041,/temperature,15.5218229294,0.0
1492808913603414698,8603,1492808913603671041,/temperature,15.5218229294,0.0
1492808913678396786,8604,1492808913677671041,/temperature,15.5218229294,0.0
1492808913752201144,8605,1492808913751671041,/temperature,15.5218229294,0.0
1492808913825968344,8606,1492808913825671041,/temperature,15.51308918,0.0
1492808913900705578,8607,1492808913900671041,/temperature,15.5305557251,0.0
1492808913974614305,8608,1492808913974671041,/temperature,15.5305557251,0.0
1492808914048952809,8609,1492808914048671041,/temperature,15.51308918,0.0
1492808914122566679,8610,1492808914122671041,/temperature,15.5305557251,0.0
1492808914198270524,8611,1492808914197671041,/temperature,15.51308918,0.0
1492808914272234349,8612,1492808914271671041,/temperature,15.5218229294,0.0
1492808914345931603,8613,1492808914345671041,/temperature,15.5218229294,0.0
1492808914419928370,8614,1492808914420671041,/temperature,15.5305557251,0.0
1492808914494893096,8615,1492808914494671041,/temperature,15.51308918,0.0
1492808914568692222,8616,1492808914568671041,/temperature,15.5218229294,0.0
1492808914642809774,8617,1492808914642671041,/temperature,15.5043563843,0.0
1492808914716614726,8618,1492808914717671041,/temperature,15.5392885208,0.0
1492808914791567527,8619,1492808914791671041,/temperature,15.51308918,0.0
1492808914866477976,8620,1492808914865671041,/temperature,15.51308918,0.0
1492808914939665655,8621,1492808914939671041,/temperature,15.5305557251,0.0
1492808915014925602,8622,1492808915014671041,/temperature,15.5218229294,0.0
1492808915089604777,8623,1492808915088671041,/temperature,15.5305557251,0.0
1492808915163327493,8624,1492808915162671041,/temperature,15.5305557251,0.0
1492808915236670971,8625,1492808915236671041,/temperature,15.5480213165,0.0
1492808915311592164,8626,1492808915311671041,/temperature,15.5218229294,0.0
1492808915386122573,8627,1492808915385711906,/temperature,15.5218229294,0.0
1492808915460387990,8628,1492808915459711906,/temperature,15.51308918,0.0
1492808915534214451,8629,1492808915534711906,/temperature,15.5305557251,0.0
1492808915609032707,8630,1492808915608711906,/temperature,15.5218229294,0.0
1492808915683094765,8631,1492808915682711906,/temperature,15.5305557251,0.0
1492808915757626414,8632,1492808915756711906,/temperature,15.5305557251,0.0
1492808915831600798,8633,1492808915831711906,/temperature,15.5392885208,0.0
1492808915905900305,8634,1492808915905711906,/temperature,15.5305557251,0.0
1492808915980133696,8635,1492808915979711906,/temperature,15.5305557251,0.0
1492808916053697304,8636,1492808916053711906,/temperature,15.5305557251,0.0
1492808916129144246,8637,1492808916128711906,/temperature,15.5392885208,0.0
1492808916203425698,8638,1492808916202711906,/temperature,15.5305557251,0.0
1492808916277021581,8639,1492808916276711906,/temperature,15.5480213165,0.0
1492808916350956304,8640,1492808916351711906,/temperature,15.51308918,0.0
1492808916425654029,8641,1492808916425711906,/temperature,15.5392885208,0.0
1492808916500012391,8642,1492808916499711906,/temperature,15.5392885208,0.0
1492808916573718263,8643,1492808916573711906,/temperature,15.5392885208,0.0
1492808916648994398,8644,1492808916648711906,/temperature,15.5305557251,0.0
1492808916722834269,8645,1492808916722711906,/temperature,15.51308918,0.0
1492808916796806277,8646,1492808916796711906,/temperature,15.5392885208,0.0
1492808916871434997,8647,1492808916870711906,/temperature,15.5480213165,0.0
1492808916945882169,8648,1492808916945711906,/temperature,15.5392885208,0.0
1492808917020366700,8649,1492808917019711906,/temperature,15.5392885208,0.0
1492808917093992048,8650,1492808917093711906,/temperature,15.5305557251,0.0
1492808917168297896,8651,1492808917167711906,/temperature,15.5480213165,0.0
1492808917242560851,8652,1492808917242711906,/temperature,15.5392885208,0.0
1492808917317280339,8653,1492808917316711906,/temperature,15.5218229294,0.0
1492808917391350016,8654,1492808917390711906,/temperature,15.5305557251,0.0
1492808917465329863,8655,1492808917464711906,/temperature,15.5305557251,0.0
1492808917540207122,8656,1492808917539711906,/temperature,15.5305557251,0.0
1492808917614341040,8657,1492808917613711906,/temperature,15.5305557251,0.0
1492808917688413639,8658,1492808917687711906,/temperature,15.5392885208,0.0
1492808917763303931,8659,1492808917762711906,/temperature,15.51308918,0.0
1492808917836500758,8660,1492808917836711906,/temperature,15.5567541122,0.0
1492808917910946995,8661,1492808917912374971,/temperature,15.51308918,0.0
1492808917985003576,8662,1492808917986374971,/temperature,15.5218229294,0.0
1492808918060129796,8663,1492808918061374971,/temperature,15.5392885208,0.0
1492808918134074090,8664,1492808918135374971,/temperature,15.5305557251,0.0
1492808918207730394,8665,1492808918209374971,/temperature,15.5480213165,0.0
