%time,field.header.seq,field.header.stamp,field.header.frame_id,field.twist.linear.x,field.twist.linear.y,field.twist.linear.z,field.twist.angular.x,field.twist.angular.y,field.twist.angular.z
1492808844297786445,596,1492808844297607898,robot_frame,nan,nan,0.0,0.0,0.0,0.0
1492808845299639574,597,1492808845299459934,robot_frame,nan,nan,0.0,0.0,0.0,0.0
1492808846300407537,598,1492808846300241947,robot_frame,nan,nan,0.0,0.0,0.0,0.0
1492808847299329501,599,1492808847299151897,robot_frame,nan,nan,0.0,0.0,0.0,0.0
1492808848298157388,600,1492808848297909021,robot_frame,nan,nan,0.0,0.0,0.0,0.0
1492808849299835279,601,1492808849299679994,robot_frame,nan,nan,0.0,0.0,0.0,0.0
1492808850301663998,602,1492808850301502943,robot_frame,nan,nan,0.0,0.0,0.0,0.0
1492808851301486523,603,1492808851301322937,robot_frame,nan,nan,0.0,0.0,0.0,0.0
1492808852301249336,604,1492808852301070928,robot_frame,nan,nan,0.0,0.0,0.0,0.0
1492808853300159121,605,1492808853299978017,robot_frame,nan,nan,0.0,0.0,0.0,0.0
1492808854299971925,606,1492808854299815893,robot_frame,nan,nan,0.0,0.0,0.0,0.0
1492808855296728649,607,1492808855296576976,robot_frame,nan,nan,0.0,0.0,0.0,0.0
1492808856299563330,608,1492808856299391031,robot_frame,nan,nan,0.0,0.0,0.0,0.0
1492808857300355345,609,1492808857300184965,robot_frame,nan,nan,0.0,0.0,0.0,0.0
1492808858300125091,610,1492808858299961090,robot_frame,nan,nan,0.0,0.0,0.0,0.0
1492808859301882151,611,1492808859301706075,robot_frame,nan,nan,0.0,0.0,0.0,0.0
1492808860300730436,612,1492808860300558090,robot_frame,nan,nan,0.0,0.0,0.0,0.0
1492808861299493863,613,1492808861299316883,robot_frame,nan,nan,0.0,0.0,0.0,0.0
1492808862299426838,614,1492808862299220085,robot_frame,nan,nan,0.0,0.0,0.0,0.0
1492808863306127325,615,1492808863305953025,robot_frame,-0.739245846291,0.00399974396906,0.0,0.0,0.0,0.0
1492808864305865403,616,1492808864305689096,robot_frame,-0.74634762679,-0.125029673101,0.0,0.0,0.0,0.0
1492808865304694718,617,1492808865304537057,robot_frame,-0.708575464918,-0.22477337762,0.0,0.0,0.0,0.0
1492808866296654786,618,1492808866296478986,robot_frame,nan,nan,0.0,0.0,0.0,0.0
1492808867297415079,619,1492808867297245979,robot_frame,nan,nan,0.0,0.0,0.0,0.0
1492808868297191107,620,1492808868297015905,robot_frame,nan,nan,0.0,0.0,0.0,0.0
1492808869299006459,621,1492808869298834085,robot_frame,nan,nan,0.0,0.0,0.0,0.0
1492808870298888837,622,1492808870298645019,robot_frame,nan,nan,0.0,0.0,0.0,0.0
1492808871308640067,623,1492808871308475971,robot_frame,-0.493496974378,-1.04589013147,0.0,0.0,0.0,0.0
1492808872306396955,624,1492808872306227922,robot_frame,-0.181790194403,-1.0910138483,0.0,0.0,0.0,0.0
1492808873305162366,625,1492808873305002927,robot_frame,-0.107700401455,-1.05116590711,0.0,0.0,0.0,0.0
1492808874307078384,626,1492808874306893110,robot_frame,0.187214119293,-0.974020067517,0.0,0.0,0.0,0.0
1492808875308814817,627,1492808875308639049,robot_frame,0.146594370414,-0.831377987785,0.0,0.0,0.0,0.0
1492808876302658502,628,1492808876302490949,robot_frame,nan,nan,0.0,0.0,0.0,0.0
1492808877301470795,629,1492808877301306009,robot_frame,nan,nan,0.0,0.0,0.0,0.0
1492808878308263276,630,1492808878308089971,robot_frame,0.327586892738,-0.725862299135,0.0,0.0,0.0,0.0
1492808879306022905,631,1492808879305847883,robot_frame,0.867258680932,-0.693067295645,0.0,0.0,0.0,0.0
1492808880307814337,632,1492808880307646989,robot_frame,0.970273584072,-0.502512442085,0.0,0.0,0.0,0.0
1492808881305639206,633,1492808881305464029,robot_frame,0.983970056574,-0.589827314745,0.0,0.0,0.0,0.0
1492808882306377965,634,1492808882306195020,robot_frame,0.978558619198,-0.57067851969,0.0,0.0,0.0,0.0
1492808883309290279,635,1492808883309112071,robot_frame,0.996045239348,-0.553481228308,0.0,0.0,0.0,0.0
1492808884305170041,636,1492808884304982900,robot_frame,1.01915271472,-0.527827334412,0.0,0.0,0.0,0.0
1492808885308006701,637,1492808885307816982,robot_frame,1.0126717717,-0.496102781922,0.0,0.0,0.0,0.0
1492808886307822835,638,1492808886307652950,robot_frame,1.03474459517,-0.464815603517,0.0,0.0,0.0,0.0
1492808887306534335,639,1492808887306380987,robot_frame,1.03325013559,-0.443919291595,0.0,0.0,0.0,0.0
1492808888306353635,640,1492808888306174993,robot_frame,1.07211591508,-0.451116465494,0.0,0.0,0.0,0.0
1492808889306307371,641,1492808889306072950,robot_frame,1.13018202143,-0.363949992399,0.0,0.0,0.0,0.0
1492808890307993250,642,1492808890307811021,robot_frame,1.06529906927,-0.35706442723,0.0,0.0,0.0,0.0
1492808891308731613,643,1492808891308552026,robot_frame,1.08225340518,-0.378999752409,0.0,0.0,0.0,0.0
1492808892307625965,644,1492808892307456016,robot_frame,1.10967220252,-0.392519668015,0.0,0.0,0.0,0.0
1492808893310346706,645,1492808893310183048,robot_frame,1.03883539571,-0.398771546737,0.0,0.0,0.0,0.0
1492808894306279329,646,1492808894306102037,robot_frame,1.07721459661,-0.406401041129,0.0,0.0,0.0,0.0
1492808895304081841,647,1492808895303903102,robot_frame,1.06847464428,-0.447829343522,0.0,0.0,0.0,0.0
1492808896305856469,648,1492808896305680990,robot_frame,1.11558913342,-0.362261631752,0.0,0.0,0.0,0.0
1492808897309699030,649,1492808897309514999,robot_frame,1.03540710258,-0.372565371356,0.0,0.0,0.0,0.0
1492808898306640729,650,1492808898306433916,robot_frame,0.97489547888,-0.296939482273,0.0,0.0,0.0,0.0
1492808899308280863,651,1492808899308119058,robot_frame,0.833846702664,-0.277060639492,0.0,0.0,0.0,0.0
1492808900306113950,652,1492808900305954933,robot_frame,0.795946316104,-0.213719913624,0.0,0.0,0.0,0.0
1492808901307901475,653,1492808901307730913,robot_frame,0.729799593225,-0.166342279669,0.0,0.0,0.0,0.0
1492808902301743294,654,1492808902301562070,robot_frame,nan,nan,0.0,0.0,0.0,0.0
1492808903302640801,655,1492808903302449941,robot_frame,nan,nan,0.0,0.0,0.0,0.0
1492808904302328676,656,1492808904302139043,robot_frame,nan,nan,0.0,0.0,0.0,0.0
1492808905302192038,657,1492808905302023887,robot_frame,nan,nan,0.0,0.0,0.0,0.0
1492808906298960145,658,1492808906298793077,robot_frame,nan,nan,0.0,0.0,0.0,0.0
1492808907302844146,659,1492808907302678108,robot_frame,nan,nan,0.0,0.0,0.0,0.0
1492808908300689693,660,1492808908300510883,robot_frame,nan,nan,0.0,0.0,0.0,0.0
1492808909300407656,661,1492808909300252914,robot_frame,nan,nan,0.0,0.0,0.0,0.0
1492808910302257726,662,1492808910302083015,robot_frame,nan,nan,0.0,0.0,0.0,0.0
1492808911302058017,663,1492808911301899909,robot_frame,nan,nan,0.0,0.0,0.0,0.0
1492808912303812993,664,1492808912303648948,robot_frame,nan,nan,0.0,0.0,0.0,0.0
1492808913298697507,665,1492808913298525094,robot_frame,nan,nan,0.0,0.0,0.0,0.0
1492808914300530255,666,1492808914300368070,robot_frame,nan,nan,0.0,0.0,0.0,0.0
1492808915300348296,667,1492808915300172090,robot_frame,nan,nan,0.0,0.0,0.0,0.0
1492808916301149684,668,1492808916300995111,robot_frame,nan,nan,0.0,0.0,0.0,0.0
1492808917299959105,669,1492808917299796104,robot_frame,nan,nan,0.0,0.0,0.0,0.0
