%time,field.P_vel,field.I_vel,field.D_vel,field.P_pitch,field.I_pitch,field.D_pitch,field.P_yaw,field.I_yaw,field.D_yaw
1492808843555540800,105.0,44.0,17.5,10.0,0.0,50.0,28.0,0.0,50.0
1492808843655645648,105.0,44.0,17.5,10.0,0.0,50.0,28.0,0.0,50.0
1492808843755890158,105.0,44.0,17.5,10.0,0.0,50.0,28.0,0.0,50.0
1492808843855583959,105.0,44.0,17.5,10.0,0.0,50.0,28.0,0.0,50.0
1492808843956043547,105.0,44.0,17.5,10.0,0.0,50.0,28.0,0.0,50.0
1492808844055711614,105.0,44.0,17.5,10.0,0.0,50.0,28.0,0.0,50.0
1492808844155776691,105.0,44.0,17.5,10.0,0.0,50.0,28.0,0.0,50.0
1492808844255626387,105.0,44.0,17.5,10.0,0.0,50.0,28.0,0.0,50.0
1492808844355628299,105.0,44.0,17.5,10.0,0.0,50.0,28.0,0.0,50.0
1492808844455546315,105.0,44.0,17.5,10.0,0.0,50.0,28.0,0.0,50.0
1492808844555800566,105.0,44.0,17.5,10.0,0.0,50.0,28.0,0.0,50.0
1492808844655691945,105.0,44.0,17.5,10.0,0.0,50.0,28.0,0.0,50.0
1492808844755710491,105.0,44.0,17.5,10.0,0.0,50.0,28.0,0.0,50.0
1492808844855565319,105.0,44.0,17.5,10.0,0.0,50.0,28.0,0.0,50.0
1492808844955690648,105.0,44.0,17.5,10.0,0.0,50.0,28.0,0.0,50.0
1492808845055743751,105.0,44.0,17.5,10.0,0.0,50.0,28.0,0.0,50.0
1492808845155766898,105.0,44.0,17.5,10.0,0.0,50.0,28.0,0.0,50.0
1492808845255677310,105.0,44.0,17.5,10.0,0.0,50.0,28.0,0.0,50.0
1492808845355818295,105.0,44.0,17.5,10.0,0.0,50.0,28.0,0.0,50.0
1492808845455620668,105.0,44.0,17.5,10.0,0.0,50.0,28.0,0.0,50.0
1492808845555637810,105.0,44.0,17.5,10.0,0.0,50.0,28.0,0.0,50.0
1492808845655584775,105.0,44.0,17.5,10.0,0.0,50.0,28.0,0.0,50.0
1492808845755841763,105.0,44.0,17.5,10.0,0.0,50.0,28.0,0.0,50.0
1492808845855604756,105.0,44.0,17.5,10.0,0.0,50.0,28.0,0.0,50.0
1492808845955776234,105.0,44.0,17.5,10.0,0.0,50.0,28.0,0.0,50.0
1492808846055582102,105.0,44.0,17.5,10.0,0.0,50.0,28.0,0.0,50.0
1492808846155602905,105.0,44.0,17.5,10.0,0.0,50.0,28.0,0.0,50.0
1492808846255670537,105.0,44.0,17.5,10.0,0.0,50.0,28.0,0.0,50.0
1492808846355658605,105.0,44.0,17.5,10.0,0.0,50.0,28.0,0.0,50.0
1492808846455550948,105.0,44.0,17.5,10.0,0.0,50.0,28.0,0.0,50.0
1492808846555600361,105.0,44.0,17.5,10.0,0.0,50.0,28.0,0.0,50.0
1492808846655769432,105.0,44.0,17.5,10.0,0.0,50.0,28.0,0.0,50.0
1492808846755545695,105.0,44.0,17.5,10.0,0.0,50.0,28.0,0.0,50.0
1492808846855540805,105.0,44.0,17.5,10.0,0.0,50.0,28.0,0.0,50.0
1492808846955670470,105.0,44.0,17.5,10.0,0.0,50.0,28.0,0.0,50.0
1492808847055696238,105.0,44.0,17.5,10.0,0.0,50.0,28.0,0.0,50.0
1492808847155803552,105.0,44.0,17.5,10.0,0.0,50.0,28.0,0.0,50.0
1492808847255605681,105.0,44.0,17.5,10.0,0.0,50.0,28.0,0.0,50.0
1492808847355745613,105.0,44.0,17.5,10.0,0.0,50.0,28.0,0.0,50.0
1492808847455992588,105.0,44.0,17.5,10.0,0.0,50.0,28.0,0.0,50.0
1492808847555749735,105.0,44.0,17.5,10.0,0.0,50.0,28.0,0.0,50.0
1492808847655604811,105.0,44.0,17.5,10.0,0.0,50.0,28.0,0.0,50.0
1492808847755665797,105.0,44.0,17.5,10.0,0.0,50.0,28.0,0.0,50.0
1492808847855844445,105.0,44.0,17.5,10.0,0.0,50.0,28.0,0.0,50.0
1492808847955622709,105.0,44.0,17.5,10.0,0.0,50.0,28.0,0.0,50.0
1492808848055704020,105.0,44.0,17.5,10.0,0.0,50.0,28.0,0.0,50.0
1492808848155735317,105.0,44.0,17.5,10.0,0.0,50.0,28.0,0.0,50.0
1492808848255660969,105.0,44.0,17.5,10.0,0.0,50.0,28.0,0.0,50.0
1492808848356026873,105.0,44.0,17.5,10.0,0.0,50.0,28.0,0.0,50.0
1492808848455834966,105.0,44.0,17.5,10.0,0.0,50.0,28.0,0.0,50.0
1492808848555802450,105.0,44.0,17.5,10.0,0.0,50.0,28.0,0.0,50.0
1492808848655641761,105.0,44.0,17.5,10.0,0.0,50.0,28.0,0.0,50.0
1492808848755580942,105.0,44.0,17.5,10.0,0.0,50.0,28.0,0.0,50.0
1492808848855648727,105.0,44.0,17.5,10.0,0.0,50.0,28.0,0.0,50.0
1492808848955677581,105.0,44.0,17.5,10.0,0.0,50.0,28.0,0.0,50.0
1492808849055632612,105.0,44.0,17.5,10.0,0.0,50.0,28.0,0.0,50.0
1492808849156109873,105.0,44.0,17.5,10.0,0.0,50.0,28.0,0.0,50.0
1492808849255795774,105.0,44.0,17.5,10.0,0.0,50.0,28.0,0.0,50.0
1492808849355575895,105.0,44.0,17.5,10.0,0.0,50.0,28.0,0.0,50.0
1492808849455620867,105.0,44.0,17.5,10.0,0.0,50.0,28.0,0.0,50.0
1492808849555620078,105.0,44.0,17.5,10.0,0.0,50.0,28.0,0.0,50.0
1492808849655595050,105.0,44.0,17.5,10.0,0.0,50.0,28.0,0.0,50.0
1492808849755620296,105.0,44.0,17.5,10.0,0.0,50.0,28.0,0.0,50.0
1492808849855624461,105.0,44.0,17.5,10.0,0.0,50.0,28.0,0.0,50.0
1492808849955875303,105.0,44.0,17.5,10.0,0.0,50.0,28.0,0.0,50.0
1492808850055652699,105.0,44.0,17.5,10.0,0.0,50.0,28.0,0.0,50.0
1492808850155780537,105.0,44.0,17.5,10.0,0.0,50.0,28.0,0.0,50.0
1492808850255623194,105.0,44.0,17.5,10.0,0.0,50.0,28.0,0.0,50.0
1492808850355654477,105.0,44.0,17.5,10.0,0.0,50.0,28.0,0.0,50.0
1492808850455567434,105.0,44.0,17.5,10.0,0.0,50.0,28.0,0.0,50.0
1492808850555964352,105.0,44.0,17.5,10.0,0.0,50.0,28.0,0.0,50.0
1492808850655548544,105.0,44.0,17.5,10.0,0.0,50.0,28.0,0.0,50.0
1492808850755579940,105.0,44.0,17.5,10.0,0.0,50.0,28.0,0.0,50.0
1492808850855778172,105.0,44.0,17.5,10.0,0.0,50.0,28.0,0.0,50.0
1492808850955587515,105.0,44.0,17.5,10.0,0.0,50.0,28.0,0.0,50.0
1492808851055762087,105.0,44.0,17.5,10.0,0.0,50.0,28.0,0.0,50.0
1492808851155718359,105.0,44.0,17.5,10.0,0.0,50.0,28.0,0.0,50.0
1492808851255731359,105.0,44.0,17.5,10.0,0.0,50.0,28.0,0.0,50.0
1492808851355577387,105.0,44.0,17.5,10.0,0.0,50.0,28.0,0.0,50.0
1492808851456038937,105.0,44.0,17.5,10.0,0.0,50.0,28.0,0.0,50.0
1492808851555606018,105.0,44.0,17.5,10.0,0.0,50.0,28.0,0.0,50.0
1492808851655670019,105.0,44.0,17.5,10.0,0.0,50.0,28.0,0.0,50.0
1492808851755575425,105.0,44.0,17.5,10.0,0.0,50.0,28.0,0.0,50.0
1492808851855637528,105.0,44.0,17.5,10.0,0.0,50.0,28.0,0.0,50.0
1492808851955619024,105.0,44.0,17.5,10.0,0.0,50.0,28.0,0.0,50.0
1492808852055709349,105.0,44.0,17.5,10.0,0.0,50.0,28.0,0.0,50.0
1492808852155583481,105.0,44.0,17.5,10.0,0.0,50.0,28.0,0.0,50.0
1492808852255663263,105.0,44.0,17.5,10.0,0.0,50.0,28.0,0.0,50.0
1492808852355684554,105.0,44.0,17.5,10.0,0.0,50.0,28.0,0.0,50.0
1492808852455559794,105.0,44.0,17.5,10.0,0.0,50.0,28.0,0.0,50.0
1492808852555629750,105.0,44.0,17.5,10.0,0.0,50.0,28.0,0.0,50.0
1492808852655793977,105.0,44.0,17.5,10.0,0.0,50.0,28.0,0.0,50.0
1492808852755569892,105.0,44.0,17.5,10.0,0.0,50.0,28.0,0.0,50.0
1492808852855697431,105.0,44.0,17.5,10.0,0.0,50.0,28.0,0.0,50.0
1492808852955777421,105.0,44.0,17.5,10.0,0.0,50.0,28.0,0.0,50.0
1492808853055671598,105.0,44.0,17.5,10.0,0.0,50.0,28.0,0.0,50.0
1492808853155821620,105.0,44.0,17.5,10.0,0.0,50.0,28.0,0.0,50.0
1492808853255875200,105.0,44.0,17.5,10.0,0.0,50.0,28.0,0.0,50.0
1492808853355718077,105.0,44.0,17.5,10.0,0.0,50.0,28.0,0.0,50.0
1492808853455551244,105.0,44.0,17.5,10.0,0.0,50.0,28.0,0.0,50.0
1492808853555621927,105.0,44.0,17.5,10.0,0.0,50.0,28.0,0.0,50.0
1492808853655618582,105.0,44.0,17.5,10.0,0.0,50.0,28.0,0.0,50.0
1492808853755639248,105.0,44.0,17.5,10.0,0.0,50.0,28.0,0.0,50.0
1492808853855666494,105.0,44.0,17.5,10.0,0.0,50.0,28.0,0.0,50.0
1492808853955708809,105.0,44.0,17.5,10.0,0.0,50.0,28.0,0.0,50.0
1492808854055757059,105.0,44.0,17.5,10.0,0.0,50.0,28.0,0.0,50.0
1492808854155693467,105.0,44.0,17.5,10.0,0.0,50.0,28.0,0.0,50.0
1492808854255828212,105.0,44.0,17.5,10.0,0.0,50.0,28.0,0.0,50.0
1492808854355549182,105.0,44.0,17.5,10.0,0.0,50.0,28.0,0.0,50.0
1492808854455756293,105.0,44.0,17.5,10.0,0.0,50.0,28.0,0.0,50.0
1492808854555697360,105.0,44.0,17.5,10.0,0.0,50.0,28.0,0.0,50.0
1492808854655616670,105.0,44.0,17.5,10.0,0.0,50.0,28.0,0.0,50.0
1492808854755712440,105.0,44.0,17.5,10.0,0.0,50.0,28.0,0.0,50.0
1492808854855635055,105.0,44.0,17.5,10.0,0.0,50.0,28.0,0.0,50.0
1492808854955770925,105.0,44.0,17.5,10.0,0.0,50.0,28.0,0.0,50.0
1492808855055656841,105.0,44.0,17.5,10.0,0.0,50.0,28.0,0.0,50.0
1492808855155660121,105.0,44.0,17.5,10.0,0.0,50.0,28.0,0.0,50.0
1492808855255541620,105.0,44.0,17.5,10.0,0.0,50.0,28.0,0.0,50.0
1492808855355611561,105.0,44.0,17.5,10.0,0.0,50.0,28.0,0.0,50.0
1492808855455771167,105.0,44.0,17.5,10.0,0.0,50.0,28.0,0.0,50.0
1492808855555679321,105.0,44.0,17.5,10.0,0.0,50.0,28.0,0.0,50.0
1492808855655610166,105.0,44.0,17.5,10.0,0.0,50.0,28.0,0.0,50.0
1492808855755753415,105.0,44.0,17.5,10.0,0.0,50.0,28.0,0.0,50.0
1492808855855681351,105.0,44.0,17.5,10.0,0.0,50.0,28.0,0.0,50.0
1492808855955808168,105.0,44.0,17.5,10.0,0.0,50.0,28.0,0.0,50.0
1492808856055784025,105.0,44.0,17.5,10.0,0.0,50.0,28.0,0.0,50.0
1492808856155643627,105.0,44.0,17.5,10.0,0.0,50.0,28.0,0.0,50.0
1492808856255576850,105.0,44.0,17.5,10.0,0.0,50.0,28.0,0.0,50.0
1492808856355679422,105.0,44.0,17.5,10.0,0.0,50.0,28.0,0.0,50.0
1492808856455708157,105.0,44.0,17.5,10.0,0.0,50.0,28.0,0.0,50.0
1492808856555570654,105.0,44.0,17.5,10.0,0.0,50.0,28.0,0.0,50.0
1492808856655755233,105.0,44.0,17.5,10.0,0.0,50.0,28.0,0.0,50.0
1492808856755562782,105.0,44.0,17.5,10.0,0.0,50.0,28.0,0.0,50.0
1492808856855564348,105.0,44.0,17.5,10.0,0.0,50.0,28.0,0.0,50.0
1492808856955836457,105.0,44.0,17.5,10.0,0.0,50.0,28.0,0.0,50.0
1492808857055692993,105.0,44.0,17.5,10.0,0.0,50.0,28.0,0.0,50.0
1492808857155635857,105.0,44.0,17.5,10.0,0.0,50.0,28.0,0.0,50.0
1492808857255584574,105.0,44.0,17.5,10.0,0.0,50.0,28.0,0.0,50.0
1492808857355657568,105.0,44.0,17.5,10.0,0.0,50.0,28.0,0.0,50.0
1492808857455660687,105.0,44.0,17.5,10.0,0.0,50.0,28.0,0.0,50.0
1492808857555674752,105.0,44.0,17.5,10.0,0.0,50.0,28.0,0.0,50.0
1492808857655673421,105.0,44.0,17.5,10.0,0.0,50.0,28.0,0.0,50.0
1492808857755651028,105.0,44.0,17.5,10.0,0.0,50.0,28.0,0.0,50.0
1492808857855764961,105.0,44.0,17.5,10.0,0.0,50.0,28.0,0.0,50.0
1492808857955544848,105.0,44.0,17.5,10.0,0.0,50.0,28.0,0.0,50.0
1492808858055737484,105.0,44.0,17.5,10.0,0.0,50.0,28.0,0.0,50.0
1492808858155635398,105.0,44.0,17.5,10.0,0.0,50.0,28.0,0.0,50.0
1492808858255819288,105.0,44.0,17.5,10.0,0.0,50.0,28.0,0.0,50.0
1492808858356020351,105.0,44.0,17.5,10.0,0.0,50.0,28.0,0.0,50.0
1492808858455573112,105.0,44.0,17.5,10.0,0.0,50.0,28.0,0.0,50.0
1492808858555693451,105.0,44.0,17.5,10.0,0.0,50.0,28.0,0.0,50.0
1492808858655725405,105.0,44.0,17.5,10.0,0.0,50.0,28.0,0.0,50.0
1492808858755565760,105.0,44.0,17.5,10.0,0.0,50.0,28.0,0.0,50.0
1492808858855568830,105.0,44.0,17.5,10.0,0.0,50.0,28.0,0.0,50.0
1492808858955684580,105.0,44.0,17.5,10.0,0.0,50.0,28.0,0.0,50.0
1492808859055607483,105.0,44.0,17.5,10.0,0.0,50.0,28.0,0.0,50.0
1492808859155605908,105.0,44.0,17.5,10.0,0.0,50.0,28.0,0.0,50.0
1492808859255762695,105.0,44.0,17.5,10.0,0.0,50.0,28.0,0.0,50.0
1492808859355870302,105.0,44.0,17.5,10.0,0.0,50.0,28.0,0.0,50.0
1492808859455569753,105.0,44.0,17.5,10.0,0.0,50.0,28.0,0.0,50.0
1492808859555633358,105.0,44.0,17.5,10.0,0.0,50.0,28.0,0.0,50.0
1492808859655619124,105.0,44.0,17.5,10.0,0.0,50.0,28.0,0.0,50.0
1492808859755753460,105.0,44.0,17.5,10.0,0.0,50.0,28.0,0.0,50.0
1492808859855751758,105.0,44.0,17.5,10.0,0.0,50.0,28.0,0.0,50.0
1492808859955561683,105.0,44.0,17.5,10.0,0.0,50.0,28.0,0.0,50.0
1492808860055748756,105.0,44.0,17.5,10.0,0.0,50.0,28.0,0.0,50.0
1492808860155933514,105.0,44.0,17.5,10.0,0.0,50.0,28.0,0.0,50.0
1492808860255763853,105.0,44.0,17.5,10.0,0.0,50.0,28.0,0.0,50.0
1492808860355488593,105.0,44.0,17.5,10.0,0.0,50.0,28.0,0.0,50.0
1492808860455688378,105.0,44.0,17.5,10.0,0.0,50.0,28.0,0.0,50.0
1492808860555654562,105.0,44.0,17.5,10.0,0.0,50.0,28.0,0.0,50.0
1492808860656068753,105.0,44.0,17.5,10.0,0.0,50.0,28.0,0.0,50.0
1492808860756104852,105.0,44.0,17.5,10.0,0.0,50.0,28.0,0.0,50.0
1492808860855635075,105.0,44.0,17.5,10.0,0.0,50.0,28.0,0.0,50.0
1492808860955656807,105.0,44.0,17.5,10.0,0.0,50.0,28.0,0.0,50.0
1492808861055778820,105.0,44.0,17.5,10.0,0.0,50.0,28.0,0.0,50.0
1492808861155616361,105.0,44.0,17.5,10.0,0.0,50.0,28.0,0.0,50.0
1492808861255638127,105.0,44.0,17.5,10.0,0.0,50.0,28.0,0.0,50.0
1492808861355649734,105.0,44.0,17.5,10.0,0.0,50.0,28.0,0.0,50.0
1492808861455639948,105.0,44.0,17.5,10.0,0.0,50.0,28.0,0.0,50.0
1492808861555875719,105.0,44.0,17.5,10.0,0.0,50.0,28.0,0.0,50.0
1492808861655758926,105.0,44.0,17.5,10.0,0.0,50.0,28.0,0.0,50.0
1492808861755628455,105.0,44.0,17.5,10.0,0.0,50.0,28.0,0.0,50.0
1492808861855603601,105.0,44.0,17.5,10.0,0.0,50.0,28.0,0.0,50.0
1492808861955668040,105.0,44.0,17.5,10.0,0.0,50.0,28.0,0.0,50.0
1492808862055621154,105.0,44.0,17.5,10.0,0.0,50.0,28.0,0.0,50.0
1492808862155798255,105.0,44.0,17.5,10.0,0.0,50.0,28.0,0.0,50.0
1492808862255923492,105.0,44.0,17.5,10.0,0.0,50.0,28.0,0.0,50.0
1492808862355686282,105.0,44.0,17.5,10.0,0.0,50.0,28.0,0.0,50.0
1492808862455751427,105.0,44.0,17.5,10.0,0.0,50.0,28.0,0.0,50.0
1492808862555581314,105.0,44.0,17.5,10.0,0.0,50.0,28.0,0.0,50.0
1492808862656290746,105.0,44.0,17.5,10.0,0.0,50.0,28.0,0.0,50.0
1492808862755669770,105.0,44.0,17.5,10.0,0.0,50.0,28.0,0.0,50.0
1492808862855641362,105.0,44.0,17.5,10.0,0.0,50.0,28.0,0.0,50.0
1492808862955719008,105.0,44.0,17.5,10.0,0.0,50.0,28.0,0.0,50.0
1492808863055625442,105.0,44.0,17.5,10.0,0.0,50.0,28.0,0.0,50.0
1492808863155826138,105.0,44.0,17.5,10.0,0.0,50.0,28.0,0.0,50.0
1492808863255610833,105.0,44.0,17.5,10.0,0.0,50.0,28.0,0.0,50.0
1492808863355787501,105.0,44.0,17.5,10.0,0.0,50.0,28.0,0.0,50.0
1492808863455594694,105.0,44.0,17.5,10.0,0.0,50.0,28.0,0.0,50.0
1492808863555640995,105.0,44.0,17.5,10.0,0.0,50.0,28.0,0.0,50.0
1492808863655658228,105.0,44.0,17.5,10.0,0.0,50.0,28.0,0.0,50.0
1492808863755617805,105.0,44.0,17.5,10.0,0.0,50.0,28.0,0.0,50.0
1492808863855645351,105.0,44.0,17.5,10.0,0.0,50.0,28.0,0.0,50.0
1492808863955769561,105.0,44.0,17.5,10.0,0.0,50.0,28.0,0.0,50.0
1492808864055626672,105.0,44.0,17.5,10.0,0.0,50.0,28.0,0.0,50.0
1492808864155565437,105.0,44.0,17.5,10.0,0.0,50.0,28.0,0.0,50.0
1492808864255681743,105.0,44.0,17.5,10.0,0.0,50.0,28.0,0.0,50.0
1492808864355847789,105.0,44.0,17.5,10.0,0.0,50.0,28.0,0.0,50.0
1492808864455818956,105.0,44.0,17.5,10.0,0.0,50.0,28.0,0.0,50.0
1492808864555687121,105.0,44.0,17.5,10.0,0.0,50.0,28.0,0.0,50.0
1492808864655568247,105.0,44.0,17.5,10.0,0.0,50.0,28.0,0.0,50.0
1492808864755638383,105.0,44.0,17.5,10.0,0.0,50.0,28.0,0.0,50.0
1492808864855650829,105.0,44.0,17.5,10.0,0.0,50.0,28.0,0.0,50.0
1492808864955574659,105.0,44.0,17.5,10.0,0.0,50.0,28.0,0.0,50.0
1492808865055556920,105.0,44.0,17.5,10.0,0.0,50.0,28.0,0.0,50.0
1492808865155603258,105.0,44.0,17.5,10.0,0.0,50.0,28.0,0.0,50.0
1492808865255874893,105.0,44.0,17.5,10.0,0.0,50.0,28.0,0.0,50.0
1492808865355697608,105.0,44.0,17.5,10.0,0.0,50.0,28.0,0.0,50.0
1492808865455735812,105.0,44.0,17.5,10.0,0.0,50.0,28.0,0.0,50.0
1492808865555766442,105.0,44.0,17.5,10.0,0.0,50.0,28.0,0.0,50.0
1492808865655703926,105.0,44.0,17.5,10.0,0.0,50.0,28.0,0.0,50.0
1492808865755898884,105.0,44.0,17.5,10.0,0.0,50.0,28.0,0.0,50.0
1492808865855635780,105.0,44.0,17.5,10.0,0.0,50.0,28.0,0.0,50.0
1492808865955793330,105.0,44.0,17.5,10.0,0.0,50.0,28.0,0.0,50.0
1492808866055641387,105.0,44.0,17.5,10.0,0.0,50.0,28.0,0.0,50.0
1492808866155751348,105.0,44.0,17.5,10.0,0.0,50.0,28.0,0.0,50.0
1492808866255592776,105.0,44.0,17.5,10.0,0.0,50.0,28.0,0.0,50.0
1492808866355616380,105.0,44.0,17.5,10.0,0.0,50.0,28.0,0.0,50.0
1492808866455828465,105.0,44.0,17.5,10.0,0.0,50.0,28.0,0.0,50.0
1492808866555699313,105.0,44.0,17.5,10.0,0.0,50.0,28.0,0.0,50.0
1492808866655619700,105.0,44.0,17.5,10.0,0.0,50.0,28.0,0.0,50.0
1492808866755694441,105.0,44.0,17.5,10.0,0.0,50.0,28.0,0.0,50.0
1492808866855657044,105.0,44.0,17.5,10.0,0.0,50.0,28.0,0.0,50.0
1492808866955564374,105.0,44.0,17.5,10.0,0.0,50.0,28.0,0.0,50.0
1492808867055768887,105.0,44.0,17.5,10.0,0.0,50.0,28.0,0.0,50.0
1492808867155548968,105.0,44.0,17.5,10.0,0.0,50.0,28.0,0.0,50.0
1492808867255866185,105.0,44.0,17.5,10.0,0.0,50.0,28.0,0.0,50.0
1492808867355831253,105.0,44.0,17.5,10.0,0.0,50.0,28.0,0.0,50.0
1492808867455610882,105.0,44.0,17.5,10.0,0.0,50.0,28.0,0.0,50.0
1492808867555763427,105.0,44.0,17.5,10.0,0.0,50.0,28.0,0.0,50.0
1492808867655630233,105.0,44.0,17.5,10.0,0.0,50.0,28.0,0.0,50.0
1492808867755721214,105.0,44.0,17.5,10.0,0.0,50.0,28.0,0.0,50.0
1492808867855680165,105.0,44.0,17.5,10.0,0.0,50.0,28.0,0.0,50.0
1492808867955698523,105.0,44.0,17.5,10.0,0.0,50.0,28.0,0.0,50.0
1492808868055742784,105.0,44.0,17.5,10.0,0.0,50.0,28.0,0.0,50.0
1492808868155634829,105.0,44.0,17.5,10.0,0.0,50.0,28.0,0.0,50.0
1492808868255538105,105.0,44.0,17.5,10.0,0.0,50.0,28.0,0.0,50.0
1492808868355669210,105.0,44.0,17.5,10.0,0.0,50.0,28.0,0.0,50.0
1492808868455759934,105.0,44.0,17.5,10.0,0.0,50.0,28.0,0.0,50.0
1492808868555766037,105.0,44.0,17.5,10.0,0.0,50.0,28.0,0.0,50.0
1492808868655705797,105.0,44.0,17.5,10.0,0.0,50.0,28.0,0.0,50.0
1492808868755736017,105.0,44.0,17.5,10.0,0.0,50.0,28.0,0.0,50.0
1492808868855600306,105.0,44.0,17.5,10.0,0.0,50.0,28.0,0.0,50.0
1492808868955909835,105.0,44.0,17.5,10.0,0.0,50.0,28.0,0.0,50.0
1492808869055792411,105.0,44.0,17.5,10.0,0.0,50.0,28.0,0.0,50.0
1492808869155795215,105.0,44.0,17.5,10.0,0.0,50.0,28.0,0.0,50.0
1492808869255552915,105.0,44.0,17.5,10.0,0.0,50.0,28.0,0.0,50.0
1492808869356057269,105.0,44.0,17.5,10.0,0.0,50.0,28.0,0.0,50.0
1492808869455651829,105.0,44.0,17.5,10.0,0.0,50.0,28.0,0.0,50.0
1492808869555549988,105.0,44.0,17.5,10.0,0.0,50.0,28.0,0.0,50.0
1492808869655637506,105.0,44.0,17.5,10.0,0.0,50.0,28.0,0.0,50.0
1492808869755707964,105.0,44.0,17.5,10.0,0.0,50.0,28.0,0.0,50.0
1492808869855807535,105.0,44.0,17.5,10.0,0.0,50.0,28.0,0.0,50.0
1492808869955638436,105.0,44.0,17.5,10.0,0.0,50.0,28.0,0.0,50.0
1492808870055698485,105.0,44.0,17.5,10.0,0.0,50.0,28.0,0.0,50.0
1492808870155680591,105.0,44.0,17.5,10.0,0.0,50.0,28.0,0.0,50.0
1492808870255685444,105.0,44.0,17.5,10.0,0.0,50.0,28.0,0.0,50.0
1492808870355620993,105.0,44.0,17.5,10.0,0.0,50.0,28.0,0.0,50.0
1492808870455598617,105.0,44.0,17.5,10.0,0.0,50.0,28.0,0.0,50.0
1492808870555646860,105.0,44.0,17.5,10.0,0.0,50.0,28.0,0.0,50.0
1492808870655621502,105.0,44.0,17.5,10.0,0.0,50.0,28.0,0.0,50.0
1492808870755615228,105.0,44.0,17.5,10.0,0.0,50.0,28.0,0.0,50.0
1492808870855604963,105.0,44.0,17.5,10.0,0.0,50.0,28.0,0.0,50.0
1492808870955576861,105.0,44.0,17.5,10.0,0.0,50.0,28.0,0.0,50.0
1492808871055791098,105.0,44.0,17.5,10.0,0.0,50.0,28.0,0.0,50.0
1492808871155692761,105.0,44.0,17.5,10.0,0.0,50.0,28.0,0.0,50.0
1492808871255633224,105.0,44.0,17.5,10.0,0.0,50.0,28.0,0.0,50.0
1492808871355538856,105.0,44.0,17.5,10.0,0.0,50.0,28.0,0.0,50.0
1492808871455582641,105.0,44.0,17.5,10.0,0.0,50.0,28.0,0.0,50.0
1492808871555586787,105.0,44.0,17.5,10.0,0.0,50.0,28.0,0.0,50.0
1492808871655617212,105.0,44.0,17.5,10.0,0.0,50.0,28.0,0.0,50.0
1492808871755586139,105.0,44.0,17.5,10.0,0.0,50.0,28.0,0.0,50.0
1492808871855663434,105.0,44.0,17.5,10.0,0.0,50.0,28.0,0.0,50.0
1492808871955998089,105.0,44.0,17.5,10.0,0.0,50.0,28.0,0.0,50.0
1492808872055712826,105.0,44.0,17.5,10.0,0.0,50.0,28.0,0.0,50.0
1492808872155603420,105.0,44.0,17.5,10.0,0.0,50.0,28.0,0.0,50.0
1492808872255660713,105.0,44.0,17.5,10.0,0.0,50.0,28.0,0.0,50.0
1492808872355671888,105.0,44.0,17.5,10.0,0.0,50.0,28.0,0.0,50.0
1492808872455664183,105.0,44.0,17.5,10.0,0.0,50.0,28.0,0.0,50.0
1492808872555756339,105.0,44.0,17.5,10.0,0.0,50.0,28.0,0.0,50.0
1492808872655653112,105.0,44.0,17.5,10.0,0.0,50.0,28.0,0.0,50.0
1492808872755683408,105.0,44.0,17.5,10.0,0.0,50.0,28.0,0.0,50.0
1492808872855663131,105.0,44.0,17.5,10.0,0.0,50.0,28.0,0.0,50.0
1492808872955819012,105.0,44.0,17.5,10.0,0.0,50.0,28.0,0.0,50.0
1492808873055579532,105.0,44.0,17.5,10.0,0.0,50.0,28.0,0.0,50.0
1492808873155667093,105.0,44.0,17.5,10.0,0.0,50.0,28.0,0.0,50.0
1492808873255687626,105.0,44.0,17.5,10.0,0.0,50.0,28.0,0.0,50.0
1492808873355672363,105.0,44.0,17.5,10.0,0.0,50.0,28.0,0.0,50.0
1492808873455637868,105.0,44.0,17.5,10.0,0.0,50.0,28.0,0.0,50.0
1492808873555667358,105.0,44.0,17.5,10.0,0.0,50.0,28.0,0.0,50.0
1492808873655598029,105.0,44.0,17.5,10.0,0.0,50.0,28.0,0.0,50.0
1492808873755681056,105.0,44.0,17.5,10.0,0.0,50.0,28.0,0.0,50.0
1492808873855627153,105.0,44.0,17.5,10.0,0.0,50.0,28.0,0.0,50.0
1492808873955773526,105.0,44.0,17.5,10.0,0.0,50.0,28.0,0.0,50.0
1492808874055587715,105.0,44.0,17.5,10.0,0.0,50.0,28.0,0.0,50.0
1492808874155605583,105.0,44.0,17.5,10.0,0.0,50.0,28.0,0.0,50.0
1492808874255583383,105.0,44.0,17.5,10.0,0.0,50.0,28.0,0.0,50.0
1492808874355889789,105.0,44.0,17.5,10.0,0.0,50.0,28.0,0.0,50.0
1492808874455523621,105.0,44.0,17.5,10.0,0.0,50.0,28.0,0.0,50.0
1492808874555618024,105.0,44.0,17.5,10.0,0.0,50.0,28.0,0.0,50.0
1492808874655831517,105.0,44.0,17.5,10.0,0.0,50.0,28.0,0.0,50.0
1492808874755584081,105.0,44.0,17.5,10.0,0.0,50.0,28.0,0.0,50.0
1492808874855625413,105.0,44.0,17.5,10.0,0.0,50.0,28.0,0.0,50.0
1492808874955600948,105.0,44.0,17.5,10.0,0.0,50.0,28.0,0.0,50.0
1492808875055879110,105.0,44.0,17.5,10.0,0.0,50.0,28.0,0.0,50.0
1492808875155628653,105.0,44.0,17.5,10.0,0.0,50.0,28.0,0.0,50.0
1492808875255818909,105.0,44.0,17.5,10.0,0.0,50.0,28.0,0.0,50.0
1492808875355826938,105.0,44.0,17.5,10.0,0.0,50.0,28.0,0.0,50.0
1492808875455601138,105.0,44.0,17.5,10.0,0.0,50.0,28.0,0.0,50.0
1492808875555589486,105.0,44.0,17.5,10.0,0.0,50.0,28.0,0.0,50.0
1492808875655869736,105.0,44.0,17.5,10.0,0.0,50.0,28.0,0.0,50.0
1492808875755698388,105.0,44.0,17.5,10.0,0.0,50.0,28.0,0.0,50.0
1492808875855673913,105.0,44.0,17.5,10.0,0.0,50.0,28.0,0.0,50.0
1492808875955567348,105.0,44.0,17.5,10.0,0.0,50.0,28.0,0.0,50.0
1492808876055665863,105.0,44.0,17.5,10.0,0.0,50.0,28.0,0.0,50.0
1492808876155601471,105.0,44.0,17.5,10.0,0.0,50.0,28.0,0.0,50.0
1492808876255702486,105.0,44.0,17.5,10.0,0.0,50.0,28.0,0.0,50.0
1492808876355619745,105.0,44.0,17.5,10.0,0.0,50.0,28.0,0.0,50.0
1492808876455733644,105.0,44.0,17.5,10.0,0.0,50.0,28.0,0.0,50.0
1492808876555878774,105.0,44.0,17.5,10.0,0.0,50.0,28.0,0.0,50.0
1492808876655643525,105.0,44.0,17.5,10.0,0.0,50.0,28.0,0.0,50.0
1492808876755816690,105.0,44.0,17.5,10.0,0.0,50.0,28.0,0.0,50.0
1492808876855694485,105.0,44.0,17.5,10.0,0.0,50.0,28.0,0.0,50.0
1492808876955669403,105.0,44.0,17.5,10.0,0.0,50.0,28.0,0.0,50.0
1492808877055786362,105.0,44.0,17.5,10.0,0.0,50.0,28.0,0.0,50.0
1492808877155733166,105.0,44.0,17.5,10.0,0.0,50.0,28.0,0.0,50.0
1492808877255595279,105.0,44.0,17.5,10.0,0.0,50.0,28.0,0.0,50.0
1492808877355661621,105.0,44.0,17.5,10.0,0.0,50.0,28.0,0.0,50.0
1492808877455754661,105.0,44.0,17.5,10.0,0.0,50.0,28.0,0.0,50.0
1492808877555749566,105.0,44.0,17.5,10.0,0.0,50.0,28.0,0.0,50.0
1492808877655677055,105.0,44.0,17.5,10.0,0.0,50.0,28.0,0.0,50.0
1492808877755573553,105.0,44.0,17.5,10.0,0.0,50.0,28.0,0.0,50.0
1492808877855638654,105.0,44.0,17.5,10.0,0.0,50.0,28.0,0.0,50.0
1492808877955726617,105.0,44.0,17.5,10.0,0.0,50.0,28.0,0.0,50.0
1492808878055777422,105.0,44.0,17.5,10.0,0.0,50.0,28.0,0.0,50.0
1492808878155722079,105.0,44.0,17.5,10.0,0.0,50.0,28.0,0.0,50.0
1492808878255709300,105.0,44.0,17.5,10.0,0.0,50.0,28.0,0.0,50.0
1492808878355784340,105.0,44.0,17.5,10.0,0.0,50.0,28.0,0.0,50.0
1492808878455597241,105.0,44.0,17.5,10.0,0.0,50.0,28.0,0.0,50.0
1492808878555764944,105.0,44.0,17.5,10.0,0.0,50.0,28.0,0.0,50.0
1492808878655787388,105.0,44.0,17.5,10.0,0.0,50.0,28.0,0.0,50.0
1492808878755674499,105.0,44.0,17.5,10.0,0.0,50.0,28.0,0.0,50.0
1492808878855743705,105.0,44.0,17.5,10.0,0.0,50.0,28.0,0.0,50.0
1492808878955636963,105.0,44.0,17.5,10.0,0.0,50.0,28.0,0.0,50.0
1492808879055670135,105.0,44.0,17.5,10.0,0.0,50.0,28.0,0.0,50.0
1492808879155686900,105.0,44.0,17.5,10.0,0.0,50.0,28.0,0.0,50.0
1492808879255622468,105.0,44.0,17.5,10.0,0.0,50.0,28.0,0.0,50.0
1492808879355798924,105.0,44.0,17.5,10.0,0.0,50.0,28.0,0.0,50.0
1492808879455541393,105.0,44.0,17.5,10.0,0.0,50.0,28.0,0.0,50.0
1492808879555613401,105.0,44.0,17.5,10.0,0.0,50.0,28.0,0.0,50.0
1492808879655639697,105.0,44.0,17.5,10.0,0.0,50.0,28.0,0.0,50.0
1492808879755646195,105.0,44.0,17.5,10.0,0.0,50.0,28.0,0.0,50.0
1492808879855750091,105.0,44.0,17.5,10.0,0.0,50.0,28.0,0.0,50.0
1492808879955803133,105.0,44.0,17.5,10.0,0.0,50.0,28.0,0.0,50.0
1492808880055655197,105.0,44.0,17.5,10.0,0.0,50.0,28.0,0.0,50.0
1492808880155752381,105.0,44.0,17.5,10.0,0.0,50.0,28.0,0.0,50.0
1492808880255615678,105.0,44.0,17.5,10.0,0.0,50.0,28.0,0.0,50.0
1492808880355636747,105.0,44.0,17.5,10.0,0.0,50.0,28.0,0.0,50.0
1492808880455813746,105.0,44.0,17.5,10.0,0.0,50.0,28.0,0.0,50.0
1492808880555739280,105.0,44.0,17.5,10.0,0.0,50.0,28.0,0.0,50.0
1492808880655608795,105.0,44.0,17.5,10.0,0.0,50.0,28.0,0.0,50.0
1492808880755598507,105.0,44.0,17.5,10.0,0.0,50.0,28.0,0.0,50.0
1492808880855709348,105.0,44.0,17.5,10.0,0.0,50.0,28.0,0.0,50.0
1492808880955588862,105.0,44.0,17.5,10.0,0.0,50.0,28.0,0.0,50.0
1492808881055654296,105.0,44.0,17.5,10.0,0.0,50.0,28.0,0.0,50.0
1492808881155849743,105.0,44.0,17.5,10.0,0.0,50.0,28.0,0.0,50.0
1492808881255644979,105.0,44.0,17.5,10.0,0.0,50.0,28.0,0.0,50.0
1492808881355620096,105.0,44.0,17.5,10.0,0.0,50.0,28.0,0.0,50.0
1492808881455820600,105.0,44.0,17.5,10.0,0.0,50.0,28.0,0.0,50.0
1492808881555571913,105.0,44.0,17.5,10.0,0.0,50.0,28.0,0.0,50.0
1492808881655620319,105.0,44.0,17.5,10.0,0.0,50.0,28.0,0.0,50.0
1492808881755765097,105.0,44.0,17.5,10.0,0.0,50.0,28.0,0.0,50.0
1492808881855602599,105.0,44.0,17.5,10.0,0.0,50.0,28.0,0.0,50.0
1492808881955642920,105.0,44.0,17.5,10.0,0.0,50.0,28.0,0.0,50.0
1492808882055764276,105.0,44.0,17.5,10.0,0.0,50.0,28.0,0.0,50.0
1492808882155673392,105.0,44.0,17.5,10.0,0.0,50.0,28.0,0.0,50.0
1492808882255797886,105.0,44.0,17.5,10.0,0.0,50.0,28.0,0.0,50.0
1492808882355662647,105.0,44.0,17.5,10.0,0.0,50.0,28.0,0.0,50.0
1492808882455700443,105.0,44.0,17.5,10.0,0.0,50.0,28.0,0.0,50.0
1492808882555633006,105.0,44.0,17.5,10.0,0.0,50.0,28.0,0.0,50.0
1492808882655649185,105.0,44.0,17.5,10.0,0.0,50.0,28.0,0.0,50.0
1492808882755559872,105.0,44.0,17.5,10.0,0.0,50.0,28.0,0.0,50.0
1492808882855687336,105.0,44.0,17.5,10.0,0.0,50.0,28.0,0.0,50.0
1492808882955712936,105.0,44.0,17.5,10.0,0.0,50.0,28.0,0.0,50.0
1492808883055686072,105.0,44.0,17.5,10.0,0.0,50.0,28.0,0.0,50.0
1492808883155681648,105.0,44.0,17.5,10.0,0.0,50.0,28.0,0.0,50.0
1492808883255649151,105.0,44.0,17.5,10.0,0.0,50.0,28.0,0.0,50.0
1492808883355576040,105.0,44.0,17.5,10.0,0.0,50.0,28.0,0.0,50.0
1492808883455715119,105.0,44.0,17.5,10.0,0.0,50.0,28.0,0.0,50.0
1492808883555544697,105.0,44.0,17.5,10.0,0.0,50.0,28.0,0.0,50.0
1492808883655596464,105.0,44.0,17.5,10.0,0.0,50.0,28.0,0.0,50.0
1492808883755632690,105.0,44.0,17.5,10.0,0.0,50.0,28.0,0.0,50.0
1492808883855583400,105.0,44.0,17.5,10.0,0.0,50.0,28.0,0.0,50.0
1492808883955712394,105.0,44.0,17.5,10.0,0.0,50.0,28.0,0.0,50.0
1492808884055716610,105.0,44.0,17.5,10.0,0.0,50.0,28.0,0.0,50.0
1492808884155636905,105.0,44.0,17.5,10.0,0.0,50.0,28.0,0.0,50.0
1492808884255619534,105.0,44.0,17.5,10.0,0.0,50.0,28.0,0.0,50.0
1492808884355634053,105.0,44.0,17.5,10.0,0.0,50.0,28.0,0.0,50.0
1492808884455765285,105.0,44.0,17.5,10.0,0.0,50.0,28.0,0.0,50.0
1492808884555615021,105.0,44.0,17.5,10.0,0.0,50.0,28.0,0.0,50.0
1492808884655620181,105.0,44.0,17.5,10.0,0.0,50.0,28.0,0.0,50.0
1492808884755597834,105.0,44.0,17.5,10.0,0.0,50.0,28.0,0.0,50.0
1492808884855602439,105.0,44.0,17.5,10.0,0.0,50.0,28.0,0.0,50.0
1492808884955743253,105.0,44.0,17.5,10.0,0.0,50.0,28.0,0.0,50.0
1492808885055646894,105.0,44.0,17.5,10.0,0.0,50.0,28.0,0.0,50.0
1492808885155604092,105.0,44.0,17.5,10.0,0.0,50.0,28.0,0.0,50.0
1492808885255772431,105.0,44.0,17.5,10.0,0.0,50.0,28.0,0.0,50.0
1492808885355652998,105.0,44.0,17.5,10.0,0.0,50.0,28.0,0.0,50.0
1492808885455625196,105.0,44.0,17.5,10.0,0.0,50.0,28.0,0.0,50.0
1492808885555801425,105.0,44.0,17.5,10.0,0.0,50.0,28.0,0.0,50.0
1492808885655639172,105.0,44.0,17.5,10.0,0.0,50.0,28.0,0.0,50.0
1492808885755564794,105.0,44.0,17.5,10.0,0.0,50.0,28.0,0.0,50.0
1492808885856021734,105.0,44.0,17.5,10.0,0.0,50.0,28.0,0.0,50.0
1492808885955729448,105.0,44.0,17.5,10.0,0.0,50.0,28.0,0.0,50.0
1492808886055631602,105.0,44.0,17.5,10.0,0.0,50.0,28.0,0.0,50.0
1492808886155626196,105.0,44.0,17.5,10.0,0.0,50.0,28.0,0.0,50.0
1492808886255647826,105.0,44.0,17.5,10.0,0.0,50.0,28.0,0.0,50.0
1492808886355662107,105.0,44.0,17.5,10.0,0.0,50.0,28.0,0.0,50.0
1492808886455947982,105.0,44.0,17.5,10.0,0.0,50.0,28.0,0.0,50.0
1492808886555715338,105.0,44.0,17.5,10.0,0.0,50.0,28.0,0.0,50.0
1492808886655600175,105.0,44.0,17.5,10.0,0.0,50.0,28.0,0.0,50.0
1492808886755596825,105.0,44.0,17.5,10.0,0.0,50.0,28.0,0.0,50.0
1492808886855560521,105.0,44.0,17.5,10.0,0.0,50.0,28.0,0.0,50.0
1492808886955646696,105.0,44.0,17.5,10.0,0.0,50.0,28.0,0.0,50.0
1492808887055714926,105.0,44.0,17.5,10.0,0.0,50.0,28.0,0.0,50.0
1492808887155619046,105.0,44.0,17.5,10.0,0.0,50.0,28.0,0.0,50.0
1492808887255589517,105.0,44.0,17.5,10.0,0.0,50.0,28.0,0.0,50.0
1492808887355731917,105.0,44.0,17.5,10.0,0.0,50.0,28.0,0.0,50.0
1492808887455599385,105.0,44.0,17.5,10.0,0.0,50.0,28.0,0.0,50.0
1492808887555598676,105.0,44.0,17.5,10.0,0.0,50.0,28.0,0.0,50.0
1492808887655685007,105.0,44.0,17.5,10.0,0.0,50.0,28.0,0.0,50.0
1492808887755984794,105.0,44.0,17.5,10.0,0.0,50.0,28.0,0.0,50.0
1492808887855713736,105.0,44.0,17.5,10.0,0.0,50.0,28.0,0.0,50.0
1492808887955660777,105.0,44.0,17.5,10.0,0.0,50.0,28.0,0.0,50.0
1492808888055630120,105.0,44.0,17.5,10.0,0.0,50.0,28.0,0.0,50.0
1492808888155635626,105.0,44.0,17.5,10.0,0.0,50.0,28.0,0.0,50.0
1492808888255694433,105.0,44.0,17.5,10.0,0.0,50.0,28.0,0.0,50.0
1492808888355579896,105.0,44.0,17.5,10.0,0.0,50.0,28.0,0.0,50.0
1492808888455704016,105.0,44.0,17.5,10.0,0.0,50.0,28.0,0.0,50.0
1492808888555885385,105.0,44.0,17.5,10.0,0.0,50.0,28.0,0.0,50.0
1492808888655668844,105.0,44.0,17.5,10.0,0.0,50.0,28.0,0.0,50.0
1492808888755544564,105.0,44.0,17.5,10.0,0.0,50.0,28.0,0.0,50.0
1492808888855645616,105.0,44.0,17.5,10.0,0.0,50.0,28.0,0.0,50.0
1492808888955629903,105.0,44.0,17.5,10.0,0.0,50.0,28.0,0.0,50.0
1492808889055591376,105.0,44.0,17.5,10.0,0.0,50.0,28.0,0.0,50.0
1492808889155605819,105.0,44.0,17.5,10.0,0.0,50.0,28.0,0.0,50.0
1492808889255880005,105.0,44.0,17.5,10.0,0.0,50.0,28.0,0.0,50.0
1492808889355756634,105.0,44.0,17.5,10.0,0.0,50.0,28.0,0.0,50.0
1492808889455650900,105.0,44.0,17.5,10.0,0.0,50.0,28.0,0.0,50.0
1492808889555712175,105.0,44.0,17.5,10.0,0.0,50.0,28.0,0.0,50.0
1492808889655600033,105.0,44.0,17.5,10.0,0.0,50.0,28.0,0.0,50.0
1492808889755844689,105.0,44.0,17.5,10.0,0.0,50.0,28.0,0.0,50.0
1492808889855718346,105.0,44.0,17.5,10.0,0.0,50.0,28.0,0.0,50.0
1492808889955650481,105.0,44.0,17.5,10.0,0.0,50.0,28.0,0.0,50.0
1492808890055692686,105.0,44.0,17.5,10.0,0.0,50.0,28.0,0.0,50.0
1492808890155674099,105.0,44.0,17.5,10.0,0.0,50.0,28.0,0.0,50.0
1492808890255711744,105.0,44.0,17.5,10.0,0.0,50.0,28.0,0.0,50.0
1492808890355689341,105.0,44.0,17.5,10.0,0.0,50.0,28.0,0.0,50.0
1492808890455653853,105.0,44.0,17.5,10.0,0.0,50.0,28.0,0.0,50.0
1492808890555735073,105.0,44.0,17.5,10.0,0.0,50.0,28.0,0.0,50.0
1492808890655581449,105.0,44.0,17.5,10.0,0.0,50.0,28.0,0.0,50.0
1492808890755620143,105.0,44.0,17.5,10.0,0.0,50.0,28.0,0.0,50.0
1492808890855845110,105.0,44.0,17.5,10.0,0.0,50.0,28.0,0.0,50.0
1492808890955702648,105.0,44.0,17.5,10.0,0.0,50.0,28.0,0.0,50.0
1492808891055611432,105.0,44.0,17.5,10.0,0.0,50.0,28.0,0.0,50.0
1492808891155693252,105.0,44.0,17.5,10.0,0.0,50.0,28.0,0.0,50.0
1492808891255691824,105.0,44.0,17.5,10.0,0.0,50.0,28.0,0.0,50.0
1492808891355712920,105.0,44.0,17.5,10.0,0.0,50.0,28.0,0.0,50.0
1492808891455626960,105.0,44.0,17.5,10.0,0.0,50.0,28.0,0.0,50.0
1492808891555754033,105.0,44.0,17.5,10.0,0.0,50.0,28.0,0.0,50.0
1492808891655599281,105.0,44.0,17.5,10.0,0.0,50.0,28.0,0.0,50.0
1492808891755644356,105.0,44.0,17.5,10.0,0.0,50.0,28.0,0.0,50.0
1492808891855682740,105.0,44.0,17.5,10.0,0.0,50.0,28.0,0.0,50.0
1492808891955577844,105.0,44.0,17.5,10.0,0.0,50.0,28.0,0.0,50.0
1492808892055546643,105.0,44.0,17.5,10.0,0.0,50.0,28.0,0.0,50.0
1492808892155635706,105.0,44.0,17.5,10.0,0.0,50.0,28.0,0.0,50.0
1492808892255653270,105.0,44.0,17.5,10.0,0.0,50.0,28.0,0.0,50.0
1492808892355592884,105.0,44.0,17.5,10.0,0.0,50.0,28.0,0.0,50.0
1492808892455903350,105.0,44.0,17.5,10.0,0.0,50.0,28.0,0.0,50.0
1492808892555697762,105.0,44.0,17.5,10.0,0.0,50.0,28.0,0.0,50.0
1492808892655709462,105.0,44.0,17.5,10.0,0.0,50.0,28.0,0.0,50.0
1492808892755655713,105.0,44.0,17.5,10.0,0.0,50.0,28.0,0.0,50.0
1492808892855614636,105.0,44.0,17.5,10.0,0.0,50.0,28.0,0.0,50.0
1492808892955608141,105.0,44.0,17.5,10.0,0.0,50.0,28.0,0.0,50.0
1492808893055716993,105.0,44.0,17.5,10.0,0.0,50.0,28.0,0.0,50.0
1492808893156023154,105.0,44.0,17.5,10.0,0.0,50.0,28.0,0.0,50.0
1492808893255698941,105.0,44.0,17.5,10.0,0.0,50.0,28.0,0.0,50.0
1492808893355490584,105.0,44.0,17.5,10.0,0.0,50.0,28.0,0.0,50.0
1492808893455710212,105.0,44.0,17.5,10.0,0.0,50.0,28.0,0.0,50.0
1492808893555565901,105.0,44.0,17.5,10.0,0.0,50.0,28.0,0.0,50.0
1492808893655583217,105.0,44.0,17.5,10.0,0.0,50.0,28.0,0.0,50.0
1492808893755562993,105.0,44.0,17.5,10.0,0.0,50.0,28.0,0.0,50.0
1492808893855683679,105.0,44.0,17.5,10.0,0.0,50.0,28.0,0.0,50.0
1492808893955640545,105.0,44.0,17.5,10.0,0.0,50.0,28.0,0.0,50.0
1492808894055565659,105.0,44.0,17.5,10.0,0.0,50.0,28.0,0.0,50.0
1492808894155623715,105.0,44.0,17.5,10.0,0.0,50.0,28.0,0.0,50.0
1492808894255597843,105.0,44.0,17.5,10.0,0.0,50.0,28.0,0.0,50.0
1492808894355625698,105.0,44.0,17.5,10.0,0.0,50.0,28.0,0.0,50.0
1492808894455648078,105.0,44.0,17.5,10.0,0.0,50.0,28.0,0.0,50.0
1492808894555600349,105.0,44.0,17.5,10.0,0.0,50.0,28.0,0.0,50.0
1492808894655602919,105.0,44.0,17.5,10.0,0.0,50.0,28.0,0.0,50.0
1492808894755611590,105.0,44.0,17.5,10.0,0.0,50.0,28.0,0.0,50.0
1492808894855651729,105.0,44.0,17.5,10.0,0.0,50.0,28.0,0.0,50.0
1492808894955895799,105.0,44.0,17.5,10.0,0.0,50.0,28.0,0.0,50.0
1492808895056193460,105.0,44.0,17.5,10.0,0.0,50.0,28.0,0.0,50.0
1492808895155565734,105.0,44.0,17.5,10.0,0.0,50.0,28.0,0.0,50.0
1492808895255702656,105.0,44.0,17.5,10.0,0.0,50.0,28.0,0.0,50.0
1492808895355946371,105.0,44.0,17.5,10.0,0.0,50.0,28.0,0.0,50.0
1492808895455629296,105.0,44.0,17.5,10.0,0.0,50.0,28.0,0.0,50.0
1492808895555629151,105.0,44.0,17.5,10.0,0.0,50.0,28.0,0.0,50.0
1492808895655604014,105.0,44.0,17.5,10.0,0.0,50.0,28.0,0.0,50.0
1492808895755561391,105.0,44.0,17.5,10.0,0.0,50.0,28.0,0.0,50.0
1492808895855624918,105.0,44.0,17.5,10.0,0.0,50.0,28.0,0.0,50.0
1492808895955571628,105.0,44.0,17.5,10.0,0.0,50.0,28.0,0.0,50.0
1492808896055698499,105.0,44.0,17.5,10.0,0.0,50.0,28.0,0.0,50.0
1492808896155794963,105.0,44.0,17.5,10.0,0.0,50.0,28.0,0.0,50.0
1492808896255604185,105.0,44.0,17.5,10.0,0.0,50.0,28.0,0.0,50.0
1492808896355651374,105.0,44.0,17.5,10.0,0.0,50.0,28.0,0.0,50.0
1492808896455722805,105.0,44.0,17.5,10.0,0.0,50.0,28.0,0.0,50.0
1492808896555797646,105.0,44.0,17.5,10.0,0.0,50.0,28.0,0.0,50.0
1492808896655604670,105.0,44.0,17.5,10.0,0.0,50.0,28.0,0.0,50.0
1492808896755544752,105.0,44.0,17.5,10.0,0.0,50.0,28.0,0.0,50.0
1492808896855621508,105.0,44.0,17.5,10.0,0.0,50.0,28.0,0.0,50.0
1492808896955969632,105.0,44.0,17.5,10.0,0.0,50.0,28.0,0.0,50.0
1492808897055609944,105.0,44.0,17.5,10.0,0.0,50.0,28.0,0.0,50.0
1492808897155647440,105.0,44.0,17.5,10.0,0.0,50.0,28.0,0.0,50.0
1492808897255637717,105.0,44.0,17.5,10.0,0.0,50.0,28.0,0.0,50.0
1492808897355610003,105.0,44.0,17.5,10.0,0.0,50.0,28.0,0.0,50.0
1492808897455610776,105.0,44.0,17.5,10.0,0.0,50.0,28.0,0.0,50.0
1492808897555692325,105.0,44.0,17.5,10.0,0.0,50.0,28.0,0.0,50.0
1492808897655754950,105.0,44.0,17.5,10.0,0.0,50.0,28.0,0.0,50.0
1492808897755751564,105.0,44.0,17.5,10.0,0.0,50.0,28.0,0.0,50.0
1492808897855670442,105.0,44.0,17.5,10.0,0.0,50.0,28.0,0.0,50.0
1492808897955941611,105.0,44.0,17.5,10.0,0.0,50.0,28.0,0.0,50.0
1492808898055695250,105.0,44.0,17.5,10.0,0.0,50.0,28.0,0.0,50.0
1492808898155580366,105.0,44.0,17.5,10.0,0.0,50.0,28.0,0.0,50.0
1492808898255614401,105.0,44.0,17.5,10.0,0.0,50.0,28.0,0.0,50.0
1492808898355764295,105.0,44.0,17.5,10.0,0.0,50.0,28.0,0.0,50.0
1492808898455658018,105.0,44.0,17.5,10.0,0.0,50.0,28.0,0.0,50.0
1492808898555619001,105.0,44.0,17.5,10.0,0.0,50.0,28.0,0.0,50.0
1492808898655640764,105.0,44.0,17.5,10.0,0.0,50.0,28.0,0.0,50.0
1492808898755626294,105.0,44.0,17.5,10.0,0.0,50.0,28.0,0.0,50.0
1492808898855685749,105.0,44.0,17.5,10.0,0.0,50.0,28.0,0.0,50.0
1492808898955784586,105.0,44.0,17.5,10.0,0.0,50.0,28.0,0.0,50.0
1492808899055678404,105.0,44.0,17.5,10.0,0.0,50.0,28.0,0.0,50.0
1492808899155663874,105.0,44.0,17.5,10.0,0.0,50.0,28.0,0.0,50.0
1492808899255746871,105.0,44.0,17.5,10.0,0.0,50.0,28.0,0.0,50.0
1492808899355739868,105.0,44.0,17.5,10.0,0.0,50.0,28.0,0.0,50.0
1492808899455760261,105.0,44.0,17.5,10.0,0.0,50.0,28.0,0.0,50.0
1492808899555737275,105.0,44.0,17.5,10.0,0.0,50.0,28.0,0.0,50.0
1492808899655719977,105.0,44.0,17.5,10.0,0.0,50.0,28.0,0.0,50.0
1492808899755594365,105.0,44.0,17.5,10.0,0.0,50.0,28.0,0.0,50.0
1492808899855617858,105.0,44.0,17.5,10.0,0.0,50.0,28.0,0.0,50.0
1492808899955870564,105.0,44.0,17.5,10.0,0.0,50.0,28.0,0.0,50.0
1492808900055634520,105.0,44.0,17.5,10.0,0.0,50.0,28.0,0.0,50.0
1492808900155704208,105.0,44.0,17.5,10.0,0.0,50.0,28.0,0.0,50.0
1492808900255601282,105.0,44.0,17.5,10.0,0.0,50.0,28.0,0.0,50.0
1492808900355727621,105.0,44.0,17.5,10.0,0.0,50.0,28.0,0.0,50.0
1492808900455660746,105.0,44.0,17.5,10.0,0.0,50.0,28.0,0.0,50.0
1492808900555626886,105.0,44.0,17.5,10.0,0.0,50.0,28.0,0.0,50.0
1492808900655765112,105.0,44.0,17.5,10.0,0.0,50.0,28.0,0.0,50.0
1492808900755644687,105.0,44.0,17.5,10.0,0.0,50.0,28.0,0.0,50.0
1492808900855629903,105.0,44.0,17.5,10.0,0.0,50.0,28.0,0.0,50.0
1492808900955637312,105.0,44.0,17.5,10.0,0.0,50.0,28.0,0.0,50.0
1492808901055957882,105.0,44.0,17.5,10.0,0.0,50.0,28.0,0.0,50.0
1492808901155614953,105.0,44.0,17.5,10.0,0.0,50.0,28.0,0.0,50.0
1492808901255587166,105.0,44.0,17.5,10.0,0.0,50.0,28.0,0.0,50.0
1492808901355862275,105.0,44.0,17.5,10.0,0.0,50.0,28.0,0.0,50.0
1492808901455880474,105.0,44.0,17.5,10.0,0.0,50.0,28.0,0.0,50.0
1492808901555594258,105.0,44.0,17.5,10.0,0.0,50.0,28.0,0.0,50.0
1492808901655732056,105.0,44.0,17.5,10.0,0.0,50.0,28.0,0.0,50.0
1492808901755737074,105.0,44.0,17.5,10.0,0.0,50.0,28.0,0.0,50.0
1492808901855763732,105.0,44.0,17.5,10.0,0.0,50.0,28.0,0.0,50.0
1492808901955849137,105.0,44.0,17.5,10.0,0.0,50.0,28.0,0.0,50.0
1492808902055579422,105.0,44.0,17.5,10.0,0.0,50.0,28.0,0.0,50.0
1492808902155610703,105.0,44.0,17.5,10.0,0.0,50.0,28.0,0.0,50.0
1492808902255615544,105.0,44.0,17.5,10.0,0.0,50.0,28.0,0.0,50.0
1492808902355663618,105.0,44.0,17.5,10.0,0.0,50.0,28.0,0.0,50.0
1492808902455678540,105.0,44.0,17.5,10.0,0.0,50.0,28.0,0.0,50.0
1492808902555684998,105.0,44.0,17.5,10.0,0.0,50.0,28.0,0.0,50.0
1492808902655659700,105.0,44.0,17.5,10.0,0.0,50.0,28.0,0.0,50.0
1492808902755716618,105.0,44.0,17.5,10.0,0.0,50.0,28.0,0.0,50.0
1492808902855598805,105.0,44.0,17.5,10.0,0.0,50.0,28.0,0.0,50.0
1492808902955669174,105.0,44.0,17.5,10.0,0.0,50.0,28.0,0.0,50.0
1492808903055588178,105.0,44.0,17.5,10.0,0.0,50.0,28.0,0.0,50.0
1492808903155636683,105.0,44.0,17.5,10.0,0.0,50.0,28.0,0.0,50.0
1492808903255780386,105.0,44.0,17.5,10.0,0.0,50.0,28.0,0.0,50.0
1492808903355612530,105.0,44.0,17.5,10.0,0.0,50.0,28.0,0.0,50.0
1492808903455655278,105.0,44.0,17.5,10.0,0.0,50.0,28.0,0.0,50.0
1492808903555623016,105.0,44.0,17.5,10.0,0.0,50.0,28.0,0.0,50.0
1492808903655667671,105.0,44.0,17.5,10.0,0.0,50.0,28.0,0.0,50.0
1492808903755823721,105.0,44.0,17.5,10.0,0.0,50.0,28.0,0.0,50.0
1492808903855629943,105.0,44.0,17.5,10.0,0.0,50.0,28.0,0.0,50.0
1492808903955632584,105.0,44.0,17.5,10.0,0.0,50.0,28.0,0.0,50.0
1492808904055625428,105.0,44.0,17.5,10.0,0.0,50.0,28.0,0.0,50.0
1492808904155595009,105.0,44.0,17.5,10.0,0.0,50.0,28.0,0.0,50.0
1492808904255641732,105.0,44.0,17.5,10.0,0.0,50.0,28.0,0.0,50.0
1492808904355924822,105.0,44.0,17.5,10.0,0.0,50.0,28.0,0.0,50.0
1492808904455594801,105.0,44.0,17.5,10.0,0.0,50.0,28.0,0.0,50.0
1492808904555645313,105.0,44.0,17.5,10.0,0.0,50.0,28.0,0.0,50.0
1492808904655687605,105.0,44.0,17.5,10.0,0.0,50.0,28.0,0.0,50.0
1492808904755616230,105.0,44.0,17.5,10.0,0.0,50.0,28.0,0.0,50.0
1492808904855627292,105.0,44.0,17.5,10.0,0.0,50.0,28.0,0.0,50.0
1492808904955707074,105.0,44.0,17.5,10.0,0.0,50.0,28.0,0.0,50.0
1492808905055957131,105.0,44.0,17.5,10.0,0.0,50.0,28.0,0.0,50.0
1492808905155672822,105.0,44.0,17.5,10.0,0.0,50.0,28.0,0.0,50.0
1492808905255596100,105.0,44.0,17.5,10.0,0.0,50.0,28.0,0.0,50.0
1492808905355660058,105.0,44.0,17.5,10.0,0.0,50.0,28.0,0.0,50.0
1492808905455660759,105.0,44.0,17.5,10.0,0.0,50.0,28.0,0.0,50.0
1492808905555580805,105.0,44.0,17.5,10.0,0.0,50.0,28.0,0.0,50.0
1492808905655602839,105.0,44.0,17.5,10.0,0.0,50.0,28.0,0.0,50.0
1492808905755858774,105.0,44.0,17.5,10.0,0.0,50.0,28.0,0.0,50.0
1492808905855605729,105.0,44.0,17.5,10.0,0.0,50.0,28.0,0.0,50.0
1492808905955631683,105.0,44.0,17.5,10.0,0.0,50.0,28.0,0.0,50.0
1492808906055817513,105.0,44.0,17.5,10.0,0.0,50.0,28.0,0.0,50.0
1492808906155677499,105.0,44.0,17.5,10.0,0.0,50.0,28.0,0.0,50.0
1492808906255905127,105.0,44.0,17.5,10.0,0.0,50.0,28.0,0.0,50.0
1492808906355714940,105.0,44.0,17.5,10.0,0.0,50.0,28.0,0.0,50.0
1492808906455898677,105.0,44.0,17.5,10.0,0.0,50.0,28.0,0.0,50.0
1492808906555803846,105.0,44.0,17.5,10.0,0.0,50.0,28.0,0.0,50.0
1492808906657058323,105.0,44.0,17.5,10.0,0.0,50.0,28.0,0.0,50.0
1492808906755945619,105.0,44.0,17.5,10.0,0.0,50.0,28.0,0.0,50.0
1492808906855675601,105.0,44.0,17.5,10.0,0.0,50.0,28.0,0.0,50.0
1492808906955702922,105.0,44.0,17.5,10.0,0.0,50.0,28.0,0.0,50.0
1492808907055550538,105.0,44.0,17.5,10.0,0.0,50.0,28.0,0.0,50.0
1492808907155641244,105.0,44.0,17.5,10.0,0.0,50.0,28.0,0.0,50.0
1492808907255649152,105.0,44.0,17.5,10.0,0.0,50.0,28.0,0.0,50.0
1492808907355657990,105.0,44.0,17.5,10.0,0.0,50.0,28.0,0.0,50.0
1492808907455832283,105.0,44.0,17.5,10.0,0.0,50.0,28.0,0.0,50.0
1492808907555697665,105.0,44.0,17.5,10.0,0.0,50.0,28.0,0.0,50.0
1492808907655662271,105.0,44.0,17.5,10.0,0.0,50.0,28.0,0.0,50.0
1492808907755601122,105.0,44.0,17.5,10.0,0.0,50.0,28.0,0.0,50.0
1492808907855532343,105.0,44.0,17.5,10.0,0.0,50.0,28.0,0.0,50.0
1492808907955598362,105.0,44.0,17.5,10.0,0.0,50.0,28.0,0.0,50.0
1492808908055613111,105.0,44.0,17.5,10.0,0.0,50.0,28.0,0.0,50.0
1492808908155999119,105.0,44.0,17.5,10.0,0.0,50.0,28.0,0.0,50.0
1492808908255751270,105.0,44.0,17.5,10.0,0.0,50.0,28.0,0.0,50.0
1492808908355769851,105.0,44.0,17.5,10.0,0.0,50.0,28.0,0.0,50.0
1492808908455539981,105.0,44.0,17.5,10.0,0.0,50.0,28.0,0.0,50.0
1492808908555733076,105.0,44.0,17.5,10.0,0.0,50.0,28.0,0.0,50.0
1492808908655563958,105.0,44.0,17.5,10.0,0.0,50.0,28.0,0.0,50.0
1492808908755621803,105.0,44.0,17.5,10.0,0.0,50.0,28.0,0.0,50.0
1492808908855658207,105.0,44.0,17.5,10.0,0.0,50.0,28.0,0.0,50.0
1492808908955685371,105.0,44.0,17.5,10.0,0.0,50.0,28.0,0.0,50.0
1492808909055748658,105.0,44.0,17.5,10.0,0.0,50.0,28.0,0.0,50.0
1492808909155632324,105.0,44.0,17.5,10.0,0.0,50.0,28.0,0.0,50.0
1492808909255661511,105.0,44.0,17.5,10.0,0.0,50.0,28.0,0.0,50.0
1492808909355600999,105.0,44.0,17.5,10.0,0.0,50.0,28.0,0.0,50.0
1492808909455561603,105.0,44.0,17.5,10.0,0.0,50.0,28.0,0.0,50.0
1492808909555622292,105.0,44.0,17.5,10.0,0.0,50.0,28.0,0.0,50.0
1492808909655692212,105.0,44.0,17.5,10.0,0.0,50.0,28.0,0.0,50.0
1492808909755589776,105.0,44.0,17.5,10.0,0.0,50.0,28.0,0.0,50.0
1492808909855566867,105.0,44.0,17.5,10.0,0.0,50.0,28.0,0.0,50.0
1492808909955650031,105.0,44.0,17.5,10.0,0.0,50.0,28.0,0.0,50.0
1492808910055678169,105.0,44.0,17.5,10.0,0.0,50.0,28.0,0.0,50.0
1492808910155577760,105.0,44.0,17.5,10.0,0.0,50.0,28.0,0.0,50.0
1492808910255545525,105.0,44.0,17.5,10.0,0.0,50.0,28.0,0.0,50.0
1492808910355873443,105.0,44.0,17.5,10.0,0.0,50.0,28.0,0.0,50.0
1492808910455726531,105.0,44.0,17.5,10.0,0.0,50.0,28.0,0.0,50.0
1492808910555662130,105.0,44.0,17.5,10.0,0.0,50.0,28.0,0.0,50.0
1492808910655699609,105.0,44.0,17.5,10.0,0.0,50.0,28.0,0.0,50.0
1492808910755727400,105.0,44.0,17.5,10.0,0.0,50.0,28.0,0.0,50.0
1492808910855636111,105.0,44.0,17.5,10.0,0.0,50.0,28.0,0.0,50.0
1492808910955866805,105.0,44.0,17.5,10.0,0.0,50.0,28.0,0.0,50.0
1492808911055611719,105.0,44.0,17.5,10.0,0.0,50.0,28.0,0.0,50.0
1492808911155784683,105.0,44.0,17.5,10.0,0.0,50.0,28.0,0.0,50.0
1492808911255648208,105.0,44.0,17.5,10.0,0.0,50.0,28.0,0.0,50.0
1492808911355582376,105.0,44.0,17.5,10.0,0.0,50.0,28.0,0.0,50.0
1492808911455601886,105.0,44.0,17.5,10.0,0.0,50.0,28.0,0.0,50.0
1492808911555679289,105.0,44.0,17.5,10.0,0.0,50.0,28.0,0.0,50.0
1492808911655714245,105.0,44.0,17.5,10.0,0.0,50.0,28.0,0.0,50.0
1492808911755773873,105.0,44.0,17.5,10.0,0.0,50.0,28.0,0.0,50.0
1492808911855650168,105.0,44.0,17.5,10.0,0.0,50.0,28.0,0.0,50.0
1492808911955547039,105.0,44.0,17.5,10.0,0.0,50.0,28.0,0.0,50.0
1492808912055716424,105.0,44.0,17.5,10.0,0.0,50.0,28.0,0.0,50.0
1492808912155988773,105.0,44.0,17.5,10.0,0.0,50.0,28.0,0.0,50.0
1492808912255608926,105.0,44.0,17.5,10.0,0.0,50.0,28.0,0.0,50.0
1492808912355968627,105.0,44.0,17.5,10.0,0.0,50.0,28.0,0.0,50.0
1492808912455568584,105.0,44.0,17.5,10.0,0.0,50.0,28.0,0.0,50.0
1492808912555617202,105.0,44.0,17.5,10.0,0.0,50.0,28.0,0.0,50.0
1492808912655598145,105.0,44.0,17.5,10.0,0.0,50.0,28.0,0.0,50.0
1492808912755760497,105.0,44.0,17.5,10.0,0.0,50.0,28.0,0.0,50.0
1492808912856078985,105.0,44.0,17.5,10.0,0.0,50.0,28.0,0.0,50.0
1492808912955794731,105.0,44.0,17.5,10.0,0.0,50.0,28.0,0.0,50.0
1492808913055845785,105.0,44.0,17.5,10.0,0.0,50.0,28.0,0.0,50.0
1492808913155620879,105.0,44.0,17.5,10.0,0.0,50.0,28.0,0.0,50.0
1492808913255672164,105.0,44.0,17.5,10.0,0.0,50.0,28.0,0.0,50.0
1492808913355755608,105.0,44.0,17.5,10.0,0.0,50.0,28.0,0.0,50.0
1492808913455590967,105.0,44.0,17.5,10.0,0.0,50.0,28.0,0.0,50.0
1492808913555562595,105.0,44.0,17.5,10.0,0.0,50.0,28.0,0.0,50.0
1492808913655631066,105.0,44.0,17.5,10.0,0.0,50.0,28.0,0.0,50.0
1492808913755627725,105.0,44.0,17.5,10.0,0.0,50.0,28.0,0.0,50.0
1492808913855616086,105.0,44.0,17.5,10.0,0.0,50.0,28.0,0.0,50.0
1492808913955606862,105.0,44.0,17.5,10.0,0.0,50.0,28.0,0.0,50.0
1492808914055802656,105.0,44.0,17.5,10.0,0.0,50.0,28.0,0.0,50.0
1492808914155558904,105.0,44.0,17.5,10.0,0.0,50.0,28.0,0.0,50.0
1492808914255636501,105.0,44.0,17.5,10.0,0.0,50.0,28.0,0.0,50.0
1492808914355616916,105.0,44.0,17.5,10.0,0.0,50.0,28.0,0.0,50.0
1492808914455729730,105.0,44.0,17.5,10.0,0.0,50.0,28.0,0.0,50.0
1492808914555585377,105.0,44.0,17.5,10.0,0.0,50.0,28.0,0.0,50.0
1492808914655821222,105.0,44.0,17.5,10.0,0.0,50.0,28.0,0.0,50.0
1492808914755751131,105.0,44.0,17.5,10.0,0.0,50.0,28.0,0.0,50.0
1492808914855629520,105.0,44.0,17.5,10.0,0.0,50.0,28.0,0.0,50.0
1492808914955541085,105.0,44.0,17.5,10.0,0.0,50.0,28.0,0.0,50.0
1492808915055546734,105.0,44.0,17.5,10.0,0.0,50.0,28.0,0.0,50.0
1492808915155652336,105.0,44.0,17.5,10.0,0.0,50.0,28.0,0.0,50.0
1492808915255696165,105.0,44.0,17.5,10.0,0.0,50.0,28.0,0.0,50.0
1492808915355731608,105.0,44.0,17.5,10.0,0.0,50.0,28.0,0.0,50.0
1492808915455706464,105.0,44.0,17.5,10.0,0.0,50.0,28.0,0.0,50.0
1492808915555609403,105.0,44.0,17.5,10.0,0.0,50.0,28.0,0.0,50.0
1492808915655981911,105.0,44.0,17.5,10.0,0.0,50.0,28.0,0.0,50.0
1492808915755844867,105.0,44.0,17.5,10.0,0.0,50.0,28.0,0.0,50.0
1492808915855544850,105.0,44.0,17.5,10.0,0.0,50.0,28.0,0.0,50.0
1492808915955666032,105.0,44.0,17.5,10.0,0.0,50.0,28.0,0.0,50.0
1492808916055559804,105.0,44.0,17.5,10.0,0.0,50.0,28.0,0.0,50.0
1492808916155695784,105.0,44.0,17.5,10.0,0.0,50.0,28.0,0.0,50.0
1492808916255574716,105.0,44.0,17.5,10.0,0.0,50.0,28.0,0.0,50.0
1492808916355861506,105.0,44.0,17.5,10.0,0.0,50.0,28.0,0.0,50.0
1492808916456067427,105.0,44.0,17.5,10.0,0.0,50.0,28.0,0.0,50.0
1492808916555667924,105.0,44.0,17.5,10.0,0.0,50.0,28.0,0.0,50.0
1492808916656029926,105.0,44.0,17.5,10.0,0.0,50.0,28.0,0.0,50.0
1492808916755656654,105.0,44.0,17.5,10.0,0.0,50.0,28.0,0.0,50.0
1492808916855784329,105.0,44.0,17.5,10.0,0.0,50.0,28.0,0.0,50.0
1492808916955662447,105.0,44.0,17.5,10.0,0.0,50.0,28.0,0.0,50.0
1492808917055667820,105.0,44.0,17.5,10.0,0.0,50.0,28.0,0.0,50.0
1492808917155651287,105.0,44.0,17.5,10.0,0.0,50.0,28.0,0.0,50.0
1492808917255798072,105.0,44.0,17.5,10.0,0.0,50.0,28.0,0.0,50.0
1492808917355562558,105.0,44.0,17.5,10.0,0.0,50.0,28.0,0.0,50.0
1492808917455651581,105.0,44.0,17.5,10.0,0.0,50.0,28.0,0.0,50.0
1492808917555620305,105.0,44.0,17.5,10.0,0.0,50.0,28.0,0.0,50.0
1492808917655577692,105.0,44.0,17.5,10.0,0.0,50.0,28.0,0.0,50.0
1492808917755572642,105.0,44.0,17.5,10.0,0.0,50.0,28.0,0.0,50.0
1492808917855713031,105.0,44.0,17.5,10.0,0.0,50.0,28.0,0.0,50.0
1492808917955574591,105.0,44.0,17.5,10.0,0.0,50.0,28.0,0.0,50.0
1492808918055851494,105.0,44.0,17.5,10.0,0.0,50.0,28.0,0.0,50.0
1492808918155611133,105.0,44.0,17.5,10.0,0.0,50.0,28.0,0.0,50.0
