%time,field.data
1492808843731833276,1
1492808843816299937,1
1492808843917594750,1
1492808844016511514,1
1492808844117322555,1
1492808844219580912,1
1492808844316734419,1
1492808844418169796,1
1492808844517464197,1
1492808844616738356,1
1492808844716264134,1
1492808844817048257,1
1492808844918945691,1
1492808845016074527,1
1492808845116714813,1
1492808845216589006,1
1492808845321161413,1
1492808845415965117,1
1492808845516748615,1
1492808845620426253,1
1492808845726296009,1
1492808845817114534,1
1492808845917835363,1
1492808846016117701,1
1492808846115893279,1
1492808846219620931,1
1492808846316677467,1
1492808846417848073,1
1492808846516503173,1
1492808846618948089,1
1492808846716511942,1
1492808846816680232,1
1492808846917635319,1
1492808847016393805,1
1492808847118965432,1
1492808847445127162,1
1492808847445135018,1
1492808847445138016,1
1492808847521019654,1
1492808847667630792,1
1492808847740089838,1
1492808847899989251,1
1492808848048676465,1
1492808848058216455,1
1492808848125495967,1
1492808848216408478,1
1492808848317986959,1
1492808848416063341,1
1492808848517913784,1
1492808848616277687,1
1492808848728461040,1
1492808848822551175,1
1492808848925401922,1
1492808849017929228,1
1492808849137215207,1
1492808849220144966,1
1492808849324585560,1
1492808849417389301,1
1492808849530237153,1
1492808849620689671,1
1492808849716143868,1
1492808849817065818,1
1492808849921942953,1
1492808850022274045,1
1492808850133325936,1
1492808850217115705,1
1492808850316395414,1
1492808850418043150,1
1492808850516323726,1
1492808850617827617,1
1492808850724937285,1
1492808850816208743,1
1492808850917195760,1
1492808851017901667,1
1492808851119170820,1
1492808851218236190,1
1492808851319158259,1
1492808851417730935,1
1492808851519460058,1
1492808851618353298,1
1492808851718903287,1
1492808851818724211,1
1492808851920866439,1
1492808852018408679,1
1492808852120697393,1
1492808852217476968,1
1492808852316428182,1
1492808852422286407,1
1492808852517055147,1
1492808852617205535,1
1492808852717120651,1
1492808852821140683,1
1492808852917199355,1
1492808853042708671,1
1492808853124492526,1
1492808853216344555,1
1492808853316182333,1
1492808853417011958,1
1492808853517697241,1
1492808853618179937,1
1492808853718355504,1
1492808853818696003,1
1492808853924445403,1
1492808854016808998,1
1492808854118503807,1
1492808854221047300,1
1492808854322760885,1
1492808854417656277,1
1492808854516719782,1
1492808854619673869,1
1492808854721494668,1
1492808854819791225,1
1492808854940909145,1
1492808855024443850,1
1492808855119740669,1
1492808855219207737,1
1492808855318011565,1
1492808855417075248,1
1492808855516878018,1
1492808855617198219,1
1492808855717488545,1
1492808855817599894,1
1492808855918591840,1
1492808856021413009,1
1492808856117138481,1
1492808856218456555,1
1492808856317797048,1
1492808856422754539,1
1492808856516830435,1
1492808856617911140,1
1492808856717845190,1
1492808856817927452,1
1492808856919682511,1
1492808857044137405,1
1492808857120289859,1
1492808857230111672,1
1492808857322959597,1
1492808857420708760,1
1492808857517622966,1
1492808857617945744,1
1492808857719631386,1
1492808857817382857,1
1492808857916508830,1
1492808858023279327,1
1492808858119563561,1
1492808858216732427,1
1492808858317656553,1
1492808858422176336,1
1492808858522874209,1
1492808858616750695,1
1492808858719911800,1
1492808858817400592,1
1492808858917127817,1
1492808859017909132,1
1492808859117179508,1
1492808859216771419,1
1492808859316811648,1
1492808859417743607,1
1492808859520127906,1
1492808859617398713,1
1492808859718444953,1
1492808859817059142,1
1492808859917051811,1
1492808860018123188,1
1492808860120290704,1
1492808860223198375,1
1492808860323086991,1
1492808860424377856,1
1492808860517575795,1
1492808860630447365,1
1492808860719803217,1
1492808860819430356,1
1492808860916877067,1
1492808861017658113,1
1492808861116773059,1
1492808861239364563,1
1492808861324124511,1
1492808861423919152,1
1492808861517601846,1
1492808861620077786,1
1492808861732910317,1
1492808861818353779,1
1492808861937076289,1
1492808862019984120,1
1492808862116523473,1
1492808862219532918,1
1492808862320292333,1
1492808862428122557,1
1492808862517223804,1
1492808862617384120,1
1492808862719958553,1
1492808862821845888,1
1492808862919048209,1
1492808863019309788,1
1492808863118344337,1
1492808863218086562,1
1492808863316707526,1
1492808863417410101,1
1492808863519443513,1
1492808863618383695,1
1492808863718370918,1
1492808863817628567,1
1492808863920720008,1
1492808864019390309,1
1492808864119312231,1
1492808864217214999,1
1492808864318826797,1
1492808864418313270,1
1492808864527430195,1
1492808864631931888,1
1492808864718019876,1
1492808864819777514,1
1492808864929797513,1
1492808865024501903,1
1492808865116705871,1
1492808865217195659,1
1492808865316548015,1
1492808865416773452,1
1492808865979954567,1
1492808865979968338,1
1492808865979972291,1
1492808865998036468,1
1492808865998045744,1
1492808866017026360,1
1492808866118953341,1
1492808866240811114,1
1492808866317257135,1
1492808866419482064,1
1492808873947782143,1
1492808873947789199,1
1492808873947795462,1
1492808873951157251,1
1492808873951164137,1
1492808873951167693,1
1492808873951171054,1
1492808873951173683,1
1492808873951176611,1
1492808873951180759,1
1492808873951188116,1
1492808873951192725,1
1492808873951197314,1
1492808873951202435,1
1492808873951205313,1
1492808873951208244,1
1492808873951246047,1
1492808873951250189,1
1492808873951254293,1
1492808873951257833,1
1492808873951261494,0
1492808873951273060,0
1492808873951289680,0
1492808873951294552,0
1492808873951305459,0
1492808873951309196,0
1492808873951312772,0
1492808873951316507,0
1492808873951320099,0
1492808873951324669,0
1492808873951328806,0
1492808873951333047,0
1492808873951337071,0
1492808873951340545,0
1492808873951344876,0
1492808873951347954,0
1492808873951352697,0
1492808873951368211,0
1492808873951371700,0
1492808873951376221,0
1492808873951391721,0
1492808873951395935,0
1492808873951399747,0
1492808873951406131,0
1492808873951410130,0
1492808873951413592,0
1492808873951416914,0
1492808873951420610,0
1492808873951424597,0
1492808873951428614,0
1492808873951432277,0
1492808873951437653,0
1492808873951441488,0
1492808873951445258,0
1492808873951448915,0
1492808873951452403,0
1492808873951456574,0
1492808873951460335,0
1492808873951464192,0
1492808873951469084,0
1492808873951472610,0
1492808873951476421,0
1492808873951479776,0
1492808873951483054,0
1492808873951486855,0
1492808873951490116,0
1492808873951494468,0
1492808873951497582,0
1492808873951500624,0
1492808873951504500,0
1492808873951507678,0
1492808873951511616,0
1492808873951515451,0
1492808873951519368,0
1492808873951522801,0
1492808874017296959,0
1492808874117301435,0
1492808874218703015,0
1492808874317101439,0
1492808874417163098,1
1492808874517269961,1
1492808874616869004,1
1492808874717691387,1
1492808874817808569,1
1492808874919416729,1
1492808875018115352,1
1492808875120142427,1
1492808875217283115,1
1492808875871487541,1
1492808875871495242,1
1492808875871506324,1
1492808875979948832,1
1492808875979955216,1
1492808875979970372,1
1492808875992760960,1
1492808876018710389,1
1492808876119620642,1
1492808876218752195,1
1492808876326538284,1
1492808876420997414,1
1492808876533832828,1
1492808876619760054,1
1492808876720770433,1
1492808876818206142,1
1492808876917260277,1
1492808877018321898,1
1492808877117411887,1
1492808877556753624,1
1492808877556759949,1
1492808877556768625,1
1492808877572388319,1
1492808877619847685,1
1492808877726418722,1
1492808877818333128,1
1492808877919002875,1
1492808878018300864,1
1492808878118239505,1
1492808878217118476,1
1492808878317982681,1
1492808878454140846,1
1492808878519425577,1
1492808878618013847,1
1492808878717566535,1
1492808878817120652,1
1492808878931171186,1
1492808879022467395,1
1492808879119106596,1
1492808879245360320,1
1492808879322372254,1
1492808879420893989,1
1492808879517573384,1
1492808879618887845,1
1492808879720249548,1
1492808879821024218,1
1492808879917625869,1
1492808880019004309,1
1492808880117463595,1
1492808880218876101,1
1492808880319242713,1
1492808880421216592,1
1492808880528382693,1
1492808880619221454,1
1492808880717821570,1
1492808880822599906,1
1492808880917484906,1
1492808881022930849,1
1492808881117320555,1
1492808881217610400,1
1492808881318365107,1
1492808881418504161,1
1492808881520680442,1
1492808881628849267,1
1492808881717261132,1
1492808881817330294,1
1492808881918312980,1
1492808882019943187,1
1492808882118609599,1
1492808882218793651,1
1492808882317800915,1
1492808882419597434,1
1492808882517521981,1
1492808882618655178,1
1492808882718177813,1
1492808882824182640,1
1492808882925331495,1
1492808883031847920,1
1492808883135458620,1
1492808883231830141,1
1492808883342142953,1
1492808883417994483,1
1492808883517816498,1
1492808883622941348,1
1492808883724563486,1
1492808883817713914,1
1492808883918251335,1
1492808884019368712,1
1492808884123839499,1
1492808884218542035,1
1492808884318608379,1
1492808884420037988,1
1492808884517396447,1
1492808884622435354,1
1492808884720936524,1
1492808884817865210,1
1492808884917663677,1
1492808885017966768,1
1492808885117798088,1
1492808885217758493,1
1492808885317249137,1
1492808885418364657,1
1492808885519821554,1
1492808885621208378,1
1492808885718690697,1
1492808885826356756,1
1492808885926083050,1
1492808886029353563,1
1492808886117414187,1
1492808886229308813,1
1492808886321426415,1
1492808886417453681,1
1492808886559090166,1
1492808886618581613,1
1492808886722157933,1
1492808886817540103,1
1492808886917478149,1
1492808887023749864,1
1492808887124134091,1
1492808887225005417,1
1492808887319210859,1
1492808887420093813,1
1492808887517730378,1
1492808887617523180,1
1492808887717613900,1
1492808887817596780,1
1492808887919529855,1
1492808888027684999,1
1492808888146272670,1
1492808888218427512,1
1492808888323032759,1
1492808888426364986,1
1492808888517602846,1
1492808888620224038,1
1492808888721604101,1
1492808888820645181,1
1492808888922126322,1
1492808889018470168,1
1492808889124867712,1
1492808889218767553,1
1492808889317914851,1
1492808889417968556,1
1492808889522830456,1
1492808889617658516,1
1492808889717635819,1
1492808889819931818,1
1492808889919228361,1
1492808890017394463,1
1492808890127425744,1
1492808890222979428,1
1492808890317686195,1
1492808890420693219,1
1492808890521622642,1
1492808890617783301,1
1492808890717682336,1
1492808890818891266,1
1492808890925598693,1
1492808891018235151,1
1492808891118332064,1
1492808891217791624,1
1492808891320821011,1
1492808891424399189,1
1492808891520778774,1
1492808891627461324,1
1492808891730557579,1
1492808891818357391,1
1492808891918363246,1
1492808892018154548,1
1492808892118952999,1
1492808892220621664,1
1492808892317933320,1
1492808892419541720,1
1492808892520062030,1
1492808892622127644,1
1492808892723525405,1
1492808892818524719,1
1492808892920037772,1
1492808893019017852,1
1492808893118539982,1
1492808893218347675,1
1492808893317461381,1
1492808893431810628,1
1492808893531354710,1
1492808893619489499,1
1492808893721102261,1
1492808893818048816,1
1492808893920652894,1
1492808894031777710,1
1492808894131295900,1
1492808894232581091,1
1492808894327717066,1
1492808894422221003,1
1492808894529101922,1
1492808894619173839,1
1492808894719574982,1
1492808894820163173,1
1492808894917820668,1
1492808895017698615,1
1492808895128408231,1
1492808895230607201,1
1492808895317897896,1
1492808895418092357,1
1492808895518397624,1
1492808895621460169,1
1492808895723351692,1
1492808895822073898,1
1492808895917790365,1
1492808896019578596,1
1492808896120189520,1
1492808896221482399,1
1492808896320202739,1
1492808896419674717,1
1492808896520038088,1
1492808896618183885,1
1492808896718352552,1
1492808896828737831,1
1492808896923701165,1
1492808897032022548,1
1492808897118094860,1
1492808897219153676,1
1492808897317999969,1
1492808897426747375,1
1492808897518108586,1
1492808897617825543,1
1492808897717788408,1
1492808897845945841,1
1492808897919921612,1
1492808898018281537,1
1492808898117830776,1
1492808898228692174,1
1492808898319596928,1
1492808898418242969,1
1492808898521714703,1
1492808898628657786,1
1492808898721417684,1
1492808898824020088,1
1492808898919374502,1
1492808899020845982,1
1492808899139758322,1
1492808899218514078,1
1492808899317892729,1
1492808899417998481,1
1492808899520024862,1
1492808899620536419,1
1492808899718864481,1
1492808899818838860,1
1492808899922662693,1
1492808900025826493,1
1492808900122472707,1
1492808900224981883,1
1492808900319080389,1
1492808900423596426,1
1492808900518093914,1
1492808900619674725,1
1492808900719762660,1
1492808900822165128,1
1492808900918109508,1
1492808901018934330,1
1492808901135528912,1
1492808901224477429,1
1492808901325267013,1
1492808901419506391,1
1492808901524386738,1
1492808901624532092,1
1492808901724907616,1
1492808901820081439,1
1492808901927159165,1
1492808902018261150,1
1492808902118356095,1
1492808902237275350,1
1492808902322064916,1
1492808902418769111,1
1492808902518397401,1
1492808902619356333,1
1492808902719139664,1
1492808902818889679,1
1492808902922697357,1
1492808903025048905,1
1492808903118943879,1
1492808903218829677,1
1492808903321857759,1
1492808903419057302,1
1492808903517996381,1
1492808903619272147,1
1492808903718181376,1
1492808903818836080,1
1492808903924693646,1
1492808904018516199,1
1492808904120282925,1
1492808904230004411,1
1492808904324616846,1
1492808904430491736,1
1492808904529424693,1
1492808904632608278,1
1492808904720918511,1
1492808904818608126,1
1492808904920614002,1
1492808905043949412,1
1492808905146280261,1
1492808905218852173,1
1492808905320772682,1
1492808905472630405,1
1492808905526799912,1
1492808905620762448,1
1492808905719944457,1
1492808905818845986,1
1492808905927825292,1
1492808906062167864,1
1492808906124799718,1
1492808906227778641,1
1492808906374632942,1
1492808906433697896,1
1492808906533800599,1
1492808906633205043,1
1492808906755010453,1
1492808906819097795,1
1492808906924232785,1
1492808907019794262,1
1492808907215269136,1
1492808907299441123,1
1492808907380656855,1
1492808907418738206,1
1492808907522144418,1
1492808907624858196,1
1492808907726758688,1
1492808907822458395,1
1492808907922036490,1
1492808908023631149,1
1492808908121353071,1
1492808908218715320,1
1492808908319076921,1
1492808908418866159,1
1492808908533936753,1
1492808908639042330,1
1492808908729164036,1
1492808908820064468,1
1492808908920025438,1
1492808909043500483,1
1492808909118619749,1
1492808909222043854,1
1492808909322525815,1
1492808909420070621,1
1492808909522514231,1
1492808909624773122,1
1492808909725425918,1
1492808909836411786,1
1492808909920157832,1
1492808910021696559,1
1492808910146258393,1
1492808910226388053,1
1492808910319105626,1
1492808910427116568,1
1492808910529952634,1
1492808910629837873,1
1492808910718913903,1
1492808910831169702,1
1492808910927777757,1
1492808911018931938,1
1492808911118758557,1
1492808911218932755,1
1492808911319355878,1
1492808911423188439,1
1492808911524150506,1
1492808911627694827,1
1492808911719932719,1
1492808911829638139,1
1492808911922639363,1
1492808912018581393,1
1492808912118640541,1
1492808912218785422,1
1492808912318646999,1
1492808912418734404,1
1492808912518584038,1
1492808912619583437,1
1492808912723011237,1
1492808912826149469,1
1492808912928125072,1
1492808913022148047,1
1492808913119195058,1
1492808913240060639,1
1492808913320268748,1
1492808913420572112,1
1492808913519803146,1
1492808913631371426,1
1492808914464549037,1
1492808914464559930,1
1492808914662089559,1
1492808914662101449,1
1492808914662111270,1
1492808914662119318,1
1492808914662126232,1
1492808914662132270,1
1492808914662148247,1
1492808914662162940,1
1492808914763843956,1
1492808914856831866,1
1492808914939362591,1
1492808915022106541,1
1492808915133181839,1
1492808915221700720,1
1492808915328373754,1
1492808915424645414,1
1492808915523115970,1
1492808915622612593,1
1492808915724397670,1
1492808915823819163,1
1492808915919033248,1
1492808916177729355,1
1492808916177736821,1
1492808916235000485,1
1492808916318878032,1
1492808916421493544,1
1492808916526531100,1
1492808916620283454,1
1492808916726548323,1
1492808916828551893,1
1492808916923082891,1
1492808917034603769,1
1492808917120978390,1
1492808917220378820,1
1492808917331230457,1
1492808917420602068,1
1492808917518782602,1
1492808917620151049,1
1492808917742197896,1
1492808917830975140,1
1492808917922550174,1
1492808918020347102,1
1492808918119865887,1
1492808918239333159,1
