%time,field.control_vel,field.desired_vel,field.control_pitch,field.desired_pitch,field.control_yaw,field.desired_yaw
1492807497677942927,0,0.0,0,0.0,0,0.0
1492807497777895294,0,0.0,0,0.0,0,0.0
1492807497877976629,0,0.0,0,0.0,0,0.0
1492807497977916976,0,0.0,0,0.0,0,0.0
1492807498077880248,0,0.0,0,0.0,0,0.0
1492807498177929350,0,0.0,0,0.0,0,0.0
1492807498277912381,0,0.0,0,0.0,0,0.0
1492807498377855309,0,0.0,0,0.0,0,0.0
1492807498477964711,0,0.0,0,0.0,0,0.0
1492807498578246511,0,0.0,0,0.0,0,0.0
1492807498677979271,0,0.0,0,0.0,0,0.0
1492807498777922157,0,0.0,0,0.0,0,0.0
1492807498877902538,0,0.0,0,0.0,0,0.0
1492807498977948148,0,0.0,0,0.0,0,0.0
1492807499077901852,0,0.0,0,0.0,0,0.0
1492807499177922558,0,0.0,0,0.0,0,0.0
1492807499277782823,0,0.0,0,0.0,0,0.0
1492807499377898915,0,0.0,0,0.0,0,0.0
1492807499477942464,0,0.0,0,0.0,0,0.0
1492807499577924388,0,0.0,0,0.0,0,0.0
1492807499677940765,0,0.0,0,0.0,0,0.0
1492807499777944103,0,0.0,0,0.0,0,0.0
1492807499877902360,0,0.0,0,0.0,0,0.0
1492807499977959393,0,0.0,0,0.0,0,0.0
1492807500077913161,0,0.0,0,0.0,0,0.0
1492807500177951456,0,0.0,0,0.0,0,0.0
1492807500277915627,0,0.0,0,0.0,0,0.0
1492807500377967858,0,0.0,0,0.0,0,0.0
1492807500477947757,0,0.0,0,0.0,0,0.0
1492807500577883385,0,0.0,0,0.0,0,0.0
1492807500677908180,0,0.0,0,0.0,0,0.0
1492807500777878437,0,0.0,0,0.0,0,0.0
1492807500877966551,0,0.0,0,0.0,0,0.0
1492807500977923825,0,0.0,0,0.0,0,0.0
1492807501077857013,0,0.0,0,0.0,0,0.0
1492807501177912303,0,0.0,0,0.0,0,0.0
1492807501277902647,0,0.0,0,0.0,0,0.0
1492807501378039205,0,0.0,0,0.0,0,0.0
1492807501477896825,0,0.0,0,0.0,0,0.0
1492807501577909033,0,0.0,0,0.0,0,0.0
1492807501677911355,0,0.0,0,0.0,0,0.0
1492807501777962492,0,0.0,0,0.0,0,0.0
1492807501877918749,0,0.0,0,0.0,0,0.0
1492807501977959925,0,0.0,0,0.0,0,0.0
1492807502077929706,0,0.0,0,0.0,0,0.0
1492807502177947135,0,0.0,0,0.0,0,0.0
1492807502278020542,1,0.00250474642962,0,0.0,1,1.57000005245
1492807502377940827,1,0.0058566853404,0,0.0,1,1.57000005245
1492807502478024759,1,0.00922625698149,0,0.0,1,1.57000005245
1492807502578040206,1,0.0126096503809,0,0.0,1,1.57000005245
1492807502678033398,1,0.0160004645586,0,0.0,1,1.57000005245
1492807502777990484,1,0.0194103978574,0,0.0,1,1.57000005245
1492807502878037284,1,0.0228278078139,0,0.0,1,1.57000005245
1492807502977943708,1,0.0262523572892,0,0.0,1,1.57000005245
1492807503078006282,1,0.029688488692,0,0.0,1,1.57000005245
1492807503178008124,1,0.033134534955,0,0.0,1,1.57000005245
1492807503277914298,1,0.0365853272378,0,0.0,1,1.57000005245
1492807503378038422,1,0.0400454290211,0,0.0,1,1.57000005245
1492807503478097115,1,0.0435048416257,0,0.0,1,1.57000005245
1492807503577956936,1,0.0469744764268,0,0.0,1,1.57000005245
1492807503678045191,1,0.0504434928298,0,0.0,1,1.57000005245
1492807503778024239,1,0.0539147742093,0,0.0,1,1.57000005245
1492807503878035442,1,0.0573858208954,0,0.0,1,1.57000005245
1492807503978087368,1,0.060857731849,0,0.0,1,1.57000005245
1492807504078029192,1,0.0643302202225,0,0.0,1,1.57000005245
1492807504178073095,1,0.0677992030978,0,0.0,1,1.57000005245
1492807504278016802,1,0.0712615698576,0,0.0,1,1.57000005245
1492807504378011786,1,0.0747274011374,0,0.0,1,1.57000005245
1492807504478021226,1,0.0781817212701,0,0.0,1,1.57000005245
1492807504578044873,1,0.0816316455603,0,0.0,1,1.57000005245
1492807504677953399,1,0.0850736647844,0,0.0,1,1.57000005245
1492807504778020006,1,0.0885127335787,0,0.0,1,1.57000005245
1492807504878066536,1,0.0919387489557,0,0.0,1,1.57000005245
1492807504978117721,1,0.0953544527292,0,0.0,1,1.57000005245
1492807505077948067,1,0.0987571030855,0,0.0,1,1.57000005245
1492807505177963888,1,0.102149784565,0,0.0,1,1.57000005245
1492807505278075471,1,0.105532057583,0,0.0,1,1.57000005245
1492807505378120874,1,0.108900159597,0,0.0,1,1.57000005245
1492807505477982306,1,0.112245932221,0,0.0,1,1.57000005245
1492807505578060148,1,0.115581735969,0,0.0,1,1.57000005245
1492807505678074264,1,0.118902683258,0,0.0,1,1.57000005245
1492807505777991885,1,0.122201144695,0,0.0,1,1.57000005245
1492807505878014355,1,0.125479876995,0,0.0,1,1.57000005245
1492807505978052798,1,0.128741726279,0,0.0,1,1.57000005245
1492807506078004522,1,0.131980121136,0,0.0,1,1.57000005245
1492807506178057805,1,0.13519923389,0,0.0,1,1.57000005245
1492807506278080591,1,0.138391777873,0,0.0,1,1.57000005245
1492807506377978163,1,0.141560226679,0,0.0,1,1.57000005245
1492807506478078707,1,0.144708529115,0,0.0,1,1.57000005245
1492807506578028744,1,0.147824808955,0,0.0,1,1.57000005245
1492807506678014455,1,0.150915339589,0,0.0,1,1.57000005245
1492807506777929172,1,0.153979659081,0,0.0,1,1.57000005245
1492807506878188257,1,0.157016515732,0,0.0,1,1.57000005245
1492807506978087723,1,0.160021901131,0,0.0,1,1.57000005245
1492807507077993314,1,0.162992566824,0,0.0,1,1.57000005245
1492807507177936029,1,0.165933832526,0,0.0,1,1.57000005245
1492807507277995780,1,0.168842807412,0,0.0,1,1.57000005245
1492807507377978508,1,0.171715646982,0,0.0,1,1.57000005245
1492807507478059742,1,0.174556076527,0,0.0,1,1.57000005245
1492807507578027044,1,0.177359029651,0,0.0,1,1.57000005245
1492807507678032291,1,0.180126950145,0,0.0,1,1.57000005245
1492807507778045781,1,0.182853147388,0,0.0,1,1.57000005245
1492807507878010855,1,0.185541898012,0,0.0,1,1.57000005245
1492807507977996698,1,0.188189610839,0,0.0,1,1.57000005245
1492807508078004968,1,0.190796464682,0,0.0,1,1.57000005245
1492807508178044806,1,0.193363055587,0,0.0,1,1.57000005245
1492807508277929686,1,0.1958848387,0,0.0,1,1.57000005245
1492807508378022678,1,0.198364466429,0,0.0,1,1.57000005245
1492807508477999620,1,0.200797587633,0,0.0,1,1.57000005245
1492807508578041467,1,0.203184589744,0,0.0,1,1.57000005245
1492807508678012795,1,0.205525130033,0,0.0,1,1.57000005245
1492807508777981300,1,0.207817673683,0,0.0,1,1.57000005245
1492807508878045962,1,0.210061982274,0,0.0,1,1.57000005245
1492807508978012888,1,0.212254077196,0,0.0,1,1.57000005245
1492807509078042566,1,0.21439409256,0,0.0,1,1.57000005245
1492807509178067294,1,0.216483563185,0,0.0,1,1.57000005245
1492807509278026859,1,0.218521803617,0,0.0,1,1.57000005245
1492807509377996057,1,0.220502942801,0,0.0,1,1.57000005245
1492807509478038520,1,0.222430959344,0,0.0,1,1.57000005245
1492807509578093805,1,0.224302902818,0,0.0,1,1.57000005245
1492807509677995533,1,0.226117625833,0,0.0,1,1.57000005245
1492807509778037419,1,0.227872505784,0,0.0,1,1.57000005245
1492807509877960124,1,0.229569703341,0,0.0,1,1.57000005245
1492807509978016261,1,0.23120675981,0,0.0,1,1.57000005245
1492807510078028709,1,0.232784211636,0,0.0,1,1.57000005245
1492807510178007008,1,0.234296783805,0,0.0,1,1.57000005245
1492807510278020130,1,0.235748887062,0,0.0,1,1.57000005245
1492807510377953227,1,0.237134739757,0,0.0,1,1.57000005245
1492807510478048319,1,0.238456562161,0,0.0,1,1.57000005245
1492807510577951925,1,0.239711746573,0,0.0,1,1.57000005245
1492807510678043874,1,0.240900933743,0,0.0,1,1.57000005245
1492807510777977250,1,0.242020308971,0,0.0,1,1.57000005245
1492807510878022691,1,0.243071585894,0,0.0,1,1.57000005245
1492807510978049866,1,0.244053840637,0,0.0,1,1.57000005245
1492807511078094231,1,0.244964122772,0,0.0,1,1.57000005245
1492807511178078982,1,0.245801508427,0,0.0,1,1.57000005245
1492807511277932676,1,0.246565893292,0,0.0,1,1.57000005245
1492807511378094401,1,0.247257590294,0,0.0,1,1.57000005245
1492807511478039727,1,0.24787312746,0,0.0,1,1.57000005245
1492807511578003071,1,0.248412653804,0,0.0,1,1.57000005245
1492807511678010404,1,0.248875677586,0,0.0,1,1.57000005245
1492807511778052438,1,0.249259844422,0,0.0,1,1.57000005245
1492807511877973774,1,0.249565288424,0,0.0,1,1.57000005245
1492807511978089442,1,0.249790772796,0,0.0,1,1.57000005245
1492807512078115887,1,0.249935269356,0,0.0,1,1.57000005245
1492807512178100211,1,0.249997392297,0,0.0,1,1.57000005245
1492807512277932705,1,0.25,0,0.0,1,1.57000005245
1492807512377987745,1,0.25,0,0.0,1,1.57000005245
1492807512478024941,1,0.25,0,0.0,1,1.57000005245
1492807512578094242,1,0.25,0,0.0,1,1.57000005245
1492807512678054777,1,0.25,0,0.0,1,1.57000005245
1492807512778028596,1,0.25,0,0.0,1,1.57000005245
1492807512878031187,1,0.25,0,0.0,1,1.57000005245
1492807512978029075,1,0.25,0,0.0,1,1.57000005245
1492807513078045541,1,0.25,0,0.0,1,1.57000005245
1492807513178009599,1,0.25,0,0.0,1,1.57000005245
1492807513277977424,1,0.25,0,0.0,1,1.57000005245
1492807513378047115,1,0.25,0,0.0,1,1.57000005245
1492807513478035034,1,0.25,0,0.0,1,1.57000005245
1492807513578026381,1,0.25,0,0.0,1,1.57000005245
1492807513678053379,1,0.25,0,0.0,1,1.57000005245
1492807513778033439,1,0.25,0,0.0,1,1.57000005245
1492807513877988691,1,0.25,0,0.0,1,1.57000005245
1492807513978082277,1,0.25,0,0.0,1,1.57000005245
1492807514077974567,1,0.25,0,0.0,1,1.57000005245
1492807514177923100,1,0.25,0,0.0,1,1.57000005245
1492807514277996533,1,0.25,0,0.0,1,1.57000005245
1492807514377969114,1,0.25,0,0.0,1,1.57000005245
1492807514477945412,1,0.25,0,0.0,1,1.57000005245
1492807514578005649,1,0.25,0,0.0,1,1.57000005245
1492807514678052625,1,0.25,0,0.0,1,1.57000005245
1492807514778071861,1,0.25,0,0.0,1,1.57000005245
1492807514877997609,1,0.25,0,0.0,1,1.57000005245
1492807514977959966,1,0.25,0,0.0,1,1.57000005245
1492807515078072014,1,0.25,0,0.0,1,1.57000005245
1492807515178001636,1,0.25,0,0.0,1,1.57000005245
1492807515278015404,1,0.25,0,0.0,1,1.57000005245
1492807515378015276,1,0.25,0,0.0,1,1.57000005245
1492807515477970625,1,0.25,0,0.0,1,1.57000005245
1492807515578069776,1,0.25,0,0.0,1,1.57000005245
1492807515677997636,1,0.25,0,0.0,1,1.57000005245
1492807515777983712,1,0.25,0,0.0,1,1.57000005245
1492807515878028488,1,0.25,0,0.0,1,1.57000005245
1492807515978010687,1,0.25,0,0.0,1,1.57000005245
1492807516077990357,1,0.25,0,0.0,1,1.57000005245
1492807516178009711,1,0.25,0,0.0,1,1.57000005245
1492807516278000043,1,0.25,0,0.0,1,1.57000005245
1492807516377961162,1,0.25,0,0.0,1,1.57000005245
1492807516477989059,1,0.25,0,0.0,1,1.57000005245
1492807516578047545,1,0.25,0,0.0,1,1.57000005245
1492807516678038343,1,0.25,0,0.0,1,1.57000005245
1492807516778034466,1,0.25,0,0.0,1,1.57000005245
1492807516878071975,1,0.25,0,0.0,1,1.57000005245
1492807516977985155,1,0.25,0,0.0,1,1.57000005245
1492807517077998176,1,0.25,0,0.0,1,1.57000005245
1492807517178039283,1,0.25,0,0.0,1,1.57000005245
1492807517277987467,1,0.25,0,0.0,1,1.57000005245
1492807517378049420,1,0.25,0,0.0,1,1.57000005245
1492807517477921092,1,0.25,0,0.0,1,1.57000005245
1492807517578049067,1,0.25,0,0.0,1,1.57000005245
1492807517678029483,1,0.25,0,0.0,1,1.57000005245
1492807517778013282,1,0.25,0,0.0,1,1.57000005245
1492807517878013896,1,0.25,0,0.0,1,1.57000005245
1492807517977956368,1,0.25,0,0.0,1,1.57000005245
1492807518078017357,1,0.25,0,0.0,1,1.57000005245
1492807518178026180,1,0.25,0,0.0,1,1.57000005245
1492807518277973983,1,0.25,0,0.0,1,1.57000005245
1492807518378048775,1,0.25,0,0.0,1,1.57000005245
1492807518478053960,1,0.25,0,0.0,1,1.57000005245
1492807518577935209,1,0.25,0,0.0,1,1.57000005245
1492807518677987685,1,0.25,0,0.0,1,1.57000005245
1492807518778021781,1,0.25,0,0.0,1,1.57000005245
1492807518878031889,1,0.25,0,0.0,1,1.57000005245
1492807518978043939,1,0.25,0,0.0,1,1.57000005245
1492807519078033166,1,0.25,0,0.0,1,1.57000005245
1492807519178006829,1,0.25,0,0.0,1,1.57000005245
1492807519277978338,1,0.25,0,0.0,1,1.57000005245
1492807519377988774,1,0.25,0,0.0,1,1.57000005245
1492807519478012599,1,0.25,0,0.0,1,1.57000005245
1492807519578031800,1,0.25,0,0.0,1,1.57000005245
1492807519678036859,1,0.25,0,0.0,1,1.57000005245
1492807519777950756,1,0.25,0,0.0,1,1.57000005245
1492807519878044169,1,0.25,0,0.0,1,1.57000005245
1492807519978022077,1,0.25,0,0.0,1,1.57000005245
1492807520078029249,1,0.25,0,0.0,1,1.57000005245
1492807520178079246,1,0.25,0,0.0,1,1.57000005245
1492807520278050414,1,0.25,0,0.0,1,1.57000005245
1492807520377963915,1,0.25,0,0.0,1,1.57000005245
1492807520477986510,1,0.25,0,0.0,1,1.57000005245
1492807520577974760,1,0.25,0,0.0,1,1.57000005245
1492807520677991652,1,0.25,0,0.0,1,1.57000005245
1492807520778033646,1,0.25,0,0.0,1,1.57000005245
1492807520878022133,1,0.25,0,0.0,1,1.57000005245
1492807520978048835,1,0.25,0,0.0,1,1.57000005245
1492807521078080021,1,0.25,0,0.0,1,1.57000005245
1492807521178079340,1,0.25,0,0.0,1,1.57000005245
1492807521278031909,1,0.25,0,0.0,1,1.57000005245
1492807521378001588,1,0.25,0,0.0,1,1.57000005245
1492807521478012194,1,0.25,0,0.0,1,1.57000005245
1492807521578067095,1,0.25,0,0.0,1,1.57000005245
1492807521678004814,1,0.25,0,0.0,1,1.57000005245
1492807521778051917,1,0.25,0,0.0,1,1.57000005245
1492807521878041666,1,0.25,0,0.0,1,1.57000005245
1492807521978033546,1,0.25,0,0.0,1,1.57000005245
1492807522078022848,1,0.25,0,0.0,1,1.57000005245
1492807522178090754,1,0.25,0,0.0,1,1.57000005245
1492807522278013173,1,0.25,0,0.0,1,1.57000005245
1492807522378000145,1,0.25,0,0.0,1,1.57000005245
1492807522477947947,1,0.25,0,0.0,1,1.57000005245
1492807522577989582,1,0.25,0,0.0,1,1.57000005245
1492807522677993071,1,0.25,0,0.0,1,1.57000005245
1492807522778015042,1,0.25,0,0.0,1,1.57000005245
1492807522877975979,1,0.25,0,0.0,1,1.57000005245
1492807522977994935,1,0.25,0,0.0,1,1.57000005245
1492807523078027128,1,0.25,0,0.0,1,1.57000005245
1492807523178077596,1,0.25,0,0.0,1,1.57000005245
1492807523277979769,1,0.25,0,0.0,1,1.57000005245
1492807523378027625,1,0.25,0,0.0,1,1.57000005245
1492807523478032614,1,0.25,0,0.0,1,1.57000005245
1492807523577984981,1,0.25,0,0.0,1,1.57000005245
1492807523678036835,1,0.25,0,0.0,1,1.57000005245
1492807523778019527,1,0.25,0,0.0,1,1.57000005245
1492807523878028186,1,0.25,0,0.0,1,1.57000005245
1492807523978017240,1,0.25,0,0.0,1,1.57000005245
1492807524078015474,1,0.25,0,0.0,1,1.57000005245
1492807524177990577,1,0.25,0,0.0,1,1.57000005245
1492807524278034203,1,0.25,0,0.0,1,1.57000005245
1492807524377945622,1,0.25,0,0.0,1,1.57000005245
1492807524478049932,1,0.25,0,0.0,1,1.57000005245
1492807524578061870,1,0.25,0,0.0,1,1.57000005245
1492807524678022054,1,0.25,0,0.0,1,1.57000005245
1492807524778045461,1,0.25,0,0.0,1,1.57000005245
1492807524878023548,1,0.25,0,0.0,1,1.57000005245
1492807524978084075,1,0.25,0,0.0,1,1.57000005245
1492807525078068813,1,0.25,0,0.0,1,1.57000005245
1492807525178056806,1,0.25,0,0.0,1,1.57000005245
1492807525278138302,1,0.25,0,0.0,1,1.57000005245
1492807525378049490,1,0.25,0,0.0,1,1.57000005245
1492807525477900568,1,0.25,0,0.0,1,1.57000005245
1492807525578070482,1,0.25,0,0.0,1,1.57000005245
1492807525677981277,1,0.25,0,0.0,1,1.57000005245
1492807525778013549,1,0.25,0,0.0,1,1.57000005245
1492807525878194452,1,0.25,0,0.0,1,1.57000005245
1492807525978034678,1,0.25,0,0.0,1,1.57000005245
1492807526078085987,1,0.25,0,0.0,1,1.57000005245
1492807526177984184,1,0.25,0,0.0,1,1.57000005245
1492807526278025683,1,0.25,0,0.0,1,1.57000005245
1492807526377994869,1,0.25,0,0.0,1,1.57000005245
1492807526478041419,1,0.25,0,0.0,1,1.57000005245
1492807526577963197,1,0.25,0,0.0,1,1.57000005245
1492807526678021283,1,0.25,0,0.0,1,1.57000005245
1492807526778037443,1,0.25,0,0.0,1,1.57000005245
1492807526878058037,1,0.25,0,0.0,1,1.57000005245
1492807526977954294,1,0.25,0,0.0,1,1.57000005245
1492807527078057211,1,0.25,0,0.0,1,1.57000005245
1492807527177993403,1,0.25,0,0.0,1,1.57000005245
1492807527278014897,1,0.25,0,0.0,1,1.57000005245
1492807527377979207,1,0.25,0,0.0,1,1.57000005245
1492807527478040068,1,0.25,0,0.0,1,1.57000005245
1492807527577936872,1,0.25,0,0.0,1,1.57000005245
1492807527678028262,1,0.25,0,0.0,1,1.57000005245
1492807527777987349,1,0.25,0,0.0,1,1.57000005245
1492807527877991910,1,0.25,0,0.0,1,1.57000005245
1492807527978034734,1,0.25,0,0.0,1,1.57000005245
1492807528078074122,1,0.25,0,0.0,1,1.57000005245
1492807528178046084,1,0.25,0,0.0,1,1.57000005245
1492807528278000190,1,0.25,0,0.0,1,1.57000005245
1492807528377973280,1,0.25,0,0.0,1,1.57000005245
1492807528478064858,1,0.25,0,0.0,1,1.57000005245
1492807528577955990,1,0.25,0,0.0,1,1.57000005245
1492807528677941333,1,0.25,0,0.0,1,1.57000005245
1492807528777901496,1,0.25,0,0.0,1,1.57000005245
1492807528878057179,1,0.25,0,0.0,1,1.57000005245
1492807528977978387,1,0.25,0,0.0,1,1.57000005245
1492807529078000033,1,0.25,0,0.0,1,1.57000005245
1492807529178031300,1,0.25,0,0.0,1,1.57000005245
1492807529278044809,1,0.25,0,0.0,1,1.57000005245
1492807529378057503,1,0.25,0,0.0,1,1.57000005245
1492807529478029705,1,0.25,0,0.0,1,1.57000005245
1492807529578023196,1,0.25,0,0.0,1,1.57000005245
1492807529677995054,1,0.25,0,0.0,1,1.57000005245
1492807529778009861,1,0.25,0,0.0,1,1.57000005245
1492807529878057144,1,0.25,0,0.0,1,1.57000005245
1492807529978053213,1,0.25,0,0.0,1,1.57000005245
1492807530078027791,1,0.25,0,0.0,1,1.57000005245
1492807530178041541,1,0.25,0,0.0,1,1.57000005245
1492807530278024523,1,0.25,0,0.0,1,1.57000005245
1492807530378051946,1,0.25,0,0.0,1,1.57000005245
1492807530478035720,1,0.25,0,0.0,1,1.57000005245
1492807530578054856,1,0.25,0,0.0,1,1.57000005245
1492807530677929745,1,0.25,0,0.0,1,1.57000005245
1492807530777958666,1,0.25,0,0.0,1,1.57000005245
1492807530878049051,1,0.25,0,0.0,1,1.57000005245
1492807530977958389,1,0.25,0,0.0,1,1.57000005245
1492807531078043156,1,0.25,0,0.0,1,1.57000005245
1492807531178006339,1,0.25,0,0.0,1,1.57000005245
1492807531278067231,1,0.25,0,0.0,1,1.57000005245
1492807531378007519,1,0.25,0,0.0,1,1.57000005245
1492807531478024718,1,0.25,0,0.0,1,1.57000005245
1492807531578083680,1,0.25,0,0.0,1,1.57000005245
1492807531678003709,1,0.25,0,0.0,1,1.57000005245
1492807531777981055,1,0.25,0,0.0,1,1.57000005245
1492807531878033860,1,0.25,0,0.0,1,1.57000005245
1492807531978014594,1,0.25,0,0.0,1,1.57000005245
1492807532078082357,1,0.25,0,0.0,1,1.57000005245
1492807532178062444,1,0.25,0,0.0,1,1.57000005245
1492807532278144742,0,0.0,0,0.0,0,0.0
