%time,field.P_vel,field.I_vel,field.D_vel,field.P_pitch,field.I_pitch,field.D_pitch,field.P_yaw,field.I_yaw,field.D_yaw
1492807497655743193,105.0,44.0,17.5,10.0,0.0,50.0,25.0,0.0,50.0
1492807497755679989,105.0,44.0,17.5,10.0,0.0,50.0,25.0,0.0,50.0
1492807497855601421,105.0,44.0,17.5,10.0,0.0,50.0,25.0,0.0,50.0
1492807497955602937,105.0,44.0,17.5,10.0,0.0,50.0,25.0,0.0,50.0
1492807498055547350,105.0,44.0,17.5,10.0,0.0,50.0,25.0,0.0,50.0
1492807498155625026,105.0,44.0,17.5,10.0,0.0,50.0,25.0,0.0,50.0
1492807498255625074,105.0,44.0,17.5,10.0,0.0,50.0,25.0,0.0,50.0
1492807498355620332,105.0,44.0,17.5,10.0,0.0,50.0,25.0,0.0,50.0
1492807498455900461,105.0,44.0,17.5,10.0,0.0,50.0,25.0,0.0,50.0
1492807498555744144,105.0,44.0,17.5,10.0,0.0,50.0,25.0,0.0,50.0
1492807498655671953,105.0,44.0,17.5,10.0,0.0,50.0,25.0,0.0,50.0
1492807498755651228,105.0,44.0,17.5,10.0,0.0,50.0,25.0,0.0,50.0
1492807498855928867,105.0,44.0,17.5,10.0,0.0,50.0,25.0,0.0,50.0
1492807498955564633,105.0,44.0,17.5,10.0,0.0,50.0,25.0,0.0,50.0
1492807499055588732,105.0,44.0,17.5,10.0,0.0,50.0,25.0,0.0,50.0
1492807499155745069,105.0,44.0,17.5,10.0,0.0,50.0,25.0,0.0,50.0
1492807499255751609,105.0,44.0,17.5,10.0,0.0,50.0,25.0,0.0,50.0
1492807499355627279,105.0,44.0,17.5,10.0,0.0,50.0,25.0,0.0,50.0
1492807499455616351,105.0,44.0,17.5,10.0,0.0,50.0,25.0,0.0,50.0
1492807499555614017,105.0,44.0,17.5,10.0,0.0,50.0,25.0,0.0,50.0
1492807499655582661,105.0,44.0,17.5,10.0,0.0,50.0,25.0,0.0,50.0
1492807499755602613,105.0,44.0,17.5,10.0,0.0,50.0,25.0,0.0,50.0
1492807499855586785,105.0,44.0,17.5,10.0,0.0,50.0,25.0,0.0,50.0
1492807499955596092,105.0,44.0,17.5,10.0,0.0,50.0,25.0,0.0,50.0
1492807500055605116,105.0,44.0,17.5,10.0,0.0,50.0,25.0,0.0,50.0
1492807500155468291,105.0,44.0,17.5,10.0,0.0,50.0,25.0,0.0,50.0
1492807500255676144,105.0,44.0,17.5,10.0,0.0,50.0,25.0,0.0,50.0
1492807500355588723,105.0,44.0,17.5,10.0,0.0,50.0,25.0,0.0,50.0
1492807500455608923,105.0,44.0,17.5,10.0,0.0,50.0,25.0,0.0,50.0
1492807500555547015,105.0,44.0,17.5,10.0,0.0,50.0,25.0,0.0,50.0
1492807500655645985,105.0,44.0,17.5,10.0,0.0,50.0,25.0,0.0,50.0
1492807500755606182,105.0,44.0,17.5,10.0,0.0,50.0,25.0,0.0,50.0
1492807500855605301,105.0,44.0,17.5,10.0,0.0,50.0,25.0,0.0,50.0
1492807500955581523,105.0,44.0,17.5,10.0,0.0,50.0,25.0,0.0,50.0
1492807501055627049,105.0,44.0,17.5,10.0,0.0,50.0,25.0,0.0,50.0
1492807501155597729,105.0,44.0,17.5,10.0,0.0,50.0,25.0,0.0,50.0
1492807501255647788,105.0,44.0,17.5,10.0,0.0,50.0,25.0,0.0,50.0
1492807501355739629,105.0,44.0,17.5,10.0,0.0,50.0,25.0,0.0,50.0
1492807501455605973,105.0,44.0,17.5,10.0,0.0,50.0,25.0,0.0,50.0
1492807501555666061,105.0,44.0,17.5,10.0,0.0,50.0,25.0,0.0,50.0
1492807501655702195,105.0,44.0,17.5,10.0,0.0,50.0,25.0,0.0,50.0
1492807501755656722,105.0,44.0,17.5,10.0,0.0,50.0,25.0,0.0,50.0
1492807501855595313,105.0,44.0,17.5,10.0,0.0,50.0,25.0,0.0,50.0
1492807501955731593,105.0,44.0,17.5,10.0,0.0,50.0,25.0,0.0,50.0
1492807502055579282,105.0,44.0,17.5,10.0,0.0,50.0,25.0,0.0,50.0
1492807502155642603,105.0,44.0,17.5,10.0,0.0,50.0,25.0,0.0,50.0
1492807502255547611,105.0,44.0,17.5,10.0,0.0,50.0,25.0,0.0,50.0
1492807502355649263,105.0,44.0,17.5,10.0,0.0,50.0,25.0,0.0,50.0
1492807502455611198,105.0,44.0,17.5,10.0,0.0,50.0,25.0,0.0,50.0
1492807502555598687,105.0,44.0,17.5,10.0,0.0,50.0,25.0,0.0,50.0
1492807502655805200,105.0,44.0,17.5,10.0,0.0,50.0,25.0,0.0,50.0
1492807502755619490,105.0,44.0,17.5,10.0,0.0,50.0,25.0,0.0,50.0
1492807502855644854,105.0,44.0,17.5,10.0,0.0,50.0,25.0,0.0,50.0
1492807502955552006,105.0,44.0,17.5,10.0,0.0,50.0,25.0,0.0,50.0
1492807503055639433,105.0,44.0,17.5,10.0,0.0,50.0,25.0,0.0,50.0
1492807503155710980,105.0,44.0,17.5,10.0,0.0,50.0,25.0,0.0,50.0
1492807503255538682,105.0,44.0,17.5,10.0,0.0,50.0,25.0,0.0,50.0
1492807503355566185,105.0,44.0,17.5,10.0,0.0,50.0,25.0,0.0,50.0
1492807503455613234,105.0,44.0,17.5,10.0,0.0,50.0,25.0,0.0,50.0
1492807503555504721,105.0,44.0,17.5,10.0,0.0,50.0,25.0,0.0,50.0
1492807503655649932,105.0,44.0,17.5,10.0,0.0,50.0,25.0,0.0,50.0
1492807503755598915,105.0,44.0,17.5,10.0,0.0,50.0,25.0,0.0,50.0
1492807503855670162,105.0,44.0,17.5,10.0,0.0,50.0,25.0,0.0,50.0
1492807503955574238,105.0,44.0,17.5,10.0,0.0,50.0,25.0,0.0,50.0
1492807504055610645,105.0,44.0,17.5,10.0,0.0,50.0,25.0,0.0,50.0
1492807504155681071,105.0,44.0,17.5,10.0,0.0,50.0,25.0,0.0,50.0
1492807504255551490,105.0,44.0,17.5,10.0,0.0,50.0,25.0,0.0,50.0
1492807504355641627,105.0,44.0,17.5,10.0,0.0,50.0,25.0,0.0,50.0
1492807504455615638,105.0,44.0,17.5,10.0,0.0,50.0,25.0,0.0,50.0
1492807504555561219,105.0,44.0,17.5,10.0,0.0,50.0,25.0,0.0,50.0
1492807504655651583,105.0,44.0,17.5,10.0,0.0,50.0,25.0,0.0,50.0
1492807504755636649,105.0,44.0,17.5,10.0,0.0,50.0,25.0,0.0,50.0
1492807504855619419,105.0,44.0,17.5,10.0,0.0,50.0,25.0,0.0,50.0
1492807504955660831,105.0,44.0,17.5,10.0,0.0,50.0,25.0,0.0,50.0
1492807505055659581,105.0,44.0,17.5,10.0,0.0,50.0,25.0,0.0,50.0
1492807505155646635,105.0,44.0,17.5,10.0,0.0,50.0,25.0,0.0,50.0
1492807505255563083,105.0,44.0,17.5,10.0,0.0,50.0,25.0,0.0,50.0
1492807505355632681,105.0,44.0,17.5,10.0,0.0,50.0,25.0,0.0,50.0
1492807505455697161,105.0,44.0,17.5,10.0,0.0,50.0,25.0,0.0,50.0
1492807505555822311,105.0,44.0,17.5,10.0,0.0,50.0,25.0,0.0,50.0
1492807505655768449,105.0,44.0,17.5,10.0,0.0,50.0,25.0,0.0,50.0
1492807505755688436,105.0,44.0,17.5,10.0,0.0,50.0,25.0,0.0,50.0
1492807505855597987,105.0,44.0,17.5,10.0,0.0,50.0,25.0,0.0,50.0
1492807505955644298,105.0,44.0,17.5,10.0,0.0,50.0,25.0,0.0,50.0
1492807506055649205,105.0,44.0,17.5,10.0,0.0,50.0,25.0,0.0,50.0
1492807506155793129,105.0,44.0,17.5,10.0,0.0,50.0,25.0,0.0,50.0
1492807506255597470,105.0,44.0,17.5,10.0,0.0,50.0,25.0,0.0,50.0
1492807506355731195,105.0,44.0,17.5,10.0,0.0,50.0,25.0,0.0,50.0
1492807506455586317,105.0,44.0,17.5,10.0,0.0,50.0,25.0,0.0,50.0
1492807506555742388,105.0,44.0,17.5,10.0,0.0,50.0,25.0,0.0,50.0
1492807506655881562,105.0,44.0,17.5,10.0,0.0,50.0,25.0,0.0,50.0
1492807506755626123,105.0,44.0,17.5,10.0,0.0,50.0,25.0,0.0,50.0
1492807506855930749,105.0,44.0,17.5,10.0,0.0,50.0,25.0,0.0,50.0
1492807506955850782,105.0,44.0,17.5,10.0,0.0,50.0,25.0,0.0,50.0
1492807507055675491,105.0,44.0,17.5,10.0,0.0,50.0,25.0,0.0,50.0
1492807507155551660,105.0,44.0,17.5,10.0,0.0,50.0,25.0,0.0,50.0
1492807507255789478,105.0,44.0,17.5,10.0,0.0,50.0,25.0,0.0,50.0
1492807507355696236,105.0,44.0,17.5,10.0,0.0,50.0,25.0,0.0,50.0
1492807507455672414,105.0,44.0,17.5,10.0,0.0,50.0,25.0,0.0,50.0
1492807507555641300,105.0,44.0,17.5,10.0,0.0,50.0,25.0,0.0,50.0
1492807507655642615,105.0,44.0,17.5,10.0,0.0,50.0,25.0,0.0,50.0
1492807507755775298,105.0,44.0,17.5,10.0,0.0,50.0,25.0,0.0,50.0
1492807507855589273,105.0,44.0,17.5,10.0,0.0,50.0,25.0,0.0,50.0
1492807507955619983,105.0,44.0,17.5,10.0,0.0,50.0,25.0,0.0,50.0
1492807508055574449,105.0,44.0,17.5,10.0,0.0,50.0,25.0,0.0,50.0
1492807508155572851,105.0,44.0,17.5,10.0,0.0,50.0,25.0,0.0,50.0
1492807508255571483,105.0,44.0,17.5,10.0,0.0,50.0,25.0,0.0,50.0
1492807508355695604,105.0,44.0,17.5,10.0,0.0,50.0,25.0,0.0,50.0
1492807508455601745,105.0,44.0,17.5,10.0,0.0,50.0,25.0,0.0,50.0
1492807508555729849,105.0,44.0,17.5,10.0,0.0,50.0,25.0,0.0,50.0
1492807508655636135,105.0,44.0,17.5,10.0,0.0,50.0,25.0,0.0,50.0
1492807508755700164,105.0,44.0,17.5,10.0,0.0,50.0,25.0,0.0,50.0
1492807508855581915,105.0,44.0,17.5,10.0,0.0,50.0,25.0,0.0,50.0
1492807508955599329,105.0,44.0,17.5,10.0,0.0,50.0,25.0,0.0,50.0
1492807509055573078,105.0,44.0,17.5,10.0,0.0,50.0,25.0,0.0,50.0
1492807509155564777,105.0,44.0,17.5,10.0,0.0,50.0,25.0,0.0,50.0
1492807509255707622,105.0,44.0,17.5,10.0,0.0,50.0,25.0,0.0,50.0
1492807509355763117,105.0,44.0,17.5,10.0,0.0,50.0,25.0,0.0,50.0
1492807509455651706,105.0,44.0,17.5,10.0,0.0,50.0,25.0,0.0,50.0
1492807509555770734,105.0,44.0,17.5,10.0,0.0,50.0,25.0,0.0,50.0
1492807509655578575,105.0,44.0,17.5,10.0,0.0,50.0,25.0,0.0,50.0
1492807509755628355,105.0,44.0,17.5,10.0,0.0,50.0,25.0,0.0,50.0
1492807509855596077,105.0,44.0,17.5,10.0,0.0,50.0,25.0,0.0,50.0
1492807509955615976,105.0,44.0,17.5,10.0,0.0,50.0,25.0,0.0,50.0
1492807510055642605,105.0,44.0,17.5,10.0,0.0,50.0,25.0,0.0,50.0
1492807510155703272,105.0,44.0,17.5,10.0,0.0,50.0,25.0,0.0,50.0
1492807510255634361,105.0,44.0,17.5,10.0,0.0,50.0,25.0,0.0,50.0
1492807510355700696,105.0,44.0,17.5,10.0,0.0,50.0,25.0,0.0,50.0
1492807510455631787,105.0,44.0,17.5,10.0,0.0,50.0,25.0,0.0,50.0
1492807510555618039,105.0,44.0,17.5,10.0,0.0,50.0,25.0,0.0,50.0
1492807510655730075,105.0,44.0,17.5,10.0,0.0,50.0,25.0,0.0,50.0
1492807510755609445,105.0,44.0,17.5,10.0,0.0,50.0,25.0,0.0,50.0
1492807510855694335,105.0,44.0,17.5,10.0,0.0,50.0,25.0,0.0,50.0
1492807510955629828,105.0,44.0,17.5,10.0,0.0,50.0,25.0,0.0,50.0
1492807511055599100,105.0,44.0,17.5,10.0,0.0,50.0,25.0,0.0,50.0
1492807511155781738,105.0,44.0,17.5,10.0,0.0,50.0,25.0,0.0,50.0
1492807511255687712,105.0,44.0,17.5,10.0,0.0,50.0,25.0,0.0,50.0
1492807511355569990,105.0,44.0,17.5,10.0,0.0,50.0,25.0,0.0,50.0
1492807511455630651,105.0,44.0,17.5,10.0,0.0,50.0,25.0,0.0,50.0
1492807511555717888,105.0,44.0,17.5,10.0,0.0,50.0,25.0,0.0,50.0
1492807511655636060,105.0,44.0,17.5,10.0,0.0,50.0,25.0,0.0,50.0
1492807511755719545,105.0,44.0,17.5,10.0,0.0,50.0,25.0,0.0,50.0
1492807511855672954,105.0,44.0,17.5,10.0,0.0,50.0,25.0,0.0,50.0
1492807511955651694,105.0,44.0,17.5,10.0,0.0,50.0,25.0,0.0,50.0
1492807512055865318,105.0,44.0,17.5,10.0,0.0,50.0,25.0,0.0,50.0
1492807512155629577,105.0,44.0,17.5,10.0,0.0,50.0,25.0,0.0,50.0
1492807512255692209,105.0,44.0,17.5,10.0,0.0,50.0,25.0,0.0,50.0
1492807512355659667,105.0,44.0,17.5,10.0,0.0,50.0,25.0,0.0,50.0
1492807512455615489,105.0,44.0,17.5,10.0,0.0,50.0,25.0,0.0,50.0
1492807512555691239,105.0,44.0,17.5,10.0,0.0,50.0,25.0,0.0,50.0
1492807512655682822,105.0,44.0,17.5,10.0,0.0,50.0,25.0,0.0,50.0
1492807512755543465,105.0,44.0,17.5,10.0,0.0,50.0,25.0,0.0,50.0
1492807512855555204,105.0,44.0,17.5,10.0,0.0,50.0,25.0,0.0,50.0
1492807512955720836,105.0,44.0,17.5,10.0,0.0,50.0,25.0,0.0,50.0
1492807513055781874,105.0,44.0,17.5,10.0,0.0,50.0,25.0,0.0,50.0
1492807513155658654,105.0,44.0,17.5,10.0,0.0,50.0,25.0,0.0,50.0
1492807513255576406,105.0,44.0,17.5,10.0,0.0,50.0,25.0,0.0,50.0
1492807513355588562,105.0,44.0,17.5,10.0,0.0,50.0,25.0,0.0,50.0
1492807513455655548,105.0,44.0,17.5,10.0,0.0,50.0,25.0,0.0,50.0
1492807513555858020,105.0,44.0,17.5,10.0,0.0,50.0,25.0,0.0,50.0
1492807513655578765,105.0,44.0,17.5,10.0,0.0,50.0,25.0,0.0,50.0
1492807513755612293,105.0,44.0,17.5,10.0,0.0,50.0,25.0,0.0,50.0
1492807513855583493,105.0,44.0,17.5,10.0,0.0,50.0,25.0,0.0,50.0
1492807513955588127,105.0,44.0,17.5,10.0,0.0,50.0,25.0,0.0,50.0
1492807514055679240,105.0,44.0,17.5,10.0,0.0,50.0,25.0,0.0,50.0
1492807514155689976,105.0,44.0,17.5,10.0,0.0,50.0,25.0,0.0,50.0
1492807514255563768,105.0,44.0,17.5,10.0,0.0,50.0,25.0,0.0,50.0
1492807514355593127,105.0,44.0,17.5,10.0,0.0,50.0,25.0,0.0,50.0
1492807514455620171,105.0,44.0,17.5,10.0,0.0,50.0,25.0,0.0,50.0
1492807514555590590,105.0,44.0,17.5,10.0,0.0,50.0,25.0,0.0,50.0
1492807514655587287,105.0,44.0,17.5,10.0,0.0,50.0,25.0,0.0,50.0
1492807514755637009,105.0,44.0,17.5,10.0,0.0,50.0,25.0,0.0,50.0
1492807514855693784,105.0,44.0,17.5,10.0,0.0,50.0,25.0,0.0,50.0
1492807514955599877,105.0,44.0,17.5,10.0,0.0,50.0,25.0,0.0,50.0
1492807515055643156,105.0,44.0,17.5,10.0,0.0,50.0,25.0,0.0,50.0
1492807515155568773,105.0,44.0,17.5,10.0,0.0,50.0,25.0,0.0,50.0
1492807515255775700,105.0,44.0,17.5,10.0,0.0,50.0,25.0,0.0,50.0
1492807515355731917,105.0,44.0,17.5,10.0,0.0,50.0,25.0,0.0,50.0
1492807515455646441,105.0,44.0,17.5,10.0,0.0,50.0,25.0,0.0,50.0
1492807515555710482,105.0,44.0,17.5,10.0,0.0,50.0,25.0,0.0,50.0
1492807515655915159,105.0,44.0,17.5,10.0,0.0,50.0,25.0,0.0,50.0
1492807515755603658,105.0,44.0,17.5,10.0,0.0,50.0,25.0,0.0,50.0
1492807515855556469,105.0,44.0,17.5,10.0,0.0,50.0,25.0,0.0,50.0
1492807515955647298,105.0,44.0,17.5,10.0,0.0,50.0,25.0,0.0,50.0
1492807516055728233,105.0,44.0,17.5,10.0,0.0,50.0,25.0,0.0,50.0
1492807516155581521,105.0,44.0,17.5,10.0,0.0,50.0,25.0,0.0,50.0
1492807516255654370,105.0,44.0,17.5,10.0,0.0,50.0,25.0,0.0,50.0
1492807516355687367,105.0,44.0,17.5,10.0,0.0,50.0,25.0,0.0,50.0
1492807516455569407,105.0,44.0,17.5,10.0,0.0,50.0,25.0,0.0,50.0
1492807516555794238,105.0,44.0,17.5,10.0,0.0,50.0,25.0,0.0,50.0
1492807516655606078,105.0,44.0,17.5,10.0,0.0,50.0,25.0,0.0,50.0
1492807516755615234,105.0,44.0,17.5,10.0,0.0,50.0,25.0,0.0,50.0
1492807516855608278,105.0,44.0,17.5,10.0,0.0,50.0,25.0,0.0,50.0
1492807516955913449,105.0,44.0,17.5,10.0,0.0,50.0,25.0,0.0,50.0
1492807517055785220,105.0,44.0,17.5,10.0,0.0,50.0,25.0,0.0,50.0
1492807517155735800,105.0,44.0,17.5,10.0,0.0,50.0,25.0,0.0,50.0
1492807517255655696,105.0,44.0,17.5,10.0,0.0,50.0,25.0,0.0,50.0
1492807517355616713,105.0,44.0,17.5,10.0,0.0,50.0,25.0,0.0,50.0
1492807517455705639,105.0,44.0,17.5,10.0,0.0,50.0,25.0,0.0,50.0
1492807517555602235,105.0,44.0,17.5,10.0,0.0,50.0,25.0,0.0,50.0
1492807517655595590,105.0,44.0,17.5,10.0,0.0,50.0,25.0,0.0,50.0
1492807517755727838,105.0,44.0,17.5,10.0,0.0,50.0,25.0,0.0,50.0
1492807517855595597,105.0,44.0,17.5,10.0,0.0,50.0,25.0,0.0,50.0
1492807517955590510,105.0,44.0,17.5,10.0,0.0,50.0,25.0,0.0,50.0
1492807518055837228,105.0,44.0,17.5,10.0,0.0,50.0,25.0,0.0,50.0
1492807518155779348,105.0,44.0,17.5,10.0,0.0,50.0,25.0,0.0,50.0
1492807518255672249,105.0,44.0,17.5,10.0,0.0,50.0,25.0,0.0,50.0
1492807518355688555,105.0,44.0,17.5,10.0,0.0,50.0,25.0,0.0,50.0
1492807518455647589,105.0,44.0,17.5,10.0,0.0,50.0,25.0,0.0,50.0
1492807518555537584,105.0,44.0,17.5,10.0,0.0,50.0,25.0,0.0,50.0
1492807518655674359,105.0,44.0,17.5,10.0,0.0,50.0,25.0,0.0,50.0
1492807518755691505,105.0,44.0,17.5,10.0,0.0,50.0,25.0,0.0,50.0
1492807518855659137,105.0,44.0,17.5,10.0,0.0,50.0,25.0,0.0,50.0
1492807518955686801,105.0,44.0,17.5,10.0,0.0,50.0,25.0,0.0,50.0
1492807519055611389,105.0,44.0,17.5,10.0,0.0,50.0,25.0,0.0,50.0
1492807519155693667,105.0,44.0,17.5,10.0,0.0,50.0,25.0,0.0,50.0
1492807519255585568,105.0,44.0,17.5,10.0,0.0,50.0,25.0,0.0,50.0
1492807519355620528,105.0,44.0,17.5,10.0,0.0,50.0,25.0,0.0,50.0
1492807519455599996,105.0,44.0,17.5,10.0,0.0,50.0,25.0,0.0,50.0
1492807519555691155,105.0,44.0,17.5,10.0,0.0,50.0,25.0,0.0,50.0
1492807519655611988,105.0,44.0,17.5,10.0,0.0,50.0,25.0,0.0,50.0
1492807519755557006,105.0,44.0,17.5,10.0,0.0,50.0,25.0,0.0,50.0
1492807519855662559,105.0,44.0,17.5,10.0,0.0,50.0,25.0,0.0,50.0
1492807519955840708,105.0,44.0,17.5,10.0,0.0,50.0,25.0,0.0,50.0
1492807520055597152,105.0,44.0,17.5,10.0,0.0,50.0,25.0,0.0,50.0
1492807520155723698,105.0,44.0,17.5,10.0,0.0,50.0,25.0,0.0,50.0
1492807520255606211,105.0,44.0,17.5,10.0,0.0,50.0,25.0,0.0,50.0
1492807520355696416,105.0,44.0,17.5,10.0,0.0,50.0,25.0,0.0,50.0
1492807520455671496,105.0,44.0,17.5,10.0,0.0,50.0,25.0,0.0,50.0
1492807520555733277,105.0,44.0,17.5,10.0,0.0,50.0,25.0,0.0,50.0
1492807520655594629,105.0,44.0,17.5,10.0,0.0,50.0,25.0,0.0,50.0
1492807520755599420,105.0,44.0,17.5,10.0,0.0,50.0,25.0,0.0,50.0
1492807520855622648,105.0,44.0,17.5,10.0,0.0,50.0,25.0,0.0,50.0
1492807520955731894,105.0,44.0,17.5,10.0,0.0,50.0,25.0,0.0,50.0
1492807521055619724,105.0,44.0,17.5,10.0,0.0,50.0,25.0,0.0,50.0
1492807521155508434,105.0,44.0,17.5,10.0,0.0,50.0,25.0,0.0,50.0
1492807521255814641,105.0,44.0,17.5,10.0,0.0,50.0,25.0,0.0,50.0
1492807521355687486,105.0,44.0,17.5,10.0,0.0,50.0,25.0,0.0,50.0
1492807521455541444,105.0,44.0,17.5,10.0,0.0,50.0,25.0,0.0,50.0
1492807521555595019,105.0,44.0,17.5,10.0,0.0,50.0,25.0,0.0,50.0
1492807521655615794,105.0,44.0,17.5,10.0,0.0,50.0,25.0,0.0,50.0
1492807521755697563,105.0,44.0,17.5,10.0,0.0,50.0,25.0,0.0,50.0
1492807521855716673,105.0,44.0,17.5,10.0,0.0,50.0,25.0,0.0,50.0
1492807521955746422,105.0,44.0,17.5,10.0,0.0,50.0,25.0,0.0,50.0
1492807522055496959,105.0,44.0,17.5,10.0,0.0,50.0,25.0,0.0,50.0
1492807522155751722,105.0,44.0,17.5,10.0,0.0,50.0,25.0,0.0,50.0
1492807522255613116,105.0,44.0,17.5,10.0,0.0,50.0,25.0,0.0,50.0
1492807522355647793,105.0,44.0,17.5,10.0,0.0,50.0,25.0,0.0,50.0
1492807522455858017,105.0,44.0,17.5,10.0,0.0,50.0,25.0,0.0,50.0
1492807522555607567,105.0,44.0,17.5,10.0,0.0,50.0,25.0,0.0,50.0
1492807522655682787,105.0,44.0,17.5,10.0,0.0,50.0,25.0,0.0,50.0
1492807522755575382,105.0,44.0,17.5,10.0,0.0,50.0,25.0,0.0,50.0
1492807522855718577,105.0,44.0,17.5,10.0,0.0,50.0,25.0,0.0,50.0
1492807522955539939,105.0,44.0,17.5,10.0,0.0,50.0,25.0,0.0,50.0
1492807523055633416,105.0,44.0,17.5,10.0,0.0,50.0,25.0,0.0,50.0
1492807523155656105,105.0,44.0,17.5,10.0,0.0,50.0,25.0,0.0,50.0
1492807523255747358,105.0,44.0,17.5,10.0,0.0,50.0,25.0,0.0,50.0
1492807523355547765,105.0,44.0,17.5,10.0,0.0,50.0,25.0,0.0,50.0
1492807523455653902,105.0,44.0,17.5,10.0,0.0,50.0,25.0,0.0,50.0
1492807523555636046,105.0,44.0,17.5,10.0,0.0,50.0,25.0,0.0,50.0
1492807523655641598,105.0,44.0,17.5,10.0,0.0,50.0,25.0,0.0,50.0
1492807523755696714,105.0,44.0,17.5,10.0,0.0,50.0,25.0,0.0,50.0
1492807523855761398,105.0,44.0,17.5,10.0,0.0,50.0,25.0,0.0,50.0
1492807523955701130,105.0,44.0,17.5,10.0,0.0,50.0,25.0,0.0,50.0
1492807524055576973,105.0,44.0,17.5,10.0,0.0,50.0,25.0,0.0,50.0
1492807524155774241,105.0,44.0,17.5,10.0,0.0,50.0,25.0,0.0,50.0
1492807524255588254,105.0,44.0,17.5,10.0,0.0,50.0,25.0,0.0,50.0
1492807524355607297,105.0,44.0,17.5,10.0,0.0,50.0,25.0,0.0,50.0
1492807524455572537,105.0,44.0,17.5,10.0,0.0,50.0,25.0,0.0,50.0
1492807524555662628,105.0,44.0,17.5,10.0,0.0,50.0,25.0,0.0,50.0
1492807524655692543,105.0,44.0,17.5,10.0,0.0,50.0,25.0,0.0,50.0
1492807524755647904,105.0,44.0,17.5,10.0,0.0,50.0,25.0,0.0,50.0
1492807524855760400,105.0,44.0,17.5,10.0,0.0,50.0,25.0,0.0,50.0
1492807524955646204,105.0,44.0,17.5,10.0,0.0,50.0,25.0,0.0,50.0
1492807525055540343,105.0,44.0,17.5,10.0,0.0,50.0,25.0,0.0,50.0
1492807525155623193,105.0,44.0,17.5,10.0,0.0,50.0,25.0,0.0,50.0
1492807525255828334,105.0,44.0,17.5,10.0,0.0,50.0,25.0,0.0,50.0
1492807525355708368,105.0,44.0,17.5,10.0,0.0,50.0,25.0,0.0,50.0
1492807525455744914,105.0,44.0,17.5,10.0,0.0,50.0,25.0,0.0,50.0
1492807525555766129,105.0,44.0,17.5,10.0,0.0,50.0,25.0,0.0,50.0
1492807525655880691,105.0,44.0,17.5,10.0,0.0,50.0,25.0,0.0,50.0
1492807525755566086,105.0,44.0,17.5,10.0,0.0,50.0,25.0,0.0,50.0
1492807525855800009,105.0,44.0,17.5,10.0,0.0,50.0,25.0,0.0,50.0
1492807525955581996,105.0,44.0,17.5,10.0,0.0,50.0,25.0,0.0,50.0
1492807526055593758,105.0,44.0,17.5,10.0,0.0,50.0,25.0,0.0,50.0
1492807526155583827,105.0,44.0,17.5,10.0,0.0,50.0,25.0,0.0,50.0
1492807526255582475,105.0,44.0,17.5,10.0,0.0,50.0,25.0,0.0,50.0
1492807526355659871,105.0,44.0,17.5,10.0,0.0,50.0,25.0,0.0,50.0
1492807526455657392,105.0,44.0,17.5,10.0,0.0,50.0,25.0,0.0,50.0
1492807526555792338,105.0,44.0,17.5,10.0,0.0,50.0,25.0,0.0,50.0
1492807526655747082,105.0,44.0,17.5,10.0,0.0,50.0,25.0,0.0,50.0
1492807526755718703,105.0,44.0,17.5,10.0,0.0,50.0,25.0,0.0,50.0
1492807526855683712,105.0,44.0,17.5,10.0,0.0,50.0,25.0,0.0,50.0
1492807526955729131,105.0,44.0,17.5,10.0,0.0,50.0,25.0,0.0,50.0
1492807527055611303,105.0,44.0,17.5,10.0,0.0,50.0,25.0,0.0,50.0
1492807527155877806,105.0,44.0,17.5,10.0,0.0,50.0,25.0,0.0,50.0
1492807527255568965,105.0,44.0,17.5,10.0,0.0,50.0,25.0,0.0,50.0
1492807527355525717,105.0,44.0,17.5,10.0,0.0,50.0,25.0,0.0,50.0
1492807527455720229,105.0,44.0,17.5,10.0,0.0,50.0,25.0,0.0,50.0
1492807527555663729,105.0,44.0,17.5,10.0,0.0,50.0,25.0,0.0,50.0
1492807527655616569,105.0,44.0,17.5,10.0,0.0,50.0,25.0,0.0,50.0
1492807527755592342,105.0,44.0,17.5,10.0,0.0,50.0,25.0,0.0,50.0
1492807527855622742,105.0,44.0,17.5,10.0,0.0,50.0,25.0,0.0,50.0
1492807527955588814,105.0,44.0,17.5,10.0,0.0,50.0,25.0,0.0,50.0
1492807528055751724,105.0,44.0,17.5,10.0,0.0,50.0,25.0,0.0,50.0
1492807528155642775,105.0,44.0,17.5,10.0,0.0,50.0,25.0,0.0,50.0
1492807528255682691,105.0,44.0,17.5,10.0,0.0,50.0,25.0,0.0,50.0
1492807528355706655,105.0,44.0,17.5,10.0,0.0,50.0,25.0,0.0,50.0
1492807528455674041,105.0,44.0,17.5,10.0,0.0,50.0,25.0,0.0,50.0
1492807528555632315,105.0,44.0,17.5,10.0,0.0,50.0,25.0,0.0,50.0
1492807528655584049,105.0,44.0,17.5,10.0,0.0,50.0,25.0,0.0,50.0
1492807528755706921,105.0,44.0,17.5,10.0,0.0,50.0,25.0,0.0,50.0
1492807528855612686,105.0,44.0,17.5,10.0,0.0,50.0,25.0,0.0,50.0
1492807528955620053,105.0,44.0,17.5,10.0,0.0,50.0,25.0,0.0,50.0
1492807529055668632,105.0,44.0,17.5,10.0,0.0,50.0,25.0,0.0,50.0
1492807529155610785,105.0,44.0,17.5,10.0,0.0,50.0,25.0,0.0,50.0
1492807529255639478,105.0,44.0,17.5,10.0,0.0,50.0,25.0,0.0,50.0
1492807529355551206,105.0,44.0,17.5,10.0,0.0,50.0,25.0,0.0,50.0
1492807529455644402,105.0,44.0,17.5,10.0,0.0,50.0,25.0,0.0,50.0
1492807529555618539,105.0,44.0,17.5,10.0,0.0,50.0,25.0,0.0,50.0
1492807529655667194,105.0,44.0,17.5,10.0,0.0,50.0,25.0,0.0,50.0
1492807529755651068,105.0,44.0,17.5,10.0,0.0,50.0,25.0,0.0,50.0
1492807529855799502,105.0,44.0,17.5,10.0,0.0,50.0,25.0,0.0,50.0
1492807529955562694,105.0,44.0,17.5,10.0,0.0,50.0,25.0,0.0,50.0
1492807530055698453,105.0,44.0,17.5,10.0,0.0,50.0,25.0,0.0,50.0
1492807530155623650,105.0,44.0,17.5,10.0,0.0,50.0,25.0,0.0,50.0
1492807530255584347,105.0,44.0,17.5,10.0,0.0,50.0,25.0,0.0,50.0
1492807530355855616,105.0,44.0,17.5,10.0,0.0,50.0,25.0,0.0,50.0
1492807530455633934,105.0,44.0,17.5,10.0,0.0,50.0,25.0,0.0,50.0
1492807530555752572,105.0,44.0,17.5,10.0,0.0,50.0,25.0,0.0,50.0
1492807530655597479,105.0,44.0,17.5,10.0,0.0,50.0,25.0,0.0,50.0
1492807530755625822,105.0,44.0,17.5,10.0,0.0,50.0,25.0,0.0,50.0
1492807530855557252,105.0,44.0,17.5,10.0,0.0,50.0,25.0,0.0,50.0
1492807530955808827,105.0,44.0,17.5,10.0,0.0,50.0,25.0,0.0,50.0
1492807531055602223,105.0,44.0,17.5,10.0,0.0,50.0,25.0,0.0,50.0
1492807531155737220,105.0,44.0,17.5,10.0,0.0,50.0,25.0,0.0,50.0
1492807531255846960,105.0,44.0,17.5,10.0,0.0,50.0,25.0,0.0,50.0
1492807531355718877,105.0,44.0,17.5,10.0,0.0,50.0,25.0,0.0,50.0
1492807531455617793,105.0,44.0,17.5,10.0,0.0,50.0,25.0,0.0,50.0
1492807531555778702,105.0,44.0,17.5,10.0,0.0,50.0,25.0,0.0,50.0
1492807531655777253,105.0,44.0,17.5,10.0,0.0,50.0,25.0,0.0,50.0
1492807531755661251,105.0,44.0,17.5,10.0,0.0,50.0,25.0,0.0,50.0
1492807531855673775,105.0,44.0,17.5,10.0,0.0,50.0,25.0,0.0,50.0
1492807531955471997,105.0,44.0,17.5,10.0,0.0,50.0,25.0,0.0,50.0
1492807532055787502,105.0,44.0,17.5,10.0,0.0,50.0,25.0,0.0,50.0
1492807532155489418,105.0,44.0,17.5,10.0,0.0,50.0,25.0,0.0,50.0
1492807532255567028,105.0,44.0,17.5,10.0,0.0,50.0,25.0,0.0,50.0
1492807532355638037,105.0,44.0,17.5,10.0,0.0,50.0,25.0,0.0,50.0
