%time,field.transforms0.header.seq,field.transforms0.header.stamp,field.transforms0.header.frame_id,field.transforms0.child_frame_id,field.transforms0.transform.translation.x,field.transforms0.transform.translation.y,field.transforms0.transform.translation.z,field.transforms0.transform.rotation.x,field.transforms0.transform.rotation.y,field.transforms0.transform.rotation.z,field.transforms0.transform.rotation.w
1492807497936509118,0,1492807497924375534,odom,robot_frame,-1.93202925365e-05,-2.23891221266e-05,-0.24808446999,-0.0634319214424,-0.116490129776,0.258112021377,0.956966365881
1492807498036535056,0,1492807498025957823,odom,robot_frame,-0.000381205743511,-0.00042530717166,-0.241787795204,-0.0616639413656,-0.12119569276,0.256159766013,0.957022119215
1492807498136698171,0,1492807498130595922,odom,robot_frame,-0.00119651982014,-0.00134585906758,-0.240949405952,-0.0596356163649,-0.126951975141,0.254189553526,0.956929704914
1492807498236506508,0,1492807498223982811,odom,robot_frame,-0.00207703770241,-0.00244623426979,-0.241910661781,-0.0582673455724,-0.13164177127,0.252447009843,0.95684161057
1492807498336544038,0,1492807498325536728,odom,robot_frame,-0.00281228632228,-0.003589019119,-0.240846117344,-0.0578297790783,-0.134312811099,0.250905222666,0.956902479182
1492807498436527282,0,1492807498427997112,odom,robot_frame,-0.00313529876283,-0.00442039374684,-0.236866976435,-0.0591139684394,-0.133947889357,0.249734991828,0.957181244869
1492807498536533382,0,1492807498528595448,odom,robot_frame,-0.00318272298813,-0.00500153072542,-0.237467601144,-0.0619400711506,-0.130928539172,0.248733201803,0.957681021811
1492807498636522796,0,1492807498625360727,odom,robot_frame,-0.00355160425129,-0.00565661405097,-0.240126322101,-0.0653825736883,-0.126766373161,0.247382639895,0.958361745466
1492807498736666701,0,1492807498727037430,odom,robot_frame,-0.00498649213216,-0.00667581417329,-0.239897446489,-0.0682480455284,-0.123229276819,0.245355680158,0.959144066254
1492807498836529342,0,1492807498828681231,odom,robot_frame,-0.00775282389912,-0.00804562736624,-0.235658841021,-0.0697855488714,-0.121244467731,0.242801791033,0.959935959575
1492807498936500608,0,1492807498925120592,odom,robot_frame,-0.0109129171474,-0.00959051916801,-0.239194663757,-0.0699936771826,-0.1203496534,0.240240796447,0.96067747231
1492807499036680387,0,1492807499026619196,odom,robot_frame,-0.014421325772,-0.0111972623202,-0.236937685138,-0.0691396154387,-0.120254678232,0.238207275105,0.96125741611
1492807499136639119,0,1492807499128143072,odom,robot_frame,-0.0172230852987,-0.0124696171314,-0.238521386364,-0.067869647,-0.12044210613,0.236894486901,0.961648798763
1492807499236507145,0,1492807499224684715,odom,robot_frame,-0.019306816039,-0.0130950114694,-0.234471182764,-0.0668132347082,-0.12049713346,0.23618950041,0.961889262021
1492807499336659233,0,1492807499326246738,odom,robot_frame,-0.0206198343887,-0.0134471413082,-0.237920180077,-0.0662788769732,-0.120452192205,0.235482388088,0.962105204622
1492807499436512042,0,1492807499427669764,odom,robot_frame,-0.0219957690768,-0.0136724951212,-0.239975375951,-0.0661907210975,-0.120652269032,0.234248734163,0.96238731754
1492807499536665204,0,1492807499524043322,odom,robot_frame,-0.0238480119767,-0.0140268704009,-0.240914164525,-0.0661602402791,-0.121678003488,0.23235515816,0.962719256351
1492807499636538390,0,1492807499625589132,odom,robot_frame,-0.0263093110106,-0.0145758117497,-0.239922622434,-0.0660278930317,-0.123143579701,0.2299989358,0.963107712383
1492807499736513486,0,1492807499727053165,odom,robot_frame,-0.0288365713836,-0.0152665324207,-0.239930103674,-0.0657255385695,-0.124769524707,0.227562119346,0.963497898868
1492807499836491604,0,1492807499828548908,odom,robot_frame,-0.0309261087117,-0.0160534677058,-0.246340032231,-0.0654600290618,-0.125953813932,0.225299549526,0.963893528526
1492807499936643719,0,1492807499924909353,odom,robot_frame,-0.0337083267983,-0.0165283751676,-0.238874446577,-0.0655438081952,-0.126065488241,0.223298793328,0.964338711647
1492807500036498890,0,1492807500026525974,odom,robot_frame,-0.0364947526609,-0.0174069121887,-0.239722730951,-0.06592321582,-0.125548412693,0.221482859608,0.96479897833
1492807500136457208,0,1492807500135648012,odom,robot_frame,-0.0405758563602,-0.0187655387088,-0.235847365417,-0.0663124708299,-0.125433135072,0.219675195921,0.96520049375
1492807500236679303,0,1492807500224657297,odom,robot_frame,-0.044403019517,-0.020296420578,-0.235739790732,-0.0664492629997,-0.125957411991,0.218279106741,0.965439515129
1492807500336524983,0,1492807500326448679,odom,robot_frame,-0.048893854452,-0.0223241562635,-0.242085307674,-0.0665528267351,-0.126451022434,0.21693158271,0.96567155317
1492807500436624949,0,1492807500432719946,odom,robot_frame,-0.0546685836269,-0.0239936191997,-0.234826957738,-0.0669470354853,-0.126437967631,0.215606052246,0.965942837344
1492807500536524269,0,1492807500524590492,odom,robot_frame,-0.058785111518,-0.0255270652604,-0.239093095983,-0.0677507934919,-0.125581381469,0.214352534677,0.966277464027
1492807500636501288,0,1492807500626145601,odom,robot_frame,-0.0637758942569,-0.0267656384219,-0.233097817773,-0.0691083604614,-0.123447262144,0.212951028819,0.966766087173
1492807500736566252,0,1492807500730568886,odom,robot_frame,-0.0675396083814,-0.0280585100863,-0.239928997152,-0.0707559963664,-0.120108841054,0.211345280282,0.967419571738
1492807500836511751,0,1492807500824165106,odom,robot_frame,-0.070884271598,-0.0289116554595,-0.242278303875,-0.0719306299434,-0.116721142473,0.209761904717,0.968091990828
1492807500936569647,0,1492807500925662518,odom,robot_frame,-0.0752521936194,-0.0295520120393,-0.236379604536,-0.0724609600094,-0.114555522016,0.208067862915,0.968676522928
1492807501036502229,0,1492807501027343035,odom,robot_frame,-0.0794226992619,-0.0301399665914,-0.234826957208,-0.0722653530118,-0.114247564018,0.206196004844,0.969127659525
1492807501136499532,0,1492807501128824949,odom,robot_frame,-0.0832053671304,-0.0307330220131,-0.240258411561,-0.0715398695566,-0.116148865756,0.204064197499,0.969406669745
1492807501236474585,0,1492807501225243568,odom,robot_frame,-0.0881437349363,-0.0310814607189,-0.236193754503,-0.0706281924413,-0.119465221148,0.201688223238,0.969567728411
1492807501336530711,0,1492807501326838493,odom,robot_frame,-0.0927254716184,-0.0313930260423,-0.238930264129,-0.0698250830581,-0.123078566877,0.199416328957,0.969643878904
1492807501436514727,0,1492807501428405285,odom,robot_frame,-0.0974773312704,-0.0313513836113,-0.237049614129,-0.0692904000807,-0.125926626554,0.197620282542,0.969684252275
1492807501536490641,0,1492807501524698973,odom,robot_frame,-0.101370176213,-0.0313757660538,-0.23928333081,-0.0690632285831,-0.127549553845,0.196364643225,0.96974342414
1492807501636511545,0,1492807501626317978,odom,robot_frame,-0.105485328143,-0.0313855847698,-0.238947669727,-0.0692974062177,-0.127639806992,0.195404205938,0.969908833584
1492807501736502229,0,1492807501727907896,odom,robot_frame,-0.110124181851,-0.0313439068217,-0.231869012948,-0.0699577843444,-0.126295912628,0.194316648664,0.970255786334
1492807501836491784,0,1492807501824326754,odom,robot_frame,-0.114349631357,-0.0320374905102,-0.235275833519,-0.0708717819211,-0.123899318021,0.192917839294,0.970777449678
1492807501936491650,0,1492807501925943375,odom,robot_frame,-0.119178015625,-0.0329086332466,-0.239014731661,-0.0716679427228,-0.121110598583,0.191110916427,0.971428096423
1492807502036643461,0,1492807502027582169,odom,robot_frame,-0.124414589686,-0.0336904460814,-0.241571077069,-0.0720767940694,-0.118637529428,0.189127452042,0.972090983011
1492807502136495475,0,1492807502124091625,odom,robot_frame,-0.130160599479,-0.0340992775775,-0.23769459158,-0.0721038861019,-0.117053306997,0.187199598349,0.972654030634
1492807502236513395,0,1492807502225499153,odom,robot_frame,-0.135229659739,-0.0344357022335,-0.241123734045,-0.0721200595478,-0.11627434144,0.185645604729,0.973044029825
1492807502336471699,0,1492807502327021360,odom,robot_frame,-0.140082993357,-0.0345731478281,-0.244666469447,-0.0723557472996,-0.116132019304,0.184405738942,0.973279262787
1492807502436469768,0,1492807502428601503,odom,robot_frame,-0.145546636684,-0.035081422786,-0.240993568912,-0.0727019650777,-0.116561061382,0.183129564578,0.973443118945
1492807502536503755,0,1492807502525153160,odom,robot_frame,-0.150977270721,-0.0371131353372,-0.230948703825,-0.0718764462599,-0.121597034167,0.181509235044,0.973191828649
1492807502636471449,0,1492807502626772881,odom,robot_frame,-0.153304334243,-0.0429681129709,-0.23764097484,-0.0699341130538,-0.129571367876,0.181665564046,0.972274705676
1492807502736448885,0,1492807502735558987,odom,robot_frame,-0.153292747706,-0.0526087539025,-0.231764936069,-0.0672756309849,-0.137397523982,0.182620175691,0.971208412911
1492807502836536681,0,1492807502824926376,odom,robot_frame,-0.150490907491,-0.0638306900592,-0.236134903147,-0.0658377651743,-0.140486326623,0.18423634219,0.970559607095
1492807502936514680,0,1492807502926440477,odom,robot_frame,-0.144857050664,-0.077654803631,-0.237352966156,-0.065231672313,-0.140572853863,0.187665661505,0.969930771332
1492807503036500529,0,1492807503032582045,odom,robot_frame,-0.137707481537,-0.0914504298819,-0.233806549332,-0.0663693126566,-0.13428798463,0.192577807011,0.969781232943
1492807503136494889,0,1492807503124491930,odom,robot_frame,-0.13192748108,-0.10394935123,-0.244694212551,-0.0675790584653,-0.125870818477,0.197911097411,0.969752961034
1492807503236507773,0,1492807503226100445,odom,robot_frame,-0.127799245085,-0.115202807238,-0.233880421421,-0.0695156128896,-0.115920009884,0.203663311177,0.969665605533
1492807503336515249,0,1492807503328607082,odom,robot_frame,-0.122315425942,-0.125243227365,-0.23890858928,-0.0714682758439,-0.107817808703,0.208776652176,0.969370886287
1492807503436504183,0,1492807503424147606,odom,robot_frame,-0.119764029118,-0.133301374686,-0.234982259421,-0.0728549759302,-0.103321159934,0.213142669998,0.968807046123
1492807503536499311,0,1492807503525789261,odom,robot_frame,-0.114864036534,-0.140211283353,-0.239151857558,-0.0732310124553,-0.103187134741,0.216674569174,0.968009176151
1492807503636600760,0,1492807503627346039,odom,robot_frame,-0.115122532538,-0.147625643869,-0.231773248253,-0.0720056493986,-0.108037125005,0.219692000184,0.966891199221
1492807503736725029,0,1492807503728787422,odom,robot_frame,-0.113958752675,-0.153865646626,-0.227739380183,-0.0695386752961,-0.116886305258,0.22262739528,0.965369881005
1492807503836718735,0,1492807503825345755,odom,robot_frame,-0.109183950432,-0.158615024405,-0.231985826846,-0.0659580099402,-0.12884519905,0.225971626934,0.963319925792
1492807503936513319,0,1492807503926878214,odom,robot_frame,-0.102066118991,-0.162838983538,-0.236880010656,-0.0621106607845,-0.14145777348,0.229919658498,0.960868833283
1492807504036527624,0,1492807504028349161,odom,robot_frame,-0.0924064517724,-0.166167625121,-0.237017891417,-0.0583716808102,-0.151974678293,0.234828074574,0.958306954701
1492807504136510781,0,1492807504124721050,odom,robot_frame,-0.0812567633413,-0.168552293788,-0.235149065384,-0.0547961920445,-0.159596166797,0.24044239853,0.955883828648
1492807504236513509,0,1492807504226238012,odom,robot_frame,-0.0699158554649,-0.171559066418,-0.236942406401,-0.0520221256762,-0.163173097565,0.2466994863,0.953838352201
1492807504336491387,0,1492807504327749014,odom,robot_frame,-0.0559398722737,-0.172565251237,-0.234085317653,-0.0509031863571,-0.161714212854,0.253622487887,0.952330306468
1492807504436493970,0,1492807504424319029,odom,robot_frame,-0.0444835356841,-0.174564100422,-0.237443182011,-0.0515544630175,-0.155853467399,0.261041415912,0.951267161854
1492807504536550916,0,1492807504525841713,odom,robot_frame,-0.0315922079255,-0.176272556779,-0.240048966893,-0.0532576027985,-0.1482734182,0.268538082008,0.950297805801
1492807504636504878,0,1492807504627389908,odom,robot_frame,-0.0173566456418,-0.176902455233,-0.230832719082,-0.0553215563868,-0.141042634324,0.275966434761,0.949151741076
1492807504736695156,0,1492807504728940248,odom,robot_frame,-0.00342827134667,-0.178861279733,-0.239983217304,-0.057039946399,-0.136059136316,0.283224408886,0.947638269674
1492807504836505779,0,1492807504825478077,odom,robot_frame,0.00864279553861,-0.180452156683,-0.236753222311,-0.0579157513754,-0.134424296214,0.290058313383,0.94574946427
1492807504936497461,0,1492807504927075386,odom,robot_frame,0.0209571304202,-0.18127748781,-0.238557058301,-0.0575252420103,-0.136452936243,0.296445557477,0.943499588858
1492807505036515514,0,1492807505028548241,odom,robot_frame,0.0300708443054,-0.181967918552,-0.230964761683,-0.0557706897491,-0.141535681109,0.302466061879,0.940941848654
1492807505136487467,0,1492807505125102520,odom,robot_frame,0.0391360309671,-0.181091944923,-0.232753710407,-0.0527717819977,-0.148647029921,0.308203794384,0.938152237458
1492807505236480019,0,1492807505226631403,odom,robot_frame,0.0483332953341,-0.17924005187,-0.229836393836,-0.0493338597063,-0.155459171685,0.314093720413,0.935277365824
1492807505336457912,0,1492807505334623098,odom,robot_frame,0.0586695385231,-0.176584027829,-0.230745324278,-0.044790554105,-0.162890206832,0.320491327847,0.932065392318
1492807505436496939,0,1492807505424589634,odom,robot_frame,0.066494638234,-0.175054291821,-0.237069638946,-0.0412860811858,-0.169186506126,0.326224649483,0.929111868246
1492807505536660673,0,1492807505526200771,odom,robot_frame,0.0800257718502,-0.17158017717,-0.234000136226,-0.0377045478788,-0.174511614073,0.332735159342,0.925965105909
1492807505636470266,0,1492807505632571936,odom,robot_frame,0.0950469385375,-0.168668462469,-0.230745324625,-0.0348683837085,-0.178367465576,0.339641463368,0.922828759523
1492807505736498280,0,1492807505729300737,odom,robot_frame,0.107571663638,-0.167678479255,-0.230662639535,-0.033552555452,-0.179729807714,0.345786420206,0.920327753489
1492807505836500976,0,1492807505825705767,odom,robot_frame,0.120158510462,-0.167488915875,-0.230522672889,-0.0330816088539,-0.179285590385,0.35221817494,0.917989456082
1492807505936533430,0,1492807505929333925,odom,robot_frame,0.130246402753,-0.17006347244,-0.237888977821,-0.0338710194876,-0.176305456882,0.358995533405,0.915910119449
1492807506036645128,0,1492807506028737068,odom,robot_frame,0.145630697832,-0.169861601516,-0.233655988144,-0.0359976090406,-0.17008765248,0.366339465087,0.914095049181
1492807506136524218,0,1492807506125282049,odom,robot_frame,0.160453233198,-0.169674833923,-0.231297028687,-0.0395421581054,-0.161455761618,0.374262004745,0.912302804214
1492807506236490224,0,1492807506226813793,odom,robot_frame,0.176191182937,-0.168777873834,-0.232786467426,-0.0438532750099,-0.151386120507,0.381780663297,0.910715464853
1492807506336518128,0,1492807506328366995,odom,robot_frame,0.191457886942,-0.167808105412,-0.230701413952,-0.0479938133705,-0.141705695854,0.388240343448,0.909332461403
1492807506436508421,0,1492807506424680710,odom,robot_frame,0.20484179696,-0.167360163537,-0.227953593946,-0.0506454138442,-0.13447691741,0.393264208592,0.908126787944
1492807506536663026,0,1492807506526257992,odom,robot_frame,0.225095840202,-0.161928756352,-0.235955706708,-0.0505734215166,-0.131918132086,0.397098305945,0.906836738823
1492807506636495949,0,1492807506627638817,odom,robot_frame,0.239387516306,-0.16071791266,-0.236950172385,-0.0475247802259,-0.134712508661,0.400364999435,0.90515291664
1492807506736559186,0,1492807506729165792,odom,robot_frame,0.250827020178,-0.161522913488,-0.232693776369,-0.0421372955028,-0.141623590351,0.403859377948,0.902809398393
1492807506836513600,0,1492807506825673342,odom,robot_frame,0.267257373224,-0.159651841158,-0.232936603657,-0.0354004149398,-0.150983449767,0.407767553608,0.899820221346
1492807506936551298,0,1492807506927260876,odom,robot_frame,0.287301282353,-0.156876503086,-0.232226558652,-0.0281939207559,-0.161257290207,0.41189848192,0.896404389648
1492807507036539302,0,1492807507028892040,odom,robot_frame,0.308970671488,-0.154164079063,-0.232065517522,-0.0217834853446,-0.170245068176,0.415938508446,0.89304941281
1492807507136513976,0,1492807507125506401,odom,robot_frame,0.329882191456,-0.152016861566,-0.231744279672,-0.0175582375064,-0.175471913681,0.419828151733,0.890306485889
1492807507236529310,0,1492807507227023125,odom,robot_frame,0.346982899603,-0.155456423647,-0.241147773937,-0.0161317261422,-0.176054018689,0.423715784042,0.888374743151
1492807507336481139,0,1492807507328569889,odom,robot_frame,0.37259342762,-0.149095086088,-0.234005280933,-0.0175952567734,-0.172053476205,0.427955137902,0.88709774445
1492807507436520414,0,1492807507424919367,odom,robot_frame,0.392982689593,-0.147599325234,-0.237035980062,-0.0215462647533,-0.164143370432,0.432846541576,0.886135759274
1492807507536485556,0,1492807507526394367,odom,robot_frame,0.415944999912,-0.143959977979,-0.238678395058,-0.02704654509,-0.153938701461,0.438370620379,0.885100310575
1492807507636473087,0,1492807507627931595,odom,robot_frame,0.438727615154,-0.139752009684,-0.235066557649,-0.032759914538,-0.143996795278,0.444098259425,0.88372419166
1492807507736507629,0,1492807507729632139,odom,robot_frame,0.461135779417,-0.135413849387,-0.233092180993,-0.0375342993845,-0.136440646856,0.449357793328,0.88207295607
1492807507836508725,0,1492807507826263189,odom,robot_frame,0.488904726631,-0.126422034755,-0.239516294096,-0.0408229894701,-0.131660140683,0.453801088618,0.880377000413
1492807507936529876,0,1492807507934696913,odom,robot_frame,0.510893478885,-0.123397770446,-0.235847365586,-0.0417264616292,-0.130409111675,0.457476033086,0.878617120903
1492807508036511821,0,1492807508029402018,odom,robot_frame,0.531594969021,-0.119748941601,-0.233940684405,-0.0398083821559,-0.132707914094,0.459884311959,0.877103370112
1492807508136520553,0,1492807508125898838,odom,robot_frame,0.559697469552,-0.111031082536,-0.239642818618,-0.0349829507344,-0.138257608519,0.462062946608,0.87530500982
1492807508236519839,0,1492807508230811119,odom,robot_frame,0.581467367228,-0.10778214067,-0.233806549589,-0.0279753412772,-0.145856706175,0.464432449789,0.873066836575
1492807508336509834,0,1492807508329048872,odom,robot_frame,0.607052790604,-0.100983202167,-0.232124841872,-0.0215742371578,-0.1535672214,0.466810990427,0.870654443519
1492807508436492221,0,1492807508425578594,odom,robot_frame,0.635080984692,-0.0936312307301,-0.236598135404,-0.016050165801,-0.159882176954,0.46982385259,0.868012459132
1492807508536504346,0,1492807508527748108,odom,robot_frame,0.666234871637,-0.0815445525701,-0.231764935867,-0.0129710255193,-0.163579972156,0.473258773521,0.86550533129
1492807508636487610,0,1492807508628780365,odom,robot_frame,0.698426944295,-0.0689915377881,-0.22749841813,-0.0133270277434,-0.163740270017,0.477055669933,0.863382535202
1492807508736510301,0,1492807508725278616,odom,robot_frame,0.724605672286,-0.063997301903,-0.236501127004,-0.0169367943533,-0.160495931074,0.481179862952,0.861638056608
1492807508836512837,0,1492807508826860189,odom,robot_frame,0.755505918042,-0.0532246873638,-0.233776717513,-0.0223603872612,-0.155187921151,0.485286171365,0.860182570209
1492807508936472330,0,1492807508928303242,odom,robot_frame,0.78546041096,-0.0434035955612,-0.227311199633,-0.0279150796009,-0.149042421485,0.489100857611,0.858945548922
1492807509036499759,0,1492807509029742241,odom,robot_frame,0.816521055733,-0.0299231192114,-0.234060598635,-0.0318827800389,-0.143351796049,0.492457998886,0.857857138596
1492807509136535466,0,1492807509126248121,odom,robot_frame,0.843789019015,-0.0215169117685,-0.231841569634,-0.0330998428615,-0.13976830607,0.495365984214,0.856727356108
1492807509236495605,0,1492807509227678299,odom,robot_frame,0.875190484638,-0.00850608558214,-0.235540816813,-0.0316019646411,-0.139197405261,0.497770170055,0.855482469723
1492807509336694032,0,1492807509329137325,odom,robot_frame,0.905093544248,0.00318200589848,-0.235892627749,-0.0282961707646,-0.141632443179,0.499759963842,0.854037210138
1492807509436515222,0,1492807509425625086,odom,robot_frame,0.929899386889,0.0117110396139,-0.227658871283,-0.025307822235,-0.145022790673,0.50159627982,0.85248406225
1492807509536483187,0,1492807509527295113,odom,robot_frame,0.963993735204,0.0269334272509,-0.231217281385,-0.0238193330789,-0.148146047095,0.503285661302,0.850992909036
1492807509636507256,0,1492807509628909111,odom,robot_frame,0.996779679145,0.0411029255163,-0.230148643222,-0.02364058667,-0.15070789178,0.504828160525,0.849633322298
1492807509736533798,0,1492807509725289345,odom,robot_frame,1.02795154712,0.0550899324059,-0.233546300467,-0.0240329529037,-0.1528000622,0.50603295162,0.848531207464
1492807509836530324,0,1492807509826875925,odom,robot_frame,1.0598988754,0.0685794490925,-0.225667606363,-0.0244688045652,-0.154138427026,0.507126784706,0.847623175208
1492807509936508433,0,1492807509928454638,odom,robot_frame,1.09057986925,0.0833513166307,-0.227770824836,-0.0247439227013,-0.154443263616,0.508226648772,0.846900637673
1492807510036490368,0,1492807510024949074,odom,robot_frame,1.12011924483,0.0970361795236,-0.225670745674,-0.0252080608998,-0.153253386234,0.509606443048,0.84627373023
1492807510136502820,0,1492807510126593113,odom,robot_frame,1.15094699812,0.112343294024,-0.22712310793,-0.0262156402036,-0.150699295764,0.511343914114,0.84565351295
1492807510236448728,0,1492807510235641003,odom,robot_frame,1.18470657435,0.129937880086,-0.232786937388,-0.0277583234535,-0.147666188343,0.513248386744,0.844985364254
1492807510336574546,0,1492807510324779749,odom,robot_frame,1.21229793298,0.142104404872,-0.231941904331,-0.0284198151424,-0.144856519715,0.514746532149,0.844538282403
1492807510436486265,0,1492807510426396132,odom,robot_frame,1.24419229899,0.155144132656,-0.229969951962,-0.0276570106773,-0.143301767565,0.515810985036,0.844179317971
1492807510536504854,0,1492807510534075975,odom,robot_frame,1.27975746628,0.169698026945,-0.22972491618,-0.0244747790975,-0.143603224121,0.516441587546,0.843840734892
1492807510636679116,0,1492807510629481554,odom,robot_frame,1.31272037791,0.182980733157,-0.230719499343,-0.020993138659,-0.14474980461,0.516632839924,0.84362153298
1492807510736503203,0,1492807510725985765,odom,robot_frame,1.3476162059,0.196561107602,-0.233619875409,-0.0189416835289,-0.144829477483,0.517171597146,0.843326256073
1492807510836549993,0,1492807510830867052,odom,robot_frame,1.38624260654,0.211017050452,-0.237888978062,-0.019217095728,-0.144467640969,0.517783229982,0.843006720433
1492807510936529118,0,1492807510929182291,odom,robot_frame,1.41847957523,0.225344706614,-0.233157580882,-0.0214365596442,-0.144085736273,0.518468948815,0.842597011405
1492807511036508242,0,1492807511025638580,odom,robot_frame,1.45033363027,0.239443631863,-0.229249290012,-0.0245391680483,-0.144134859695,0.519327905006,0.841974761221
1492807511136722739,0,1492807511127671957,odom,robot_frame,1.48557332559,0.256169961916,-0.230745323855,-0.0271638161992,-0.1444595061,0.52067135038,0.841008277653
1492807511236516877,0,1492807511228821039,odom,robot_frame,1.52048945249,0.275525823136,-0.234803619073,-0.0288657591351,-0.144335562233,0.522670451016,0.839731869741
1492807511336527469,0,1492807511325394154,odom,robot_frame,1.55159465454,0.288863401332,-0.227307162908,-0.0291772292059,-0.143505533654,0.52508584018,0.838355361138
1492807511436510715,0,1492807511426971436,odom,robot_frame,1.58578421668,0.307853699887,-0.228788205822,-0.0280596020099,-0.142112629282,0.527482357046,0.837125451971
1492807511536469368,0,1492807511528554678,odom,robot_frame,1.61955531031,0.326551154918,-0.229927483739,-0.0249738356459,-0.142058691024,0.529231400657,0.836127837353
1492807511636554344,0,1492807511625013351,odom,robot_frame,1.6537434611,0.346577258275,-0.236066556316,-0.0200931679824,-0.144235316109,0.530081204777,0.835348043949
1492807511736512929,0,1492807511726691008,odom,robot_frame,1.68739760558,0.366261494994,-0.234981435269,-0.0146904419934,-0.148083633776,0.530316142777,0.834637775944
1492807511836511294,0,1492807511828371286,odom,robot_frame,1.72298906284,0.387460411676,-0.234421571554,-0.00977431683568,-0.152654663325,0.530544154529,0.833740916947
1492807511936526160,0,1492807511924894333,odom,robot_frame,1.75775017193,0.407227876529,-0.234181116451,-0.0058942200125,-0.156911195394,0.531400253606,0.832440932077
1492807512036502889,0,1492807512026522875,odom,robot_frame,1.7941982047,0.423096471222,-0.237815405832,-0.00343661082714,-0.160071570825,0.533131799664,0.830744103865
1492807512136515883,0,1492807512128144503,odom,robot_frame,1.83018515835,0.439923281654,-0.239143659998,-0.0030522844731,-0.161314000297,0.535671724677,0.828869278143
1492807512236563286,0,1492807512224596739,odom,robot_frame,1.86554553204,0.460624735067,-0.235793229209,-0.00544024581619,-0.159706668302,0.538627158762,0.827251453713
1492807512336496828,0,1492807512326171398,odom,robot_frame,1.89982664088,0.478368147493,-0.23536590462,-0.0102578736496,-0.155599512069,0.541462424072,0.82613679932
1492807512436490367,0,1492807512427696228,odom,robot_frame,1.93398676639,0.498774581577,-0.23524366249,-0.0159331211633,-0.150651647575,0.54379102025,0.825434154266
1492807512536502222,0,1492807512529208183,odom,robot_frame,1.968210653,0.521374593451,-0.23358113077,-0.0204120345434,-0.14702169186,0.545515197146,0.824852193215
1492807512636755246,0,1492807512625669241,odom,robot_frame,2.00078660567,0.543312808747,-0.231506963543,-0.0223343356497,-0.14594162578,0.546830499014,0.824122942687
1492807512736663690,0,1492807512727286100,odom,robot_frame,2.03387500005,0.563829515094,-0.226455755082,-0.0217123599223,-0.146957967906,0.547961027478,0.823207532437
1492807512836469834,0,1492807512836025953,odom,robot_frame,2.07028899444,0.590079618884,-0.226662894541,-0.0192440979492,-0.148661451825,0.549267991908,0.82209130302
1492807512936515834,0,1492807512925320387,odom,robot_frame,2.1003529566,0.612666252254,-0.228221688993,-0.0164100795226,-0.150570565311,0.550306429643,0.821110253039
1492807513036626921,0,1492807513026864529,odom,robot_frame,2.13465236083,0.63845967572,-0.229491504624,-0.0123589679166,-0.153000952652,0.551314579815,0.820054997231
1492807513136646719,0,1492807513133409977,odom,robot_frame,2.171462933,0.66722660061,-0.22360246822,-0.007669177942,-0.155642534645,0.552333832451,0.818928521087
1492807513236497140,0,1492807513225069046,odom,robot_frame,2.20173143152,0.683962595557,-0.237612781129,-0.0041003297097,-0.158010159648,0.553366507218,0.817802840197
1492807513336508084,0,1492807513326663017,odom,robot_frame,2.23957712557,0.718243208115,-0.231519381494,-0.00236474886357,-0.158442388146,0.554991532536,0.816624036148
1492807513436513747,0,1492807513430186987,odom,robot_frame,2.27515915849,0.738409516804,-0.239928996937,-0.00331600059016,-0.15651170886,0.557185413861,0.815498316191
1492807513536529114,0,1492807513529624224,odom,robot_frame,2.31068129072,0.763625275182,-0.24277813978,-0.00631318189696,-0.15278669445,0.559663984456,0.814489161521
1492807513636714971,0,1492807513626035452,odom,robot_frame,2.34501120991,0.79314783442,-0.23705675179,-0.0103407188859,-0.148865524773,0.562101110557,0.813495216075
1492807513736494530,0,1492807513727528095,odom,robot_frame,2.38093764015,0.823508800217,-0.23583207108,-0.0142389551843,-0.145727286007,0.564305400372,0.8124778307
1492807513836534139,0,1492807513829177618,odom,robot_frame,2.41226572073,0.849866050105,-0.227254997358,-0.0166192076086,-0.14443409277,0.566183736091,0.811356008033
1492807513936505347,0,1492807513925621748,odom,robot_frame,2.44914854863,0.88708641889,-0.235018574128,-0.0165742324784,-0.145629380492,0.567650157916,0.810117693038
1492807514036533018,0,1492807514027255535,odom,robot_frame,2.47862573156,0.908329848856,-0.223638686332,-0.0137857328642,-0.149403083136,0.568940828708,0.808575912174
1492807514136541097,0,1492807514128741026,odom,robot_frame,2.51401089479,0.941440193805,-0.22621249704,-0.00905706707635,-0.154819542655,0.570247236655,0.80670128786
1492807514236537849,0,1492807514225297213,odom,robot_frame,2.54829132591,0.973473105632,-0.227833156038,-0.00404740862633,-0.159966822458,0.571554658661,0.804810230029
1492807514336519854,0,1492807514327070713,odom,robot_frame,2.5873072245,1.01091504202,-0.224726601501,-0.000239266990429,-0.163394106012,0.572688834937,0.80332422297
1492807514436699544,0,1492807514428503990,odom,robot_frame,2.6207583395,1.04002261253,-0.231304394947,0.00237129776703,-0.1651558767,0.573492533236,0.802386582428
1492807514536544681,0,1492807514524982452,odom,robot_frame,2.65481339831,1.07053307517,-0.234586615147,0.00376296533119,-0.165469344506,0.574070650748,0.801903126363
1492807514636520838,0,1492807514626597404,odom,robot_frame,2.69166964603,1.10474299052,-0.235895912192,0.00362007712295,-0.164375753276,0.574682538052,0.801690393628
1492807514736535487,0,1492807514728195429,odom,robot_frame,2.72616164142,1.13489890209,-0.240102885562,0.00124691958466,-0.161340611999,0.57558167843,0.801669123496
1492807514836502585,0,1492807514829758644,odom,robot_frame,2.76682165795,1.17737879889,-0.231640129016,-0.00277376323501,-0.156816994704,0.57666768989,0.801782459178
1492807514936486638,0,1492807514926204920,odom,robot_frame,2.79953583703,1.20741802232,-0.240046718143,-0.00726817153487,-0.151697862731,0.577802964938,0.801921857685
1492807515036505783,0,1492807515027852774,odom,robot_frame,2.83228102727,1.2370708047,-0.23213510866,-0.0105189317878,-0.147775493302,0.578800574887,0.801898778003
1492807515136508942,0,1492807515129540920,odom,robot_frame,2.86677030035,1.26807628531,-0.230606535281,-0.0119535783558,-0.14556609715,0.579730399688,0.801611057186
1492807515236514934,0,1492807515226044416,odom,robot_frame,2.89550934678,1.2915666613,-0.224850219164,-0.0116319247847,-0.144732090786,0.580642526607,0.801106470151
1492807515336530028,0,1492807515327657461,odom,robot_frame,2.93347577214,1.32728012516,-0.228824985264,-0.0102045422961,-0.144673298305,0.581392689687,0.800592308515
1492807515436468374,0,1492807515435422897,odom,robot_frame,2.97060077329,1.36176968484,-0.229724916394,-0.00864943497567,-0.144644257675,0.581990860796,0.800181144458
1492807515536531959,0,1492807515525684357,odom,robot_frame,3.00262238326,1.39218845929,-0.231329794155,-0.00717079609869,-0.145545265367,0.582167587881,0.799903778609
1492807515636504487,0,1492807515627304316,odom,robot_frame,3.03760923109,1.42628651102,-0.231182202469,-0.00563261005156,-0.147402764288,0.582286012649,0.799489648624
1492807515736477012,0,1492807515733057976,odom,robot_frame,3.07749752421,1.46398367376,-0.233806548852,-0.00426175962314,-0.149817957146,0.582642078886,0.798789474788
1492807515836499278,0,1492807515825201035,odom,robot_frame,3.1090991079,1.49795478097,-0.224908053945,-0.0037340890975,-0.152003871623,0.583248820555,0.79793589524
1492807515936690750,0,1492807515926645279,odom,robot_frame,3.1488098667,1.53343532572,-0.232381749597,-0.0042228185191,-0.153159309965,0.584112821995,0.797080049151
1492807516036493056,0,1492807516030580044,odom,robot_frame,3.18748915331,1.5710754365,-0.232786937812,-0.00606205034968,-0.153110375911,0.584938040617,0.796472192216
1492807516136618962,0,1492807516129600525,odom,robot_frame,3.22287097394,1.60722991157,-0.234644777644,-0.00860428367337,-0.152161358069,0.585609025519,0.7961375237
1492807516236498792,0,1492807516226003408,odom,robot_frame,3.25667446912,1.64258550999,-0.23441630144,-0.0106906900398,-0.151434876159,0.586048862089,0.795927081254
1492807516336486847,0,1492807516327457666,odom,robot_frame,3.29124778223,1.68133598217,-0.235843069185,-0.0113939842265,-0.151578658703,0.586331252929,0.795681939715
1492807516436651668,0,1492807516428876400,odom,robot_frame,3.32493378196,1.72261204688,-0.239889178077,-0.0107519242697,-0.152179295755,0.586573103562,0.795397920695
1492807516536532183,0,1492807516525287628,odom,robot_frame,3.35903253959,1.75472500205,-0.232738166428,-0.00934973058165,-0.152878344396,0.586633937359,0.795236705573
1492807516636497234,0,1492807516626787186,odom,robot_frame,3.39268741169,1.7970284427,-0.240988139777,-0.00798234429597,-0.15323021893,0.586483351737,0.795294951777
1492807516736520930,0,1492807516728325844,odom,robot_frame,3.43067894083,1.83428022768,-0.230121817052,-0.00678047974839,-0.153479537863,0.586214060844,0.795456555332
1492807516836487127,0,1492807516824911356,odom,robot_frame,3.46563817702,1.87170615223,-0.232809456142,-0.00621800371477,-0.153250519639,0.586217556937,0.795502728216
1492807516936521476,0,1492807516926538467,odom,robot_frame,3.50317493007,1.91120904205,-0.230867178062,-0.00632829650758,-0.152541642068,0.586695125374,0.795286005133
1492807517036550154,0,1492807517028099298,odom,robot_frame,3.5407306536,1.95066705066,-0.22927298612,-0.00688836971563,-0.151696637321,0.587601093366,0.794773952557
1492807517136669389,0,1492807517129652262,odom,robot_frame,3.57885782332,1.99057865264,-0.233032455644,-0.00811997465547,-0.14997513402,0.588763597368,0.794228526056
1492807517236516788,0,1492807517226193190,odom,robot_frame,3.61394352468,2.02657776789,-0.229927036499,-0.00851650867231,-0.148476097193,0.589762825767,0.793764528677
1492807517336638055,0,1492807517327789307,odom,robot_frame,3.64878469162,2.06232329308,-0.225519455995,-0.00687438886371,-0.148514872028,0.590607072161,0.793145233786
1492807517436503722,0,1492807517429384470,odom,robot_frame,3.69074446438,2.10647222974,-0.238047377662,-0.00417762255587,-0.14952349898,0.59146125521,0.792337588599
1492807517536560773,0,1492807517525803566,odom,robot_frame,3.72343706013,2.14398506501,-0.236150306434,-0.00187063510162,-0.150660757577,0.592030448605,0.791705617496
1492807517636688414,0,1492807517627394676,odom,robot_frame,3.75886382492,2.18445598672,-0.235507666085,-0.000833321933264,-0.151805789828,0.591957680072,0.791543058053
1492807517736695646,0,1492807517728906393,odom,robot_frame,3.79581084328,2.22235189372,-0.237103102017,-0.00131236794565,-0.153175576352,0.59132164414,0.791753897162
1492807517836517108,0,1492807517825467110,odom,robot_frame,3.82948049253,2.26272174606,-0.229429413825,-0.00318400382048,-0.154501285234,0.590698724387,0.791955953313
1492807517936530656,0,1492807517927099228,odom,robot_frame,3.86600158517,2.30164384886,-0.227551083363,-0.00544655728039,-0.155493919405,0.590688405696,0.791757022968
1492807518036466284,0,1492807518035047054,odom,robot_frame,3.90212245558,2.34426673897,-0.230745323645,-0.00850966040195,-0.155061326274,0.59165177503,0.791095283691
1492807518136531751,0,1492807518125384808,odom,robot_frame,3.93208072363,2.38441513053,-0.233673246409,-0.0115250391261,-0.152680361421,0.593200246305,0.790360265001
1492807518236624310,0,1492807518226956129,odom,robot_frame,3.97174900149,2.42345480732,-0.227902256061,-0.0135104627375,-0.150561671564,0.594656749473,0.789640424978
1492807518336497140,0,1492807518332197905,odom,robot_frame,4.01012963063,2.4668811254,-0.227684897195,-0.0136685551086,-0.149509286427,0.595570679799,0.78914872441
1492807518436530901,0,1492807518429931402,odom,robot_frame,4.04532257456,2.50191722973,-0.22532158883,-0.0122108482866,-0.149461612357,0.596000334535,0.788857225897
1492807518536534629,0,1492807518526401043,odom,robot_frame,4.08006734389,2.54235135094,-0.228217639883,-0.0100986584981,-0.149820644213,0.596215006084,0.788656742939
1492807518636457851,0,1492807518628922939,odom,robot_frame,4.11770203524,2.58696328249,-0.233806548563,-0.00797171358076,-0.150444256028,0.59640503849,0.788418675371
1492807518736548477,0,1492807518729323149,odom,robot_frame,4.15432470035,2.62893948253,-0.235351967945,-0.00628893670107,-0.151439178639,0.596629986642,0.788073146027
1492807518836684501,0,1492807518825736523,odom,robot_frame,4.18945309081,2.67001737229,-0.233984893774,-0.0056319880748,-0.152171186646,0.597068413796,0.787604926287
1492807518936532487,0,1492807518927299261,odom,robot_frame,4.22668745703,2.71430396363,-0.229702064675,-0.00538108782299,-0.152983786351,0.597533242638,0.787096581716
1492807519036543864,0,1492807519028745651,odom,robot_frame,4.26381529377,2.75666964432,-0.234676717881,-0.00456949788288,-0.154190187662,0.597674309974,0.786759127633
1492807519136669872,0,1492807519125229120,odom,robot_frame,4.29940148194,2.79797285105,-0.231687488467,-0.00320573652915,-0.155289728549,0.597622979287,0.78658858248
1492807519236670364,0,1492807519226781368,odom,robot_frame,4.33653351045,2.84034688293,-0.230781736311,-0.00215322972681,-0.155534028998,0.597689407472,0.78649342122
1492807519336511502,0,1492807519328367233,odom,robot_frame,4.37465040728,2.88719584868,-0.224890574237,-0.00206209262401,-0.155090053141,0.598106602181,0.786264151299
1492807519436512367,0,1492807519424794436,odom,robot_frame,4.40974285922,2.92705262371,-0.225925411601,-0.00338322741008,-0.154148611699,0.598861316432,0.785870143831
1492807519536511547,0,1492807519526312590,odom,robot_frame,4.44620121293,2.96615487178,-0.235861431734,-0.00601809522364,-0.152683392773,0.599864516419,0.785375149876
1492807519636503108,0,1492807519627913475,odom,robot_frame,4.48370671591,3.01033239411,-0.233673589245,-0.00883573388368,-0.151143898443,0.600956438132,0.784811322063
1492807519736523508,0,1492807519729469538,odom,robot_frame,4.52177773639,3.05246892593,-0.228572979729,-0.0105641231223,-0.150287393896,0.601890344708,0.784238555215
1492807519836677674,0,1492807519825895309,odom,robot_frame,4.5567925019,3.09505537338,-0.228776998433,-0.0109335456954,-0.150558426838,0.602491381958,0.783719817507
1492807519936515011,0,1492807519927428007,odom,robot_frame,4.59317000187,3.1400455751,-0.230099808398,-0.010727067492,-0.151732523249,0.602658174314,0.783367918889
1492807520036521020,0,1492807520028895140,odom,robot_frame,4.62868902464,3.18757171052,-0.234802764882,-0.010215267801,-0.153756955568,0.602568247457,0.783049138991
1492807520136511557,0,1492807520125442982,odom,robot_frame,4.66149362158,3.23155474822,-0.239076094841,-0.0096546458919,-0.15590033574,0.60232534411,0.782819297776
1492807520236516450,0,1492807520227085829,odom,robot_frame,4.70437994043,3.27256403522,-0.230078523489,-0.00882553356974,-0.157429171367,0.601959290965,0.782804686995
1492807520336534364,0,1492807520328719378,odom,robot_frame,4.7358534796,3.31786429247,-0.237254107208,-0.00741212884976,-0.158088766807,0.60155111997,0.783000161059
1492807520436519971,0,1492807520425235748,odom,robot_frame,4.77632000503,3.36198884393,-0.233215019059,-0.00556275181795,-0.158223557518,0.601231888917,0.783233411818
1492807520536689190,0,1492807520526867151,odom,robot_frame,4.81792505106,3.41180664462,-0.230132185824,-0.00430225568167,-0.158086299562,0.601228773161,0.783271456655
1492807520636503009,0,1492807520634320974,odom,robot_frame,4.86010754842,3.46465942515,-0.229724916505,-0.00455870583927,-0.157625533033,0.601742153187,0.782968575752
1492807520736711856,0,1492807520724876642,odom,robot_frame,4.89150306922,3.50339817081,-0.240254844839,-0.00609994451243,-0.15716153675,0.602619223512,0.782376580361
1492807520836519357,0,1492807520826370478,odom,robot_frame,4.932654089,3.5546658759,-0.23713361697,-0.00800135722662,-0.157035779372,0.603800676077,0.781473279037
1492807520936536282,0,1492807520931579113,odom,robot_frame,4.98001548649,3.60626452839,-0.225643284661,-0.0089681129016,-0.157333366874,0.604785300701,0.780641098505
1492807521036510351,0,1492807521029478073,odom,robot_frame,5.01399844586,3.65741858578,-0.230874470292,-0.00818124016431,-0.158117401329,0.605273979761,0.780112404805
1492807521136740333,0,1492807521125946045,odom,robot_frame,5.05147639457,3.70536813056,-0.230443070916,-0.00610882737696,-0.15921076837,0.60540496414,0.779807311365
1492807521236474892,0,1492807521229398012,odom,robot_frame,5.0912889035,3.7572651668,-0.230745324496,-0.00404403625599,-0.160069663568,0.605423843459,0.779630244633
1492807521336506901,0,1492807521329168558,odom,robot_frame,5.13089802343,3.80996493647,-0.229349292598,-0.00389274605556,-0.159317378486,0.60577708447,0.77951070767
1492807521436534366,0,1492807521425649643,odom,robot_frame,5.16652197947,3.8573299062,-0.233953697308,-0.00530028748936,-0.157567930843,0.606439859283,0.779342640432
1492807521536489956,0,1492807521527211666,odom,robot_frame,5.20619557673,3.91027357719,-0.2328014223,-0.00663046838774,-0.156487935001,0.606927119106,0.779170735579
1492807521636694069,0,1492807521628785610,odom,robot_frame,5.24517352752,3.96245107221,-0.234148113492,-0.0079109574443,-0.156169338048,0.606946219728,0.779207829121
1492807521736562236,0,1492807521725172997,odom,robot_frame,5.282804765,4.01053063879,-0.23312380585,-0.00877733360554,-0.157024415693,0.606608570348,0.779289634008
1492807521836499220,0,1492807521826726913,odom,robot_frame,5.32297375771,4.06069711554,-0.232822495883,-0.00907328325919,-0.158386467766,0.606326921206,0.77922979087
1492807521936532890,0,1492807521928310156,odom,robot_frame,5.36371339884,4.11101293847,-0.233276590329,-0.00854029462059,-0.159718973387,0.606318887981,0.778970037283
1492807522036510956,0,1492807522024804592,odom,robot_frame,5.40441059413,4.15921164506,-0.230788284566,-0.0080787760158,-0.159596045895,0.606811712453,0.778616324734
1492807522136556135,0,1492807522126405001,odom,robot_frame,5.44587551432,4.21146259705,-0.229896580342,-0.00823026781799,-0.158420071752,0.607297597683,0.778476057054
1492807522236541939,0,1492807522228058100,odom,robot_frame,5.48486436298,4.26419255247,-0.231862085593,-0.00886802906655,-0.156824719109,0.607588278732,0.77856525037
1492807522336525729,0,1492807522329609156,odom,robot_frame,5.52243896595,4.31810446547,-0.237799256034,-0.00903366569657,-0.156647209054,0.607430586274,0.778722111949
1492807522436523110,0,1492807522426024675,odom,robot_frame,5.55985924999,4.361761264,-0.229818361258,-0.00859737171833,-0.158041829676,0.607222936447,0.778607199251
1492807522536527537,0,1492807522527702332,odom,robot_frame,5.59834242277,4.41385502958,-0.230378875342,-0.00761735186215,-0.160719016845,0.60703741717,0.778213947273
1492807522636499079,0,1492807522629179001,odom,robot_frame,5.6356916828,4.46548745763,-0.231356696782,-0.00705880558983,-0.163027348461,0.607093489453,0.777695153631
1492807522736505063,0,1492807522725689888,odom,robot_frame,5.663858713,4.51061142491,-0.238715139993,-0.00901572127765,-0.162096861645,0.607540255813,0.777520521775
1492807522836653604,0,1492807522827166080,odom,robot_frame,5.70811896252,4.56398491428,-0.231423905073,-0.0119297599742,-0.159589608816,0.608063106086,0.77759121433
1492807522936484003,0,1492807522928782701,odom,robot_frame,5.74612205346,4.61649840999,-0.230976312275,-0.0131747780824,-0.158347349103,0.608308183334,0.777633394566
1492807523036501290,0,1492807523025367022,odom,robot_frame,5.78193793772,4.66613581227,-0.23196032266,-0.0122198510729,-0.159324108108,0.608245514713,0.777498487231
1492807523136680489,0,1492807523127057552,odom,robot_frame,5.81931285039,4.718974391,-0.234560574054,-0.0100928946338,-0.161453166427,0.607986360867,0.777292476182
1492807523236504574,0,1492807523233658075,odom,robot_frame,5.86019326948,4.77271219524,-0.234826957066,-0.00903975030403,-0.162324335314,0.607886499076,0.777202095546
1492807523336504093,0,1492807523325207710,odom,robot_frame,5.89942859648,4.82030907634,-0.229737216003,-0.00931614946604,-0.161843532923,0.607889305423,0.777296901166
1492807523436531180,0,1492807523426804066,odom,robot_frame,5.94140770555,4.87274326031,-0.224213329478,-0.0108952600318,-0.159775633349,0.607943877331,0.777661418815
1492807523536502703,0,1492807523531063080,odom,robot_frame,5.97691436175,4.92955110728,-0.23176493437,-0.0126281437798,-0.157547127998,0.607881533247,0.778138467101
1492807523636510986,0,1492807523624934673,odom,robot_frame,6.01260395614,4.98233114114,-0.234791507311,-0.0135528667014,-0.155751805702,0.608016275936,0.778379022727
1492807523736529076,0,1492807523726446152,odom,robot_frame,6.05077661601,5.0328129362,-0.232975574759,-0.0137559718358,-0.154824896978,0.608384533509,0.778272628262
1492807523836529125,0,1492807523828219891,odom,robot_frame,6.08960023222,5.08772063693,-0.23380654875,-0.0140170163047,-0.154639818626,0.608955178236,0.777858367988
1492807523936513348,0,1492807523929626226,odom,robot_frame,6.12665273621,5.13738410445,-0.23066142361,-0.0136106551045,-0.156071667382,0.60934356428,0.777275244285
1492807524036476503,0,1492807524026162148,odom,robot_frame,6.16399707837,5.19266385481,-0.232507428519,-0.0116020307601,-0.159413517991,0.609296652291,0.776666152649
1492807524136508385,0,1492807524127664566,odom,robot_frame,6.20233557443,5.24743945686,-0.231735572907,-0.00895422885683,-0.162660395467,0.60920452086,0.776100038201
1492807524236658740,0,1492807524229171753,odom,robot_frame,6.23882711042,5.30078842333,-0.23262696328,-0.00657820570134,-0.164972028218,0.609196646703,0.775641929476
1492807524336661435,0,1492807524325622797,odom,robot_frame,6.27370298004,5.35143726702,-0.232298575841,-0.00515560239145,-0.166332035391,0.609344978124,0.775245620047
1492807524436530293,0,1492807524427171707,odom,robot_frame,6.30595658275,5.39708825474,-0.234664331378,-0.00438715997833,-0.167983106521,0.609309937705,0.774921820937
1492807524536537923,0,1492807524528749466,odom,robot_frame,6.34030689385,5.44718911893,-0.232360976995,-0.00579382618712,-0.167942869279,0.608955094949,0.775200178387
1492807524636543308,0,1492807524625245810,odom,robot_frame,6.36351157059,5.48149944553,-0.236697433644,-0.00844159719384,-0.166627992797,0.608487299337,0.775826693276
1492807524736547712,0,1492807524726777077,odom,robot_frame,6.4030520751,5.53707677743,-0.23154772234,-0.00944222157285,-0.165901245897,0.608046147743,0.77631662566
1492807524836503120,0,1492807524828168631,odom,robot_frame,6.4443685264,5.59224878077,-0.226194088994,-0.0102093262035,-0.164204679804,0.60805631972,0.77665958105
1492807524936484918,0,1492807524924680233,odom,robot_frame,6.47722783352,5.64348365414,-0.228364903083,-0.0115348125005,-0.161889632299,0.6084789415,0.776796030374
1492807525036507642,0,1492807525026252270,odom,robot_frame,6.51226342429,5.70114124125,-0.233801644101,-0.0132283094812,-0.159639753736,0.609028443597,0.776804039475
1492807525136564828,0,1492807525127713680,odom,robot_frame,6.55017234975,5.756121752,-0.232487735359,-0.0139185280098,-0.159226530317,0.609507707096,0.776500831688
1492807525236504498,0,1492807525229315519,odom,robot_frame,6.58828273574,5.81265287092,-0.2308378182,-0.0124508314851,-0.161527597398,0.609802444612,0.77581878723
1492807525336559766,0,1492807525325851440,odom,robot_frame,6.62446821066,5.86981666151,-0.231518542447,-0.010717294665,-0.164117455907,0.610069142572,0.77509111822
1492807525436499618,0,1492807525427479267,odom,robot_frame,6.66317395936,5.92756912821,-0.229087633008,-0.00916507363368,-0.166113364465,0.610231054221,0.774558204421
1492807525536486458,0,1492807525528993607,odom,robot_frame,6.70044956193,5.9842672031,-0.228871412083,-0.00717013728355,-0.168403649397,0.609928761643,0.774322740026
1492807525636537664,0,1492807525625508785,odom,robot_frame,6.73255947431,6.03397311694,-0.231541536103,-0.00688617777736,-0.168990586268,0.609624876258,0.774436745355
1492807525736513662,0,1492807525727044106,odom,robot_frame,6.76463927569,6.08279708727,-0.235302154426,-0.00869951469962,-0.167431977591,0.609558152246,0.77480946713
1492807525836537402,0,1492807525832763910,odom,robot_frame,6.80643558549,6.14294800696,-0.232786937933,-0.0120023955046,-0.164663295414,0.609891754651,0.775096116139
1492807525936533409,0,1492807525925124168,odom,robot_frame,6.84187368587,6.19458809093,-0.232814931929,-0.0147869838672,-0.161723268362,0.610707191205,0.775024939076
1492807526036715107,0,1492807526026713371,odom,robot_frame,6.88097611424,6.25303345447,-0.234257894997,-0.0172694226135,-0.15911277798,0.611685645399,0.774742255295
1492807526136530213,0,1492807526129643917,odom,robot_frame,6.9209825973,6.3082624581,-0.234826957068,-0.0187541210799,-0.156995010263,0.612657022745,0.774372147082
1492807526236517609,0,1492807526224762201,odom,robot_frame,6.95494048678,6.34535600861,-0.232298771202,-0.0169602761864,-0.158196265425,0.613030352617,0.773873424668
1492807526336518438,0,1492807526326444626,odom,robot_frame,6.9926919558,6.39454959949,-0.231856949297,-0.0132246374856,-0.161624609168,0.613006732156,0.773256322965
1492807526436535506,0,1492807526428081274,odom,robot_frame,7.03071872654,6.44450302054,-0.22768678929,-0.00813380964291,-0.166564456342,0.612885253369,0.772374125166
1492807526536535687,0,1492807526529664755,odom,robot_frame,7.07326041176,6.50817439972,-0.22474603196,-0.00280454047766,-0.171954389977,0.61281601328,0.771284873564
1492807526636514705,0,1492807526626219034,odom,robot_frame,7.10580827414,6.53348722995,-0.235334199835,-0.000102842934757,-0.174473759091,0.613183705034,0.770431463981
1492807526736514795,0,1492807526727794647,odom,robot_frame,7.16016231678,6.64350274656,-0.223614428095,-0.00103207557878,-0.173650779772,0.613820614544,0.770109469274
1492807526836541220,0,1492807526829466820,odom,robot_frame,7.1865200772,6.67026067371,-0.233236476716,-0.00327057420847,-0.17224214881,0.614166927773,0.770143447903
1492807526936516539,0,1492807526925972223,odom,robot_frame,7.23456417535,6.74719959499,-0.227340661912,-0.0053834218946,-0.171612750921,0.614030514182,0.770380821505
1492807527036577818,0,1492807527027490139,odom,robot_frame,7.26385159651,6.79189450134,-0.235936173814,-0.00649741033364,-0.17216054579,0.613507740699,0.770666453295
1492807527136541731,0,1492807527129108906,odom,robot_frame,7.31250885378,6.85865622084,-0.230722620063,-0.00591872387608,-0.174222051358,0.612903587839,0.770688547691
1492807527236676943,0,1492807527225657463,odom,robot_frame,7.33087001997,6.89440657311,-0.242137129844,-0.00733848728736,-0.173631858872,0.612789390887,0.770900309123
1492807527336520667,0,1492807527327325583,odom,robot_frame,7.38268105343,6.96300854065,-0.234880294949,-0.0114679774984,-0.169669452425,0.613035373855,0.77153638463
1492807527436520324,0,1492807527428913355,odom,robot_frame,7.4216099867,7.0188195622,-0.235231399741,-0.0123130859933,-0.16862935371,0.612757034721,0.771972373457
1492807527536515870,0,1492807527525458574,odom,robot_frame,7.46035804616,7.06885364875,-0.234740765003,-0.00917377746654,-0.17123347457,0.612025009613,0.772023527234
1492807527636490438,0,1492807527626960993,odom,robot_frame,7.5024095343,7.12230724754,-0.230950616493,-0.00511418271604,-0.173976172712,0.611415355913,0.771930954825
1492807527736673035,0,1492807527728449821,odom,robot_frame,7.54266657911,7.18289140489,-0.229547517739,-0.000933826811199,-0.176607299647,0.610983688766,0.771691597557
1492807527836528982,0,1492807527830029249,odom,robot_frame,7.57885214062,7.23167517605,-0.233127181786,-0.000103117421063,-0.176394630782,0.610881805053,0.771821445578
1492807527936515962,0,1492807527926569462,odom,robot_frame,7.61933251016,7.3041076378,-0.227892443858,-0.00269800381328,-0.173223278998,0.610747875481,0.772640569077
1492807528036526293,0,1492807528028116465,odom,robot_frame,7.65582770959,7.3522197938,-0.230710509673,-0.00536832341292,-0.16931334209,0.610463210375,0.7737175467
1492807528136482184,0,1492807528129713535,odom,robot_frame,7.69099053745,7.39504545126,-0.240434627784,-0.00643072495632,-0.166531197737,0.610310441421,0.774433451659
1492807528236731969,0,1492807528226183414,odom,robot_frame,7.71888618744,7.43943630005,-0.235389093609,-0.0055798585209,-0.165974979269,0.610157609824,0.774679845232
1492807528336547492,0,1492807528327777147,odom,robot_frame,7.74701708442,7.4861650167,-0.232668772313,-0.00340286832967,-0.167530370289,0.609637969641,0.774766765866
1492807528436482808,0,1492807528432718992,odom,robot_frame,7.7940045518,7.53299539444,-0.239928997119,-0.0019213296017,-0.16883146857,0.608416642772,0.775449181127
1492807528536532958,0,1492807528525783062,odom,robot_frame,7.84073070862,7.55999729485,-0.251249741933,-0.00117109749564,-0.169891616611,0.606886697145,0.776417416062
1492807528636476724,0,1492807528627341270,odom,robot_frame,7.86043920979,7.63240087146,-0.23537871753,-0.00193963442211,-0.169580170925,0.605789553804,0.777340221492
1492807528736506679,0,1492807528729619026,odom,robot_frame,7.90005929571,7.67287393142,-0.236866975793,-0.0032030020915,-0.168686842151,0.605264570881,0.777939129559
1492807528836527936,0,1492807528825417995,odom,robot_frame,7.9343539033,7.71433792868,-0.235596251813,-0.00474705198711,-0.167060186445,0.604948927725,0.778527555355
1492807528936507697,0,1492807528927052021,odom,robot_frame,7.96990423001,7.7571590539,-0.234613028426,-0.00683482285859,-0.164578370372,0.60456442265,0.779338889103
1492807529036508499,0,1492807529028721094,odom,robot_frame,8.00790825139,7.79997299283,-0.236872850056,-0.00656792320913,-0.165119666593,0.603607105169,0.779968474157
1492807529136657489,0,1492807529125165939,odom,robot_frame,8.04397942404,7.83889697648,-0.238944046604,-0.00324534392818,-0.16968516222,0.602060421618,0.780204884749
1492807529236540980,0,1492807529226799965,odom,robot_frame,8.07673649153,7.87991406458,-0.23553910927,-0.000888349386246,-0.173264609081,0.600695168302,0.780476713845
1492807529336645426,0,1492807529328420639,odom,robot_frame,8.11094219093,7.93221657884,-0.228680132508,-0.00210580311459,-0.172512758581,0.599588388394,0.781491316793
1492807529436515902,0,1492807529429952621,odom,robot_frame,8.14860570029,7.98589270711,-0.22050919418,-0.00300651409673,-0.171370238496,0.598485223671,0.782584589216
1492807529536661357,0,1492807529526404619,odom,robot_frame,8.17656101287,7.99336142543,-0.23876487799,-0.00368860789005,-0.169819376857,0.597617275648,0.783582392134
1492807529636484185,0,1492807529627910376,odom,robot_frame,8.20873246679,8.03776594041,-0.232863336284,-0.00502340405431,-0.167711998886,0.597027439554,0.784477971176
1492807529736489863,0,1492807529729434967,odom,robot_frame,8.24516883825,8.07446617003,-0.238437877201,-0.0073840912615,-0.164463264819,0.5969071205,0.785238307279
1492807529836679850,0,1492807529825874805,odom,robot_frame,8.27312032469,8.10656722661,-0.236494064272,-0.0102277704513,-0.161282649375,0.596761541959,0.785976438426
1492807529936499669,0,1492807529927391291,odom,robot_frame,8.30061215617,8.13637386017,-0.233802443603,-0.0125037629423,-0.15936826201,0.596100234808,0.786835384968
1492807530036515078,0,1492807530028920412,odom,robot_frame,8.34269834748,8.19337773786,-0.238767289928,-0.0124165352234,-0.15983514284,0.594849410978,0.787688221967
1492807530136527912,0,1492807530125474215,odom,robot_frame,8.37713285662,8.23800341259,-0.240628562172,-0.0109725100437,-0.161877789164,0.593526971222,0.788289870435
1492807530236679643,0,1492807530227026224,odom,robot_frame,8.40141016257,8.26577807542,-0.234662420276,-0.012495586757,-0.161382613808,0.593087002321,0.788699765405
1492807530336527198,0,1492807530328755379,odom,robot_frame,8.43003321185,8.29966343366,-0.229967505986,-0.0176740115503,-0.157773855374,0.593630236073,0.78892216517
1492807530436545597,0,1492807530425205708,odom,robot_frame,8.45853826511,8.32880346695,-0.225352200663,-0.0208522361201,-0.156328636282,0.594197016527,0.788705551697
1492807530536520708,0,1492807530526803017,odom,robot_frame,8.4946107284,8.41311011462,-0.231503171773,-0.0204582004367,-0.158980248893,0.594075806233,0.788277031852
1492807530636497588,0,1492807530628321171,odom,robot_frame,8.52476916236,8.42563670588,-0.223564713356,-0.0158177160164,-0.165916785584,0.593315311463,0.787526736883
1492807530736479880,0,1492807530735197067,odom,robot_frame,8.55822832177,8.46490026215,-0.218500426557,-0.00858084698968,-0.173596068042,0.592293624504,0.786752207876
1492807530836491079,0,1492807530826286554,odom,robot_frame,8.56598519303,8.47902550914,-0.223060518995,-9.94132947734e-05,-0.183871807211,0.590409832008,0.785880002862
1492807530936501239,0,1492807530927809954,odom,robot_frame,8.58115270359,8.48700275686,-0.224352234598,0.00829242451154,-0.192798119136,0.588460894333,0.785158516985
1492807531036490414,0,1492807531031733036,odom,robot_frame,8.56383276457,8.39840132471,-0.232786936623,0.0128108248917,-0.197368195192,0.586793723011,0.785210038733
1492807531136505821,0,1492807531125621319,odom,robot_frame,8.57104802628,8.38810243475,-0.233195375897,0.0130391074863,-0.197547925911,0.585795275355,0.785906288317
1492807531236507267,0,1492807531227087498,odom,robot_frame,8.58108359503,8.38072403015,-0.233381485678,0.0091188914162,-0.193034685012,0.585861873404,0.787032605102
1492807531336508616,0,1492807531329113960,odom,robot_frame,8.61243606854,8.43453081356,-0.229724916236,0.00233983927213,-0.185339985758,0.586667363546,0.788330526734
1492807531436533286,0,1492807531425185442,odom,robot_frame,8.62842278127,8.45536781993,-0.232807993345,-0.00959779641367,-0.172603348484,0.588225721591,0.790004092935
1492807531536545269,0,1492807531526717424,odom,robot_frame,8.64976403601,8.50276059464,-0.236032181379,-0.020934098139,-0.161972165361,0.589173914571,0.791328553493
1492807531636513950,0,1492807531628330708,odom,robot_frame,8.67546062616,8.5652866394,-0.238909704494,-0.024730765071,-0.160627130262,0.588406458004,0.792063857566
1492807531736530899,0,1492807531724902153,odom,robot_frame,8.69361993925,8.52852117966,-0.230520751627,-0.0200458198378,-0.169031548757,0.585978180236,0.792247482116
1492807531836535902,0,1492807531826386213,odom,robot_frame,8.72074522587,8.53299639183,-0.222802229963,-0.0103016043937,-0.18285466814,0.582785883488,0.791718801907
1492807531936520576,0,1492807531927805424,odom,robot_frame,8.72637673987,8.57539512097,-0.230675867377,-0.00251783951834,-0.193631846997,0.580548089019,0.790862999924
1492807532036503889,0,1492807532029268503,odom,robot_frame,8.76592158469,8.64305569017,-0.226008951472,0.00260408673864,-0.200889908224,0.579155746723,0.790072834961
1492807532136557127,0,1492807532125813723,odom,robot_frame,8.75231709799,8.62051444373,-0.230949064078,0.00500386440123,-0.20457433112,0.57820334212,0.789813395398
1492807532236522828,0,1492807532227396965,odom,robot_frame,8.80104684569,8.70994537804,-0.225571182089,0.002875932837,-0.202433512171,0.577854113572,0.79063077703
1492807532336574192,0,1492807532328975201,odom,robot_frame,8.88612157916,8.84730040483,-0.21532206881,0.000156606680674,-0.198876841497,0.577619930974,0.791709032873
