%time,field.transforms0.header.seq,field.transforms0.header.stamp,field.transforms0.header.frame_id,field.transforms0.child_frame_id,field.transforms0.transform.translation.x,field.transforms0.transform.translation.y,field.transforms0.transform.translation.z,field.transforms0.transform.rotation.x,field.transforms0.transform.rotation.y,field.transforms0.transform.rotation.z,field.transforms0.transform.rotation.w
1492807363725670453,0,1492807363723579884,odom,robot_frame,-1.35957356556e-11,-3.25256309378e-11,-0.22360226064,-0.10114308724,0.0888574919241,-0.989390600205,0.0545954417453
1492807363825607968,0,1492807363822394133,odom,robot_frame,-2.787145837e-05,3.91735897241e-05,-0.225641230866,-0.112372939902,0.0852980055727,-0.988660558215,0.0514477720854
1492807363925568477,0,1492807363923934937,odom,robot_frame,-0.000299004986535,0.000418132910359,-0.224440074496,-0.121742666752,0.0824333674282,-0.987911556399,0.0491347103332
1492807364025722867,0,1492807364020164013,odom,robot_frame,-0.00101877443322,0.00134749289991,-0.231764934315,-0.126762025946,0.0812542209121,-0.987442284635,0.0478212805804
1492807364125581744,0,1492807364122339964,odom,robot_frame,-0.00248242565553,0.00295037135218,-0.231732084854,-0.131736781232,0.0807486810665,-0.986860952881,0.0472284940954
1492807364225575168,0,1492807364223984003,odom,robot_frame,-0.00488582678442,0.00487495354515,-0.226556096299,-0.129808479904,0.0824775039795,-0.986939053742,0.0479429252355
1492807364325532769,0,1492807364316732883,odom,robot_frame,-0.00803375670678,0.00659711324098,-0.230745323172,-0.125600244201,0.0841968547113,-0.987289218067,0.0489435205296
1492807364425548834,0,1492807364422320843,odom,robot_frame,-0.0124672604743,0.00816857124029,-0.229794692375,-0.112257511348,0.0881803997748,-0.98848234722,0.0502505470161
1492807364525549382,0,1492807364523931265,odom,robot_frame,-0.0169112561136,0.00933083938436,-0.223787833675,-0.100042458397,0.0904649301064,-0.989584372388,0.0503028116857
1492807364625579504,0,1492807364613879919,odom,robot_frame,-0.0207529653707,0.0104459420969,-0.227684896227,-0.0922247828802,0.0913527222376,-0.990317212006,0.0492045645036
1492807364725551191,0,1492807364701670408,odom,robot_frame,-0.0239271964812,0.0116621696979,-0.224375145158,-0.0847578870198,0.0917014536384,-0.991024873449,0.0477141928034
1492807364825585950,0,1492807364823453665,odom,robot_frame,-0.0280113686107,0.0137268600234,-0.222085308365,-0.084477317865,0.0907002346867,-0.991245758093,0.0454851322519
1492807364925595752,0,1492807364924931288,odom,robot_frame,-0.0320020776212,0.0158071620868,-0.228772304267,-0.091198080267,0.089016734367,-0.990851505004,0.0444097533119
1492807365025582616,0,1492807365006077528,odom,robot_frame,-0.0352663192183,0.0174031593375,-0.225756980901,-0.100094615725,0.0873098614026,-0.990152896578,0.0442187449288
1492807365125598589,0,1492807365122895241,odom,robot_frame,-0.0405028798868,0.0199815152287,-0.230300128766,-0.115584892755,0.0847925272269,-0.988676352009,0.0443782702734
1492807365225541966,0,1492807365224298477,odom,robot_frame,-0.0446235957518,0.0221268324809,-0.229858791876,-0.126446998203,0.0832463140811,-0.987481009214,0.044299709705
1492807365325578635,0,1492807365305434465,odom,robot_frame,-0.0475617977917,0.0238817496262,-0.228790004478,-0.132072687142,0.0826413518966,-0.986811898502,0.0439259518206
1492807365425570905,0,1492807365422098875,odom,robot_frame,-0.0512536431849,0.0267836987612,-0.225097891853,-0.133548837444,0.0829091197832,-0.986633755246,0.0429490265731
1492807365525572556,0,1492807365523574591,odom,robot_frame,-0.0543460749565,0.0303006880698,-0.228284988058,-0.128722893328,0.0841255313709,-0.987210302327,0.0420610352208
1492807365625568378,0,1492807365625076771,odom,robot_frame,-0.0580099427665,0.0345654674642,-0.233563878435,-0.119629945698,0.0858292113999,-0.988229957293,0.0415159496042
1492807365725592770,0,1492807365721459389,odom,robot_frame,-0.0624192098977,0.0383338905177,-0.224147277054,-0.108147610233,0.0876267979122,-0.98939078857,0.0416113708184
1492807365825585281,0,1492807365823108435,odom,robot_frame,-0.0696678768073,0.043004530971,-0.232226825106,-0.0966977321818,0.0892532494768,-0.990408212668,0.0421304916665
1492807365925546958,0,1492807365924672604,odom,robot_frame,-0.0779673616445,0.0471607337263,-0.233110770173,-0.0876567935132,0.09055356052,-0.991107512733,0.0426876730692
1492807366025793381,0,1492807366005943060,odom,robot_frame,-0.0841584248465,0.0499851072034,-0.225177054573,-0.0831674111742,0.0913301747493,-0.991415087774,0.0428731225023
1492807366125771542,0,1492807366122709513,odom,robot_frame,-0.0937287606557,0.0543458866254,-0.225881587794,-0.0831012333385,0.091769702568,-0.991393858861,0.04255259476
1492807366225592045,0,1492807366224291086,odom,robot_frame,-0.101467528027,0.0583543354898,-0.229758453469,-0.0895034304054,0.0914136800826,-0.990901133413,0.0418045313448
1492807366325552956,0,1492807366322679043,odom,robot_frame,-0.106757443184,0.0620502620966,-0.220541243801,-0.0961283617866,0.0910948175482,-0.990331687185,0.0412822193311
1492807366425582447,0,1492807366422028303,odom,robot_frame,-0.113074871773,0.0664896835186,-0.224032353944,-0.113808885176,0.0893884298053,-0.988664877356,0.0399875800072
1492807366525573431,0,1492807366523630857,odom,robot_frame,-0.11990039286,0.0707264499918,-0.221355438665,-0.125045575302,0.0882029162486,-0.987431008405,0.0395455851364
1492807366625548321,0,1492807366625194550,odom,robot_frame,-0.128283121732,0.074829427534,-0.222703401203,-0.131732328738,0.0871689841216,-0.986651923209,0.0395745397883
1492807366725584233,0,1492807366721674442,odom,robot_frame,-0.137270191794,0.0783465996225,-0.224291391388,-0.132501541387,0.0862935689663,-0.986618685778,0.039753369163
1492807366825551939,0,1492807366823195934,odom,robot_frame,-0.146621337511,0.0821001196159,-0.231357098796,-0.128013486713,0.0854810500341,-0.987279421669,0.0398105620844
1492807366925589864,0,1492807366924712181,odom,robot_frame,-0.155466366945,0.0854437392831,-0.231961227933,-0.120357920109,0.0846626140952,-0.988320228783,0.039614873711
1492807367025591373,0,1492807367005903006,odom,robot_frame,-0.162057392019,0.0884493693543,-0.235017352011,-0.113156835664,0.0841990393269,-0.989222322884,0.0393096454645
1492807367125659522,0,1492807367122867346,odom,robot_frame,-0.171200856357,0.093214888758,-0.236478146377,-0.102164548265,0.0844546496084,-0.990409136357,0.0389815322744
1492807367225548583,0,1492807367224524260,odom,robot_frame,-0.179362004618,0.0979441120941,-0.23344305857,-0.0944772403428,0.0859656815234,-0.991035443534,0.0391497422435
1492807367325565111,0,1492807367305860043,odom,robot_frame,-0.186185382995,0.102040378639,-0.227793940553,-0.0898935039831,0.0879580227949,-0.991271498649,0.0395393491717
1492807367425647945,0,1492807367422634602,odom,robot_frame,-0.199033656105,0.108855266372,-0.22982698313,-0.0870882369136,0.0913382972007,-0.99117974622,0.0404433571646
1492807367525550866,0,1492807367524251938,odom,robot_frame,-0.210505819346,0.114636176977,-0.227132839144,-0.0888580272863,0.0933307368235,-0.990807765831,0.0411533196568
1492807367625567224,0,1492807367605420828,odom,robot_frame,-0.219725275434,0.1191917216,-0.223142657972,-0.0926587732505,0.0937864878325,-0.990408191232,0.0413528860035
1492807367725551293,0,1492807367722261429,odom,robot_frame,-0.233246630069,0.12576801625,-0.217734562647,-0.101204488591,0.0924445693931,-0.989725259963,0.0406886085951
1492807367825554448,0,1492807367823718548,odom,robot_frame,-0.245405695582,0.131711611059,-0.216023740122,-0.109585314004,0.0901690114009,-0.989094793138,0.0393966816492
1492807367925553541,0,1492807367905084372,odom,robot_frame,-0.255459229528,0.136811332168,-0.218586394925,-0.116447731553,0.0882043261638,-0.988533539898,0.038227779945
1492807368025604134,0,1492807368021857500,odom,robot_frame,-0.269529494811,0.144686064321,-0.223678770544,-0.125065523552,0.0860141149494,-0.987724980082,0.0368720838984
1492807368125570000,0,1492807368123475075,odom,robot_frame,-0.281352227558,0.151712668977,-0.224190310502,-0.129319753604,0.0853674506423,-0.987241960307,0.0366348400786
1492807368225517181,0,1492807368225108147,odom,robot_frame,-0.292349699306,0.159316688512,-0.229639005821,-0.130136798268,0.0857406043377,-0.987083585348,0.0371343242865
1492807368325588485,0,1492807368321652889,odom,robot_frame,-0.303138346876,0.164831481521,-0.233887309594,-0.124571913909,0.0869728246242,-0.987684537799,0.0373740529684
1492807368425574393,0,1492807368423233271,odom,robot_frame,-0.31652118999,0.165938673054,-0.22716108157,-0.114009549172,0.0874511434713,-0.988958785972,0.0362579626106
1492807368525553706,0,1492807368524914026,odom,robot_frame,-0.33086861844,0.163228010311,-0.234792429058,-0.101012911757,0.0870405524393,-0.990472476402,0.0344181257362
1492807368625519561,0,1492807368624726057,odom,robot_frame,-0.344562012925,0.15618296204,-0.231764936097,-0.0873737611188,0.0863942563963,-0.991898440443,0.0322388302731
1492807368725587687,0,1492807368723012924,odom,robot_frame,-0.357729312538,0.146993503548,-0.23331291245,-0.076122326879,0.0858218749971,-0.992949429508,0.0298567841986
1492807368825569517,0,1492807368824624062,odom,robot_frame,-0.369619434273,0.136410980303,-0.228891661572,-0.0720232182601,0.0855171312071,-0.993370449907,0.0267324812563
1492807368925534044,0,1492807368921216965,odom,robot_frame,-0.382993277964,0.127882489536,-0.226662894796,-0.0742583348837,0.0862127535452,-0.993236440646,0.0231178242702
1492807369025555806,0,1492807369022622108,odom,robot_frame,-0.400315523586,0.121812129007,-0.227495129841,-0.0885317413217,0.0888819579082,-0.991926483672,0.0185466796754
1492807369125542263,0,1492807369124217033,odom,robot_frame,-0.417062528489,0.117145270234,-0.222519809808,-0.101918901685,0.0915502748691,-0.990457602441,0.0149940794407
1492807369225615568,0,1492807369217725992,odom,robot_frame,-0.433357687141,0.11362328582,-0.217480815306,-0.109921030621,0.09307860943,-0.989494930097,0.0123904320385
1492807369325558041,0,1492807369322268724,odom,robot_frame,-0.451386287919,0.110252553739,-0.225637410941,-0.120418325844,0.0941333221479,-0.988203924283,0.00955764061582
1492807369425516095,0,1492807369423772573,odom,robot_frame,-0.470756127653,0.10615806108,-0.211101114766,-0.12185378624,0.0938154147845,-0.988079323969,0.00704075792532
1492807369525573626,0,1492807369515033960,odom,robot_frame,-0.48353512283,0.103285810994,-0.221560852554,-0.120693599401,0.093169273449,-0.988300022614,0.00395055058853
1492807369625667049,0,1492807369621797562,odom,robot_frame,-0.499264523375,0.0999511744004,-0.219645749252,-0.117781098372,0.0909867780067,-0.988861672989,-0.00126916809444
1492807369725546975,0,1492807369723374128,odom,robot_frame,-0.511207332694,0.0981883914794,-0.220723011245,-0.117208316887,0.0894615969193,-0.989043845681,-0.00714873764083
1492807369825559407,0,1492807369824922562,odom,robot_frame,-0.521142131161,0.0980977083391,-0.226014550321,0.118704619799,-0.088609364512,0.988880172686,0.0131756528045
1492807369925570798,0,1492807369906115532,odom,robot_frame,-0.529140446458,0.0985156065596,-0.226955641041,0.120237662075,-0.0884116106462,0.988646687332,0.0174361506407
1492807370025578554,0,1492807370023000956,odom,robot_frame,-0.541411055773,0.100078074854,-0.230969255072,0.122636228865,-0.08834982913,0.988262667502,0.0221712220007
1492807370125565522,0,1492807370124577284,odom,robot_frame,-0.554284716036,0.101232213533,-0.232723390478,0.123578739934,-0.0881724363691,0.988102489927,0.0246452003875
1492807370225559408,0,1492807370205919504,odom,robot_frame,-0.565215596599,0.102606162602,-0.236883331757,0.124166110284,-0.0878957937436,0.988005508894,0.0264994508441
1492807370325561622,0,1492807370322878122,odom,robot_frame,-0.581679585638,0.103986760817,-0.237266869325,0.124687525172,-0.0874998131643,0.987866322092,0.0302809088238
1492807370425545286,0,1492807370424332619,odom,robot_frame,-0.593971996527,0.105699882047,-0.237089902531,0.126144677951,-0.0876905477114,0.987501867002,0.0351845240582
1492807370525559114,0,1492807370505687952,odom,robot_frame,-0.601942591364,0.107584527783,-0.237116672974,0.128058470581,-0.088218413822,0.987021305735,0.0400934109419
1492807370625537632,0,1492807370622661591,odom,robot_frame,-0.610476121872,0.111774367829,-0.239997153616,0.131546031524,-0.0895586582609,0.986079279466,0.0481927684194
1492807370725549823,0,1492807370724084854,odom,robot_frame,-0.618738976533,0.115045053719,-0.234269708255,0.131734077848,-0.0909906096726,0.985591970019,0.0545464051885
1492807370825648410,0,1492807370805446863,odom,robot_frame,-0.624797789162,0.11894573625,-0.233734071856,0.129435701321,-0.0921920922656,0.985539733985,0.0588085885302
1492807370925604516,0,1492807370922276020,odom,robot_frame,-0.636813520561,0.124890280232,-0.230179002518,0.122853926047,-0.0940261851918,0.985910884245,0.0636059563239
1492807371025543404,0,1492807371023698568,odom,robot_frame,-0.649345860735,0.13121609041,-0.229649110397,0.115861789339,-0.0952793080261,0.986417716459,0.0669177696005
1492807371125543655,0,1492807371104942560,odom,robot_frame,-0.660792522488,0.13630549629,-0.222468830223,0.110621447612,-0.095973471019,0.986750016614,0.0698311742767
1492807371225529789,0,1492807371223078012,odom,robot_frame,-0.677801929773,0.145735127107,-0.22462287473,0.104749295272,-0.0964817260272,0.986951361279,0.0751390188452
1492807371325770310,0,1492807371323263645,odom,robot_frame,-0.690303193316,0.154749179918,-0.222184705231,0.10106280601,-0.0968395136433,0.986875447863,0.0805311631862
1492807371425901829,0,1492807371424825668,odom,robot_frame,-0.701769137081,0.165115466614,-0.220896654323,0.0997029569888,-0.0975844759788,0.98640540233,0.0868387740019
1492807371525564065,0,1492807371520186901,odom,robot_frame,-0.714473432179,0.176204311596,-0.22870450704,0.100134976397,-0.0982996105095,0.985710757749,0.0931905313484
1492807371625597306,0,1492807371622867346,odom,robot_frame,-0.723571748525,0.188505890002,-0.225114714772,0.10350820328,-0.0997789475525,0.984449343129,0.100944065169
1492807371725567510,0,1492807371724342585,odom,robot_frame,-0.734205146549,0.201776205047,-0.225202511714,0.105891690753,-0.101047531892,0.98333604198,0.107826595383
1492807371825561760,0,1492807371817296982,odom,robot_frame,-0.74450494201,0.214654276218,-0.222582856119,0.106349122544,-0.101942070398,0.982523843266,0.113774231844
1492807371925569787,0,1492807371922166109,odom,robot_frame,-0.757451420543,0.230351227433,-0.223455831551,0.104573241981,-0.102636156383,0.981839167034,0.12050770325
1492807372025680303,0,1492807372023638010,odom,robot_frame,-0.769405901199,0.246103385424,-0.219449004374,0.101337731029,-0.103036123603,0.981320962407,0.126977912421
1492807372125524620,0,1492807372125084400,odom,robot_frame,-0.781317460175,0.262486038955,-0.223362079001,0.0969043283877,-0.103542605254,0.980790149254,0.133937161248
1492807372225716802,0,1492807372206238031,odom,robot_frame,-0.790680935828,0.275879992949,-0.226351321879,0.0934069060135,-0.104342714278,0.980233687605,0.139748579848
1492807372325585509,0,1492807372323155880,odom,robot_frame,-0.800681973405,0.295813186488,-0.217951222757,0.0891984745121,-0.106142187632,0.979148217054,0.148479753466
1492807372425594075,0,1492807372424756289,odom,robot_frame,-0.814274933527,0.315523041149,-0.222274883686,0.086971870144,-0.10782723484,0.978127259414,0.1551652204
1492807372525566692,0,1492807372505977631,odom,robot_frame,-0.824476496517,0.332987352142,-0.222224053893,0.0859391291605,-0.10884295942,0.977321238567,0.160033974238
1492807372625559570,0,1492807372622728109,odom,robot_frame,-0.839888736994,0.360351738681,-0.223452781555,0.0860440956821,-0.109168719453,0.976079291805,0.167176016224
1492807372725766261,0,1492807372724240780,odom,robot_frame,-0.852200540148,0.385626663282,-0.222585729357,0.0866482113108,-0.108663052384,0.974957817006,0.173613604256
1492807372825570438,0,1492807372805487871,odom,robot_frame,-0.862707757592,0.406303369309,-0.225650961933,0.0856938142795,-0.108422755116,0.974071993098,0.179122384504
1492807372925562455,0,1492807372922273874,odom,robot_frame,-0.873944906006,0.435707495724,-0.225026077866,0.0812820906543,-0.109090786309,0.97274118371,0.187795131981
1492807373025586426,0,1492807373023756266,odom,robot_frame,-0.880435227516,0.460594844201,-0.220187663907,0.0757508671128,-0.110502179235,0.97163862861,0.19485751181
1492807373125623954,0,1492807373104980946,odom,robot_frame,-0.889391547021,0.480480081436,-0.226384349388,0.0711998962608,-0.111707222094,0.970760227707,0.200191537303
1492807373225737846,0,1492807373206527233,odom,robot_frame,-0.896116351834,0.504957596019,-0.226762822103,0.0669654987314,-0.11287511832,0.969661536703,0.206231263108
1492807373325570078,0,1492807373323198080,odom,robot_frame,-0.905232337754,0.533573576056,-0.231428634561,0.0651663050374,-0.113198268749,0.968235434657,0.21321268188
1492807373425600049,0,1492807373424729347,odom,robot_frame,-0.907603454817,0.560116655759,-0.22921928043,0.0660242202409,-0.112165672998,0.966990574497,0.219063673337
1492807373525578087,0,1492807373505997658,odom,robot_frame,-0.909813300141,0.582035604752,-0.228866859976,0.0667309532933,-0.110832295348,0.965915675675,0.224209923211
1492807373625525322,0,1492807373622753143,odom,robot_frame,-0.910880146046,0.614009603873,-0.227684505807,0.0660609567399,-0.108833433764,0.96397067616,0.233563201709
1492807373725680627,0,1492807373724363565,odom,robot_frame,-0.909176614948,0.642565680808,-0.226392770689,0.0649899971271,-0.107906908466,0.96195829713,0.24242242875
1492807373825574548,0,1492807373823411942,odom,robot_frame,-0.908310555008,0.672814076967,-0.230745324104,0.0630766646983,-0.108055798428,0.959745689832,0.251462700307
1492807373925719772,0,1492807373922483444,odom,robot_frame,-0.902141973469,0.702092784935,-0.227677942563,0.0600354252875,-0.109196490912,0.95734883599,0.260681952407
1492807374025601122,0,1492807374024035215,odom,robot_frame,-0.897926837076,0.73410225583,-0.229292883956,0.0577012544469,-0.111441410537,0.955015847435,0.268693335236
1492807374125557821,0,1492807374119961977,odom,robot_frame,-0.895524114061,0.764487731076,-0.231764934837,0.0561080376629,-0.113547362904,0.953041271941,0.275084020738
1492807374225547336,0,1492807374222378016,odom,robot_frame,-0.888373700632,0.795204819168,-0.223724505473,0.0518830179068,-0.116883567887,0.95113865976,0.281036712762
1492807374325538069,0,1492807374323958874,odom,robot_frame,-0.885964871462,0.825354116159,-0.223342854584,0.0470724605494,-0.118547649354,0.949514335838,0.286623733016
1492807374425614407,0,1492807374416925907,odom,robot_frame,-0.882008852702,0.852106800379,-0.221560853699,0.0431379747819,-0.119263060068,0.94785278501,0.292387646086
1492807374525608042,0,1492807374506657124,odom,robot_frame,-0.878799657296,0.876902076466,-0.222860518167,0.0385871284968,-0.118297577622,0.946180772211,0.298761883349
1492807374625682820,0,1492807374623492956,odom,robot_frame,-0.871120334429,0.908460272575,-0.224826374553,0.0372067862807,-0.116665137375,0.943235102956,0.308727130858
1492807374725519697,0,1492807374725017786,odom,robot_frame,-0.859255993702,0.935252913545,-0.224216875447,0.0403149272331,-0.11552367211,0.940263337531,0.317700871763
1492807374825659746,0,1492807374806272745,odom,robot_frame,-0.852961475069,0.956324743174,-0.228778329881,0.0453286976574,-0.115254134302,0.937548220883,0.325061728315
1492807374925561743,0,1492807374923103333,odom,robot_frame,-0.838566672454,0.98465528554,-0.22545766708,0.055996359543,-0.116712751129,0.93303180676,0.335699551706
1492807375025554250,0,1492807375024669409,odom,robot_frame,-0.829844464848,1.01180781594,-0.23216748991,0.06262820634,-0.11878351399,0.929197092116,0.344326804909
1492807375125622930,0,1492807375105944395,odom,robot_frame,-0.822492388207,1.03293353118,-0.233129417626,0.0657689360614,-0.120687258891,0.926226205526,0.351018587524
1492807375225568758,0,1492807375222899914,odom,robot_frame,-0.815840366225,1.06277880758,-0.226800410123,0.0678963709897,-0.123538922722,0.921844168677,0.361014606429
1492807375325719185,0,1492807375324506521,odom,robot_frame,-0.801850669379,1.08976437535,-0.230700715758,0.0670034480602,-0.125190578268,0.918315483207,0.369505792056
1492807375425541515,0,1492807375405821323,odom,robot_frame,-0.797921629306,1.11111784518,-0.224417129173,0.0656377828538,-0.12609568555,0.915573390934,0.376187354069
1492807375525573979,0,1492807375522606850,odom,robot_frame,-0.779810993271,1.14070088191,-0.229593449554,0.0629821435402,-0.126862105906,0.911899111396,0.385200293762
1492807375625568406,0,1492807375624251842,odom,robot_frame,-0.765419560551,1.16649778271,-0.233936909726,0.0591864026237,-0.126675619338,0.909364755718,0.391798415347
1492807375725577082,0,1492807375705385208,odom,robot_frame,-0.757039256293,1.18763911855,-0.234150547585,0.0555327747931,-0.126122576286,0.907624874072,0.396517710374
1492807375825572929,0,1492807375822168827,odom,robot_frame,-0.746854912393,1.21861877239,-0.230932630923,0.0506667405205,-0.125148712537,0.905138301237,0.403107103372
1492807375925595978,0,1492807375923774719,odom,robot_frame,-0.73584095048,1.24452171745,-0.230127395417,0.049213459181,-0.125095502978,0.902430812896,0.409326005166
1492807376025727187,0,1492807376005098581,odom,robot_frame,-0.725093599756,1.26366342773,-0.225093508995,0.050178183522,-0.125777842677,0.899590316505,0.415210003059
1492807376125529403,0,1492807376122094393,odom,robot_frame,-0.706535612702,1.28860696059,-0.225909074467,0.0544675401951,-0.128195065382,0.894288108576,0.425262379169
1492807376225616856,0,1492807376223630190,odom,robot_frame,-0.689179048956,1.30780593379,-0.221911928362,0.0591138975017,-0.131084848417,0.889277518234,0.434174855561
1492807376325534264,0,1492807376325179815,odom,robot_frame,-0.66679039567,1.32614989154,-0.227422118528,0.062872217408,-0.133884854981,0.88442655393,0.442619024206
1492807376425557671,0,1492807376421722889,odom,robot_frame,-0.650173106282,1.34400460019,-0.225643283767,0.0636703645671,-0.135119650879,0.880618314065,0.449666709414
1492807376525597483,0,1492807376523201942,odom,robot_frame,-0.625274594282,1.36173445875,-0.231040615728,0.0614386249823,-0.134956659541,0.877405731916,0.456257796654
1492807376625592029,0,1492807376624820948,odom,robot_frame,-0.608926332385,1.38191129952,-0.228072667971,0.0558605083884,-0.132806581845,0.875243893666,0.461725180189
1492807376725526366,0,1492807376719542980,odom,robot_frame,-0.589040570496,1.39969474838,-0.230745324064,0.0495306804868,-0.131531466856,0.873241681476,0.466578129203
1492807376825574938,0,1492807376823093414,odom,robot_frame,-0.569566099932,1.41883068799,-0.22550270889,0.0385567732466,-0.126954805572,0.871678516399,0.47177581183
1492807376925579848,0,1492807376924577713,odom,robot_frame,-0.549175801459,1.43690796412,-0.222787826393,0.0305753532613,-0.12556890605,0.869424390714,0.476863530202
1492807377025563905,0,1492807377016025066,odom,robot_frame,-0.533693782783,1.45344115379,-0.224622874933,0.0261182816213,-0.125951212879,0.866928016046,0.481549522204
1492807377125575187,0,1492807377122694254,odom,robot_frame,-0.518800001139,1.47274720777,-0.228081920241,0.0225625218378,-0.12716535348,0.863715007726,0.48715119923
1492807377225580466,0,1492807377224277973,odom,robot_frame,-0.496198402923,1.48828661765,-0.224594768214,0.0236084355342,-0.129412417062,0.860380275941,0.492382827537
1492807377325584739,0,1492807377312781096,odom,robot_frame,-0.481810053778,1.50205373407,-0.22768489657,0.0280435021092,-0.131553613461,0.857256287888,0.497009925103
1492807377425903945,0,1492807377422313929,odom,robot_frame,-0.45591639048,1.51750838083,-0.22469925131,0.0387230133163,-0.137099318351,0.852290542117,0.503294284654
1492807377525520655,0,1492807377524062395,odom,robot_frame,-0.432210082387,1.53113869874,-0.224147365055,0.0474120221584,-0.14063417674,0.848060044259,0.508692726328
1492807377625528124,0,1492807377610712051,odom,robot_frame,-0.41381866479,1.54384236385,-0.221560853983,0.0519371469633,-0.142156120216,0.844977854095,0.512939174113
1492807377725572166,0,1492807377722176313,odom,robot_frame,-0.381285916253,1.55670592966,-0.227027909659,0.0520109324924,-0.142082360567,0.841693784894,0.518323295047
1492807377825534515,0,1492807377823632717,odom,robot_frame,-0.359171565115,1.57191866585,-0.224462086365,0.0459430806653,-0.139500931209,0.839699482589,0.522813066468
1492807377925728614,0,1492807377925230980,odom,robot_frame,-0.329757646783,1.58418579811,-0.227449188257,0.036753397121,-0.135814705932,0.837814830532,0.527512903342
1492807378025535694,0,1492807378006380320,odom,robot_frame,-0.309873992588,1.59514305326,-0.222090768428,0.0293826030859,-0.132974727608,0.836042463949,0.531495421361
1492807378125656555,0,1492807378123064041,odom,robot_frame,-0.280397352338,1.60865204694,-0.221446744833,0.0208116662681,-0.129587405289,0.833243022773,0.537103382914
1492807378225598011,0,1492807378224565268,odom,robot_frame,-0.257932831558,1.62046755456,-0.224598306088,0.016795935908,-0.127892634814,0.831077486792,0.540991295165
1492807378325580143,0,1492807378305876255,odom,robot_frame,-0.234683120683,1.62738507678,-0.221851760771,0.0159366390161,-0.127500171734,0.829571141048,0.543416462472
1492807378425603352,0,1492807378422632933,odom,robot_frame,-0.205001311834,1.63851247588,-0.222226743128,0.0191178186187,-0.129134014103,0.827466964326,0.546129415396
1492807378525587949,0,1492807378524149656,odom,robot_frame,-0.183960251919,1.65072249312,-0.228532957602,0.0245541018429,-0.131906370954,0.825347823715,0.548451251501
1492807378625728346,0,1492807378605418444,odom,robot_frame,-0.165013480654,1.65904022263,-0.233027570202,0.0301288501242,-0.134695133047,0.82313471207,0.550816411619
1492807378725609623,0,1492807378722556114,odom,robot_frame,-0.136302395677,1.66643696315,-0.229211537168,0.0415774524122,-0.140157813874,0.818454869757,0.555660623791
1492807378825587399,0,1492807378823997974,odom,robot_frame,-0.112079356732,1.67284489649,-0.229356170431,0.0511369468993,-0.144436180035,0.813898865176,0.560438970651
1492807378925568491,0,1492807378905230284,odom,robot_frame,-0.0880561868247,1.67675123015,-0.232394775361,0.0570003603726,-0.147096363813,0.810361917886,0.564293523541
1492807379025533858,0,1492807379022401094,odom,robot_frame,-0.0706968766888,1.68745917877,-0.226662895114,0.0599485527965,-0.148633276109,0.806259897414,0.569437703417
1492807379125535464,0,1492807379123639107,odom,robot_frame,-0.0288660025392,1.68699138005,-0.231704483207,0.0559039461026,-0.146969833481,0.804522397964,0.572728843373
1492807379225693091,0,1492807379205023050,odom,robot_frame,-0.014841259278,1.69424024754,-0.227492359803,0.0484744511756,-0.143537911094,0.804192324021,0.574736288786
1492807379325529547,0,1492807379321906805,odom,robot_frame,0.00946495083875,1.70398312306,-0.221540735634,0.0333439024412,-0.136010179871,0.804592346515,0.577079345559
1492807379425583226,0,1492807379423424006,odom,robot_frame,0.0371253936211,1.71068156226,-0.221552218972,0.0207880400037,-0.129369174947,0.804925945272,0.578727653214
1492807379525515513,0,1492807379525014400,odom,robot_frame,0.0625462839359,1.71785043329,-0.225210766031,0.0108337805575,-0.12398685313,0.804729203162,0.580448791047
1492807379625562782,0,1492807379621670246,odom,robot_frame,0.0882978893093,1.72319877039,-0.22674792791,0.00539713688168,-0.121327343136,0.803882835945,0.582256758478
1492807379725577717,0,1492807379723268747,odom,robot_frame,0.122369061674,1.72267528189,-0.225037402489,0.00485297768354,-0.121824257949,0.802438218457,0.584147416619
1492807379825560769,0,1492807379824881315,odom,robot_frame,0.13719630916,1.73498947269,-0.232567861365,0.00949178565869,-0.125786258605,0.800192597145,0.586327153239
1492807379925769576,0,1492807379913537025,odom,robot_frame,0.163821005348,1.73505431935,-0.231764935411,0.0157374020398,-0.129670349497,0.797891658857,0.588478406881
1492807380025555957,0,1492807380022932529,odom,robot_frame,0.198015480055,1.73325269839,-0.226696574328,0.0262662182828,-0.13802842008,0.793827503006,0.591689222902
1492807380125680950,0,1492807380124457598,odom,robot_frame,0.225993952493,1.73535447332,-0.229196249141,0.0341639307027,-0.142848745984,0.790453571044,0.594651337873
1492807380225599473,0,1492807380209831953,odom,robot_frame,0.24812896021,1.737347923,-0.228704508121,0.0390303651068,-0.145053003592,0.78801695621,0.597047346091
1492807380325565665,0,1492807380322603464,odom,robot_frame,0.276365081006,1.74081899502,-0.229560067896,0.0430404992755,-0.146425626683,0.785181123435,0.600164689626
1492807380425562688,0,1492807380424144506,odom,robot_frame,0.300397298396,1.74405018083,-0.230321433866,0.0428367067003,-0.145262671513,0.783637695177,0.602474676249
1492807380525565311,0,1492807380507021904,odom,robot_frame,0.30939740169,1.75242385463,-0.224622876092,0.040571615177,-0.143404659914,0.782873820607,0.604067569536
1492807380625543508,0,1492807380622226000,odom,robot_frame,0.336555458786,1.75553656913,-0.224324039435,0.0347820705689,-0.139467937467,0.782411149884,0.605946940353
1492807380725580646,0,1492807380723759174,odom,robot_frame,0.359899969722,1.75856600655,-0.221174675392,0.0288478574868,-0.136164254479,0.78227580485,0.607183384215
1492807380825566439,0,1492807380805017710,odom,robot_frame,0.38505957321,1.75882253109,-0.227689353307,0.0244451622665,-0.134170751483,0.78209674829,0.608050425378
1492807380925561104,0,1492807380921772957,odom,robot_frame,0.417573953359,1.75938418426,-0.229642430184,0.0194706591385,-0.132551051207,0.781456424706,0.609407063089
1492807381025553889,0,1492807381023456573,odom,robot_frame,0.446513461316,1.75820013211,-0.228254694924,0.0171064365232,-0.132114550939,0.780461104711,0.610846608645
1492807381125522999,0,1492807381125126839,odom,robot_frame,0.473279570443,1.75844912633,-0.22965488102,0.0166163571163,-0.13235684224,0.779208261222,0.612405134394
1492807381225573092,0,1492807381206385612,odom,robot_frame,0.493710023608,1.75902348104,-0.231953461879,0.0171257854286,-0.132683762313,0.778165026289,0.613645596866
1492807381325517141,0,1492807381324007988,odom,robot_frame,0.526665081354,1.75599340154,-0.230745324561,0.0195551842939,-0.133688291004,0.776623290624,0.615305858965
1492807381425689618,0,1492807381424872160,odom,robot_frame,0.554821509967,1.75205428905,-0.227091818447,0.0227378390921,-0.135356439864,0.77533985163,0.616449299891
1492807381525586338,0,1492807381506171465,odom,robot_frame,0.576372836926,1.75004489504,-0.227087365888,0.0254194099359,-0.137051240956,0.774231894621,0.617361955664
1492807381625605076,0,1492807381622858763,odom,robot_frame,0.608547496274,1.74718442747,-0.230757688257,0.0298187145925,-0.140435168953,0.772228179375,0.618912309266
1492807381725600520,0,1492807381724352360,odom,robot_frame,0.63477308705,1.74480789716,-0.228752613772,0.0335523142215,-0.143491478303,0.770355734064,0.620351900826
1492807381825897628,0,1492807381805570841,odom,robot_frame,0.660962015304,1.74026481891,-0.231778468898,0.0358868622537,-0.145523672345,0.768906681082,0.621544455122
1492807381925561099,0,1492807381922424078,odom,robot_frame,0.69022942749,1.73935757994,-0.227644934681,0.0371597835556,-0.147261747459,0.767206624016,0.62315898797
1492807382025518655,0,1492807382024070501,odom,robot_frame,0.724789416094,1.73167658568,-0.230463638163,0.0351604974689,-0.14690155859,0.766380490793,0.624375379746
1492807382125622782,0,1492807382105390787,odom,robot_frame,0.739500202508,1.73770366568,-0.22203233991,0.0311499187742,-0.144812125506,0.766160014856,0.625346274078
1492807382225555004,0,1492807382222237349,odom,robot_frame,0.777331016171,1.73002126169,-0.227665299989,0.0225707556673,-0.139550409595,0.766266213564,0.626779334471
1492807382325553218,0,1492807382323770761,odom,robot_frame,0.80494976579,1.7282232415,-0.232050790244,0.0149490042125,-0.134234370752,0.766454657455,0.627937034302
1492807382425719674,0,1492807382405053616,odom,robot_frame,0.836299122458,1.72355059513,-0.222859934763,0.0101179412002,-0.130524719071,0.766474644762,0.628790540573
1492807382525532808,0,1492807382521889210,odom,robot_frame,0.866381375837,1.72277513141,-0.225815750044,0.00643839457994,-0.126933167735,0.766127857761,0.629995732975
1492807382625618236,0,1492807382623510838,odom,robot_frame,0.896194878691,1.7176257104,-0.226392484932,0.00753743589453,-0.12665161096,0.765308449361,0.631035287316
1492807382725575535,0,1492807382725144625,odom,robot_frame,0.922911512667,1.71500848067,-0.228968575759,0.0120131519812,-0.129117401292,0.763839237512,0.632245205676
1492807382825606923,0,1492807382809185028,odom,robot_frame,0.948438960291,1.7072964225,-0.227684897257,0.0170639712916,-0.132388433723,0.762184806092,0.633448060115
1492807382925586139,0,1492807382923193932,odom,robot_frame,0.980453093356,1.70068530977,-0.227867436933,0.0247197139862,-0.138890194852,0.759220841398,0.635359869288
1492807383025650157,0,1492807383024793148,odom,robot_frame,1.00818883825,1.69365314097,-0.225623980603,0.0303737713972,-0.14387241986,0.756846454394,0.636837188994
1492807383125553196,0,1492807383106116295,odom,robot_frame,1.03486892653,1.68740881525,-0.228704905858,0.0334345068937,-0.146694740053,0.7554712922,0.637672261942
1492807383225639652,0,1492807383222892523,odom,robot_frame,1.06213913616,1.68858623848,-0.224767541698,0.0344430504498,-0.148050472156,0.754645846482,0.638282367262
1492807383325539473,0,1492807383324490309,odom,robot_frame,1.0945050523,1.68211144381,-0.227238359366,0.0314934690292,-0.146271611771,0.754991065345,0.638436581226
1492807383425624859,0,1492807383405667067,odom,robot_frame,1.11260214191,1.68492845012,-0.22361395079,0.0273191801911,-0.143614338631,0.75554649364,0.638575038725
1492807383525562465,0,1492807383522404194,odom,robot_frame,1.14490939117,1.68103875739,-0.222887414365,0.019768115561,-0.138865654471,0.756198318032,0.639131954623
1492807383625526088,0,1492807383623923540,odom,robot_frame,1.17290783263,1.67182604845,-0.230547549384,0.0128961255701,-0.13447587831,0.756333539228,0.640085545484
1492807383725586475,0,1492807383705167532,odom,robot_frame,1.2014990828,1.66262454774,-0.222598547202,0.00769977117229,-0.131111867222,0.756180414006,0.6410472473
1492807383825532844,0,1492807383821936607,odom,robot_frame,1.2379980676,1.65005071549,-0.219569259964,0.00222290435804,-0.127683448769,0.755290124751,0.642828766516
1492807383925527269,0,1492807383923479795,odom,robot_frame,1.25970185436,1.64879850228,-0.222582888517,0.00130728430192,-0.127212497027,0.754066400699,0.644359476491
1492807384025561087,0,1492807384025057077,odom,robot_frame,1.27591781529,1.65543393633,-0.228811502494,0.00432811699576,-0.129087466245,0.752524408879,0.645774502053
1492807384125564618,0,1492807384106233597,odom,robot_frame,1.29412428156,1.65568203127,-0.231978422296,0.0093841150972,-0.132152196647,0.751096290246,0.646762783472
1492807384225590360,0,1492807384223104000,odom,robot_frame,1.32722780962,1.64780087635,-0.231778221014,0.0198296104456,-0.138564231692,0.748869324732,0.647766527941
1492807384325605780,0,1492807384324587584,odom,robot_frame,1.35405366418,1.6424727215,-0.229931610822,0.0285236027277,-0.144157513807,0.747139983885,0.64821821926
1492807384425590659,0,1492807384405920267,odom,robot_frame,1.3805677048,1.63579966807,-0.233180597249,0.033877091945,-0.147884278105,0.74605398753,0.648371830527
1492807384525549455,0,1492807384522847414,odom,robot_frame,1.39787894052,1.64203572549,-0.226684299909,0.0365285036828,-0.150319022983,0.74531140777,0.648521985129
1492807384625553495,0,1492807384624310970,odom,robot_frame,1.4318530723,1.62925635382,-0.229924527574,0.0329531396725,-0.148950795902,0.745368875114,0.648963012041
1492807384725705816,0,1492807384705460072,odom,robot_frame,1.44954837857,1.62928163963,-0.227785353756,0.0269516299812,-0.145876799519,0.745609777509,0.649661164521
1492807384825563520,0,1492807384822221518,odom,robot_frame,1.47644460945,1.62903566879,-0.22253452896,0.0152396807265,-0.139036873124,0.745829335743,0.651287265336
1492807384925576333,0,1492807384923758984,odom,robot_frame,1.50432342802,1.62224706871,-0.221398233151,0.00663767165309,-0.133353612744,0.745586207997,0.652896593442
1492807385025598847,0,1492807385005071163,odom,robot_frame,1.52456796561,1.61768430883,-0.222706094963,0.00246648119192,-0.130033028346,0.745203400769,0.654031512614
1492807385125586726,0,1492807385121882677,odom,robot_frame,1.56419983784,1.60202850659,-0.219682929436,0.0011324640668,-0.127638273739,0.74447973945,0.65532976901
1492807385225577564,0,1492807385223399878,odom,robot_frame,1.58356595171,1.6062060068,-0.22680266368,0.00444366217296,-0.128485398439,0.743710149332,0.656023604785
1492807385325561326,0,1492807385324976444,odom,robot_frame,1.6136428191,1.59639265563,-0.228981957074,0.0104841425221,-0.131488980662,0.74271447659,0.656487575651
1492807385425550165,0,1492807385409419060,odom,robot_frame,1.6385565756,1.58708913525,-0.229724916352,0.0158919118626,-0.134519115768,0.741726127091,0.656882338795
1492807385525620019,0,1492807385522934914,odom,robot_frame,1.66939528527,1.57822220317,-0.229748561077,0.0223460365693,-0.139783736232,0.739719941112,0.657856800874
1492807385625529769,0,1492807385624325037,odom,robot_frame,1.69659449378,1.5712248915,-0.229927663583,0.0249507232777,-0.14277282397,0.737864892309,0.659203142318
1492807385725560100,0,1492807385706069946,odom,robot_frame,1.71723207822,1.56831121687,-0.228704508189,0.0247731942644,-0.143822574976,0.736435891918,0.660578180739
1492807385825569779,0,1492807385822242498,odom,robot_frame,1.74772972413,1.56525289631,-0.226833950792,0.0217193818877,-0.143361636414,0.734816308894,0.662586373115
1492807385925531060,0,1492807385923826933,odom,robot_frame,1.77452621918,1.56287464798,-0.224739266964,0.0173505981477,-0.141438235622,0.734187342084,0.66382462215
1492807386025554567,0,1492807386004999161,odom,robot_frame,1.7995866468,1.55381213388,-0.230763396442,0.0127541898868,-0.138982793851,0.734316785416,0.664304126368
1492807386125537462,0,1492807386106413364,odom,robot_frame,1.83347040267,1.54640531155,-0.217556265504,0.0069184428469,-0.135389084149,0.734851676647,0.664541153257
1492807386225588738,0,1492807386223265409,odom,robot_frame,1.85395836079,1.54233763781,-0.228662903736,0.00279762388802,-0.132622869073,0.735139212026,0.664811015884
1492807386325586029,0,1492807386324814320,odom,robot_frame,1.8877232305,1.52827095999,-0.224873798691,0.00187173614674,-0.131479122163,0.73475570894,0.665465089406
1492807386425585552,0,1492807386406044006,odom,robot_frame,1.90678188744,1.52335869899,-0.227022840789,0.0023501129458,-0.131060894608,0.733931072656,0.666455324432
1492807386525556350,0,1492807386523045063,odom,robot_frame,1.93774851406,1.51251828594,-0.227684897042,0.00491379855158,-0.13167306319,0.731930364353,0.668517763976
1492807386625542842,0,1492807386624331713,odom,robot_frame,1.96742795598,1.49786282758,-0.223768896587,0.00804328762095,-0.133135002475,0.729814203033,0.670508468024
1492807386725658687,0,1492807386705647230,odom,robot_frame,1.98788649806,1.49726712365,-0.229142317631,0.0108199063981,-0.134706044363,0.728131673448,0.671983241874
1492807386825558488,0,1492807386822481871,odom,robot_frame,2.01766623848,1.48671059887,-0.224651404778,0.0150714639238,-0.137527217541,0.726111902058,0.673513638393
1492807386925554555,0,1492807386923974991,odom,robot_frame,2.04411193865,1.48174611293,-0.225287765754,0.0183356475275,-0.139927851729,0.725061076619,0.674070052378
1492807387025577865,0,1492807387005225897,odom,robot_frame,2.07200065664,1.47493028706,-0.231926531158,0.0205085183579,-0.141573627117,0.724572746809,0.674188878106
1492807387125521326,0,1492807387116797924,odom,robot_frame,2.08856922137,1.48095862616,-0.22564328451,0.022403909578,-0.142834963415,0.723999474138,0.67447831656
1492807387225548154,0,1492807387223542213,odom,robot_frame,2.12024736184,1.47297681269,-0.229576467896,0.0224006063236,-0.143541683831,0.723017644013,0.675380991948
1492807387325548983,0,1492807387325130463,odom,robot_frame,2.13998544181,1.47519694295,-0.225330626496,0.0190035189059,-0.141786031141,0.721879844308,0.67707095494
1492807387425568070,0,1492807387414602995,odom,robot_frame,2.16449011224,1.47075014327,-0.224622875403,0.0135075250612,-0.139537388698,0.720533958423,0.679100639583
1492807387525553494,0,1492807387523108959,odom,robot_frame,2.19449690127,1.46501047118,-0.222264707128,0.00364422858198,-0.13237808531,0.719393768937,0.681861692238
1492807387625838220,0,1492807387624619246,odom,robot_frame,2.21808601984,1.46136324249,-0.225297089022,-0.00364018543093,-0.127842327798,0.718390304691,0.683782464238
1492807387725573340,0,1492807387711608887,odom,robot_frame,2.24165734444,1.45575629099,-0.224622875359,-0.00676641737894,-0.12644915604,0.717617594672,0.684828310125
1492807387825625311,0,1492807387822879314,odom,robot_frame,2.27042793607,1.44874842003,-0.224933296466,-0.00536368192843,-0.128722144403,0.716714415711,0.685362886921
1492807387925588139,0,1492807387924490929,odom,robot_frame,2.29913010123,1.43801071919,-0.224632523778,0.000690306812171,-0.133982123659,0.715769414396,0.685363012885
1492807388025561062,0,1492807388008400917,odom,robot_frame,2.31919056503,1.43315109096,-0.226662894415,0.00729650365855,-0.138736454532,0.71482085163,0.685368592287
1492807388125584319,0,1492807388122735977,odom,robot_frame,2.34702693246,1.4272755351,-0.226558921943,0.015925080996,-0.145142566318,0.7129110849,0.685884693126
1492807388225632872,0,1492807388224323511,odom,robot_frame,2.37710222703,1.41713801719,-0.2331616912,0.0202841708862,-0.147863023639,0.711206620123,0.686957220026
1492807388325699942,0,1492807388305566072,odom,robot_frame,2.38731512862,1.42828164816,-0.227687866523,0.0210864691097,-0.148122445713,0.709809016938,0.688321335838
1492807388425526765,0,1492807388422322273,odom,robot_frame,2.41989289523,1.41641669435,-0.229774851529,0.0180217076808,-0.145573409868,0.707957489473,0.690854393842
1492807388525568599,0,1492807388523852587,odom,robot_frame,2.44289106548,1.41665950457,-0.227743505968,0.0125625008904,-0.14146177049,0.706695305974,0.693117952138
1492807388625654157,0,1492807388605167389,odom,robot_frame,2.46132921185,1.4179262327,-0.224641397113,0.00745270133068,-0.137569669206,0.705893633973,0.69479005525
1492807388725716337,0,1492807388722057104,odom,robot_frame,2.49212152722,1.41160402704,-0.222240640138,0.000621334347061,-0.132151254557,0.704962142359,0.696824251661
1492807388825561613,0,1492807388823654413,odom,robot_frame,2.51336352391,1.41074832568,-0.229669506439,-0.00227421232221,-0.129644953251,0.704154536853,0.698107013491
1492807388925716234,0,1492807388925288916,odom,robot_frame,2.54849365325,1.38777592405,-0.224290188122,-0.00197750933689,-0.129787745159,0.703154770646,0.699088405841
1492807389025763256,0,1492807389006530762,odom,robot_frame,2.57234692214,1.37597803863,-0.223314706168,0.000382798363806,-0.13178209461,0.702111378874,0.699766350049
1492807389125529913,0,1492807389123360157,odom,robot_frame,2.60202804693,1.36789054533,-0.225656053684,0.00571805165708,-0.136568876827,0.700115506899,0.700824173932
1492807389225605068,0,1492807389224847317,odom,robot_frame,2.62767541676,1.36023030485,-0.227181655223,0.00999290135187,-0.140756313891,0.69824016015,0.701817982653
1492807389325579794,0,1492807389306074619,odom,robot_frame,2.64906073521,1.35403189158,-0.229358839343,0.0126782088616,-0.143664706013,0.696651900057,0.702763008
1492807389425575079,0,1492807389422908306,odom,robot_frame,2.67389237423,1.35400336792,-0.226735834542,0.0133156597558,-0.14508300444,0.694772279695,0.704318886865
1492807389525613911,0,1492807389524530172,odom,robot_frame,2.69865799246,1.35061151688,-0.227279397586,0.0114033406592,-0.143884703978,0.69377650589,0.705578709754
1492807389625600778,0,1492807389605756998,odom,robot_frame,2.71917826715,1.34645700106,-0.228530444445,0.00931120284077,-0.14213523468,0.693282088607,0.706449447718
1492807389725559163,0,1492807389722557068,odom,robot_frame,2.74690594996,1.34369638532,-0.226821480247,0.00666049793061,-0.139469474917,0.69275612463,0.707525868871
1492807389825583783,0,1492807389824135065,odom,robot_frame,2.77242131533,1.33575142107,-0.229624855517,0.00527705391376,-0.137901037455,0.692126253352,0.708460800603
1492807389925585583,0,1492807389905421257,odom,robot_frame,2.79253991548,1.32867760613,-0.231822343785,0.00463335021578,-0.137085338376,0.691328456695,0.709401936163
1492807390025585309,0,1492807390022178650,odom,robot_frame,2.82100683376,1.31513013492,-0.229908362526,0.00418775817502,-0.136419126573,0.689504664219,0.711305562052
1492807390125655954,0,1492807390123721600,odom,robot_frame,2.84540638792,1.30377141382,-0.230388900107,0.00423162218195,-0.136320786731,0.687493966387,0.713267679529
1492807390225812251,0,1492807390205046177,odom,robot_frame,2.86426974929,1.29168338543,-0.226222044882,0.00426609310603,-0.136322056048,0.685771784448,0.714923182684
1492807390325590851,0,1492807390321979284,odom,robot_frame,2.89188471233,1.27915546539,-0.225745001047,0.00387949080286,-0.136496063141,0.683546880309,0.717019830073
1492807390425569407,0,1492807390423523664,odom,robot_frame,2.91699340308,1.27172659893,-0.230043604401,0.00367558978218,-0.137446413992,0.682125401355,0.718192112284
1492807390525558690,0,1492807390525164843,odom,robot_frame,2.94097102267,1.26229706866,-0.229212489071,0.00373298361971,-0.138908357996,0.681165374367,0.718821442137
1492807390625552381,0,1492807390607830048,odom,robot_frame,2.96075883498,1.2551949306,-0.229724916162,0.00400525564569,-0.140047964811,0.680612344632,0.719122633362
1492807390725691741,0,1492807390723274231,odom,robot_frame,2.98852178462,1.2468098111,-0.227311656364,0.00432876579069,-0.140775280993,0.679884168368,0.719667353471
1492807390825599860,0,1492807390824959278,odom,robot_frame,3.01348944597,1.23557102392,-0.233171751019,0.00454883001079,-0.140567031785,0.678925796783,0.720610838236
1492807390925578415,0,1492807390906173229,odom,robot_frame,3.03265397731,1.2297037411,-0.230756341271,0.00415811824239,-0.139771174213,0.677806635729,0.721820541044
1492807391025569049,0,1492807391022977352,odom,robot_frame,3.0598183213,1.21927279661,-0.226713026836,0.00229284654661,-0.1379686683,0.675493017476,0.724340094682
1492807391125566653,0,1492807391124685287,odom,robot_frame,3.08405284587,1.20895967995,-0.230617599968,-0.000276388435448,-0.136298869246,0.673247743293,0.726746185407
1492807391225559089,0,1492807391205978394,odom,robot_frame,3.10432395808,1.19784970541,-0.224601467008,-0.00236158783088,-0.135272003042,0.67161848858,0.728439780554
1492807391325583215,0,1492807391322850466,odom,robot_frame,3.12849530108,1.19508050384,-0.231295635347,-0.00349789340428,-0.135657825103,0.669671386714,0.730154061172
1492807391425509379,0,1492807391424809933,odom,robot_frame,3.15546382679,1.18207482474,-0.229724916548,-0.00235769904521,-0.137286349564,0.66854237063,0.730888499124
1492807391525578246,0,1492807391505630493,odom,robot_frame,3.17927768498,1.17041383362,-0.223837290078,-0.000121288252715,-0.139226728604,0.667756496294,0.731243574323
1492807391625576923,0,1492807391622403145,odom,robot_frame,3.20732739883,1.1604735751,-0.228924090195,0.00353196860974,-0.141492859752,0.666550122431,0.731900423639
1492807391725590288,0,1492807391723892450,odom,robot_frame,3.23078524901,1.15335276823,-0.230795088588,0.00509190789295,-0.141823157838,0.665408652625,0.732865328275
1492807391825578460,0,1492807391805142164,odom,robot_frame,3.24589931891,1.15380376658,-0.22791722306,0.0046775256863,-0.140842152227,0.664496532281,0.733884164903
1492807391925558939,0,1492807391906522036,odom,robot_frame,3.27076856051,1.14678041501,-0.229369483891,0.00223793966335,-0.138458884912,0.663417375541,0.735324088172
1492807392025520339,0,1492807392023350239,odom,robot_frame,3.29960303416,1.13930940426,-0.228738092642,-0.00256502530702,-0.134767593217,0.662407361915,0.736917636744
1492807392125580227,0,1492807392124999285,odom,robot_frame,3.32672467641,1.12642320559,-0.224807950985,-0.00624695782845,-0.132472681813,0.661656259259,0.737985744221
1492807392225663446,0,1492807392206352949,odom,robot_frame,3.34548875991,1.12469463288,-0.228206414764,-0.00789362458147,-0.131848488587,0.660826247848,0.738824970412
1492807392325555678,0,1492807392323256731,odom,robot_frame,3.37619182935,1.11165936505,-0.228854145016,-0.00728282273179,-0.133392935145,0.6590679221,0.740123475783
1492807392425615830,0,1492807392424885750,odom,robot_frame,3.40644311494,1.09009980548,-0.224246327066,-0.00478277144508,-0.136051104303,0.657118414949,0.741392346096
1492807392525536821,0,1492807392506185532,odom,robot_frame,3.4242315774,1.09021480092,-0.232811599086,-0.00251851115214,-0.138167060153,0.655655168502,0.742307093194
1492807392625522761,0,1492807392623028278,odom,robot_frame,3.45196091226,1.078864683,-0.227852719412,0.00079260826616,-0.141061914099,0.654084525407,0.743151627722
1492807392725681460,0,1492807392724575281,odom,robot_frame,3.47249153083,1.07754688651,-0.222930338235,0.00240597924688,-0.142296910853,0.653540877247,0.743390961872
1492807392825543750,0,1492807392805871248,odom,robot_frame,3.49372945658,1.06897245802,-0.224841324594,0.00261479564941,-0.142398024775,0.653421850766,0.743475520999
1492807392925580555,0,1492807392922644377,odom,robot_frame,3.52162037385,1.062598119,-0.223578377888,0.000385017140697,-0.140632297785,0.653377355455,0.743855120276
1492807393025690105,0,1492807393024166107,odom,robot_frame,3.54688250638,1.05546326501,-0.223621483735,-0.00373058044492,-0.137484631925,0.653292838296,0.744508244538
1492807393125615720,0,1492807393105511189,odom,robot_frame,3.56468002037,1.04790023309,-0.231274676169,-0.00755002289731,-0.134532935741,0.65323535295,0.745068761935
1492807393225603864,0,1492807393222306013,odom,robot_frame,3.60042840437,1.02963959275,-0.223869791708,-0.0117593021706,-0.130980298996,0.653080876372,0.745782306712
1492807393325591611,0,1492807393323878527,odom,robot_frame,3.61528600609,1.0389183857,-0.232079003825,-0.0123194871806,-0.129904862298,0.652665928426,0.74632442199
1492807393425727544,0,1492807393405093908,odom,robot_frame,3.64417899815,1.01434363724,-0.228078906213,-0.0101817675868,-0.131082169684,0.65181099694,0.746897731063
1492807393525582795,0,1492807393521993399,odom,robot_frame,3.67413207911,0.997231323704,-0.22814188418,-0.00323188964855,-0.136561863564,0.649583807359,0.747917969784
1492807393625634363,0,1492807393623545408,odom,robot_frame,3.69648942748,0.986543108182,-0.226398617002,0.00259684127852,-0.141970586418,0.647290864198,0.748900625006
1492807393725525665,0,1492807393725116253,odom,robot_frame,3.71856232894,0.980076668468,-0.225218890963,0.00585137383703,-0.145918316561,0.64545073013,0.749711251944
1492807393825584534,0,1492807393806379080,odom,robot_frame,3.73821689573,0.977217695961,-0.224633059587,0.00501450146459,-0.146298106385,0.644842505394,0.750166556226
1492807393925564523,0,1492807393923353672,odom,robot_frame,3.77010458035,0.967816357977,-0.225801872673,0.000316017781027,-0.143751014015,0.645116679083,0.750439881984
1492807394025523110,0,1492807394025084257,odom,robot_frame,3.79600793393,0.965810761955,-0.225654668235,-0.00392749591179,-0.140783231806,0.645809226378,0.750396628153
1492807394125558948,0,1492807394106271982,odom,robot_frame,3.81780439777,0.963227978059,-0.224791980315,-0.00615387190323,-0.138887784664,0.646309078894,0.750304529955
1492807394225588991,0,1492807394223211765,odom,robot_frame,3.84398113652,0.957973639256,-0.231255829254,-0.00704465591698,-0.1372010905,0.646672484272,0.750293896866
1492807394325556524,0,1492807394324856043,odom,robot_frame,3.87715113463,0.945055022395,-0.225746748874,-0.00589243551077,-0.136946604257,0.646556422679,0.750450330854
1492807394425737729,0,1492807394406145573,odom,robot_frame,3.89885352327,0.934980952736,-0.222809259521,-0.0048022757652,-0.136827472411,0.646221299302,0.750768415206
1492807394525570923,0,1492807394522954226,odom,robot_frame,3.92841418193,0.930034256974,-0.22979604831,-0.00413349424879,-0.136285002234,0.645453016572,0.751531580035
1492807394625543333,0,1492807394624605179,odom,robot_frame,3.95445849535,0.922735459951,-0.231866595998,-0.00462753428215,-0.135717706748,0.644535634549,0.752418172161
1492807394725712289,0,1492807394705747366,odom,robot_frame,3.97498975186,0.915840951647,-0.231930865795,-0.00575384007838,-0.135250471673,0.643701060148,0.75320856899
1492807394825574448,0,1492807394822457790,odom,robot_frame,4.00369115343,0.897454821209,-0.222923353947,-0.00780430536377,-0.134853147127,0.64264996939,0.754158297953
1492807394925567921,0,1492807394923891068,odom,robot_frame,4.02986513153,0.891615524592,-0.223704273461,-0.00913773124838,-0.134716380852,0.642311727904,0.754455858745
1492807395025563727,0,1492807395005162477,odom,robot_frame,4.04989553842,0.88971345179,-0.225859097168,-0.00933597979003,-0.134905685292,0.642487454114,0.754269956225
1492807395125653120,0,1492807395122189760,odom,robot_frame,4.07939599255,0.885666872373,-0.227461846455,-0.00710048000437,-0.136495891278,0.6430451764,0.753532584535
1492807395225781765,0,1492807395223843336,odom,robot_frame,4.10445467593,0.881946646907,-0.228805944444,-0.00352259693471,-0.138913738451,0.643098411859,0.753070380008
1492807395325766033,0,1492807395305071592,odom,robot_frame,4.12355402031,0.878414708286,-0.227720529499,-0.000391475880009,-0.141199559702,0.642539661508,0.753130343617
1492807395425584554,0,1492807395406497240,odom,robot_frame,4.15010214573,0.867676432036,-0.229647636031,0.002815198827,-0.143929591583,0.641166478039,0.753778412242
1492807395525536098,0,1492807395523335218,odom,robot_frame,4.17278284392,0.866123870671,-0.225543842502,0.00421117113,-0.145915602678,0.639400135653,0.754889640583
1492807395625751164,0,1492807395624911308,odom,robot_frame,4.2029694665,0.843513456981,-0.228576063012,0.00238052818878,-0.14535357207,0.638653977724,0.755637326308
1492807395725571489,0,1492807395706130743,odom,robot_frame,4.22049424409,0.842985393773,-0.226466542688,-0.0005233159797,-0.143572296446,0.63877422779,0.755879757465
1492807395825595404,0,1492807395822919369,odom,robot_frame,4.24826058359,0.841409016093,-0.223541367059,-0.00481620968605,-0.140313122941,0.640048159575,0.755398825178
1492807395925526355,0,1492807395924467325,odom,robot_frame,4.27303621881,0.836800321235,-0.223433124053,-0.00731945337789,-0.137822108106,0.6414724936,0.754628737907
1492807396025563272,0,1492807396005779982,odom,robot_frame,4.2876788697,0.835067554496,-0.227681615308,-0.00850842668595,-0.136200488746,0.642308007031,0.754199879107
1492807396125549732,0,1492807396122580290,odom,robot_frame,4.31639517937,0.827057962768,-0.226668343821,-0.00878473094582,-0.134961843547,0.642464296807,0.754286256415
1492807396225627018,0,1492807396224184752,odom,robot_frame,4.34090211114,0.818058473719,-0.225814787274,-0.00796388929237,-0.134963937514,0.641831215097,0.754833758761
1492807396325554104,0,1492807396305527687,odom,robot_frame,4.35801821807,0.820938048815,-0.230266689227,-0.00677025384683,-0.135678324364,0.641131999941,0.755311402411
1492807396425550185,0,1492807396422298670,odom,robot_frame,4.38575726587,0.808627852538,-0.227897152097,-0.00410379657366,-0.138048520507,0.640383789251,0.755535814707
1492807396525532353,0,1492807396523893833,odom,robot_frame,4.40826786246,0.80192005522,-0.224926771925,-0.00151768675559,-0.140673061576,0.640169339715,0.755243009145
1492807396625545407,0,1492807396624737024,odom,robot_frame,4.43343165373,0.796927300058,-0.225643283447,0.001350860947,-0.142478677355,0.640447509738,0.754668794203
1492807396725566537,0,1492807396706544638,odom,robot_frame,4.45602410717,0.789014125427,-0.227736792759,0.00314214242198,-0.145588678543,0.64048479827,0.754037987641
1492807396825659477,0,1492807396823492050,odom,robot_frame,4.4839650177,0.787955407323,-0.227034583569,0.0041139645738,-0.146919766331,0.641025127622,0.75331563326
1492807396925556987,0,1492807396925157309,odom,robot_frame,4.51204935489,0.776279401541,-0.229761244628,0.00246254072476,-0.145610898402,0.641901794002,0.752830318875
1492807397025586892,0,1492807397006392241,odom,robot_frame,4.53133220845,0.780445509968,-0.227779717738,-2.60782613725e-05,-0.143249656989,0.642932453304,0.75240773227
1492807397125574237,0,1492807397123290777,odom,robot_frame,4.56148826216,0.770898151975,-0.232402556123,-0.00467060285093,-0.138516027902,0.644785408772,0.751693602553
1492807397225552276,0,1492807397224876404,odom,robot_frame,4.59296245867,0.765087795166,-0.22569546087,-0.00820973177504,-0.134785183977,0.646135030913,0.75118245208
1492807397325563195,0,1492807397306148767,odom,robot_frame,4.61063802346,0.771735333138,-0.229920203723,-0.00992025120789,-0.132955232884,0.646819587163,0.750898739064
1492807397425614399,0,1492807397422895908,odom,robot_frame,4.64310157735,0.757119987565,-0.229743051166,-0.010333221979,-0.132383697416,0.646939179184,0.750891123678
1492807397525585684,0,1492807397524358273,odom,robot_frame,4.67324880011,0.734910377291,-0.227915104466,-0.0088266302151,-0.133658017245,0.646536436775,0.751031464685
1492807397625706895,0,1492807397605579138,odom,robot_frame,4.69371230931,0.730111867656,-0.230155644456,-0.00685264034162,-0.135388683248,0.646269157614,0.750972117782
1492807397725654220,0,1492807397722360849,odom,robot_frame,4.72380219351,0.710993992907,-0.226805513089,-0.00380623956701,-0.13817054394,0.646691709055,0.750122821121
1492807397825580185,0,1492807397823934555,odom,robot_frame,4.74990419794,0.707328332639,-0.229900823432,-0.00168596857204,-0.140209738841,0.647954577678,0.748660972611
1492807397925591919,0,1492807397905266285,odom,robot_frame,4.77140840405,0.702459378161,-0.233041053907,-0.000444469870379,-0.141441823168,0.649345430484,0.74722454792
1492807398025587546,0,1492807398022222042,odom,robot_frame,4.79921235204,0.703625859676,-0.23045825774,0.000894192974003,-0.142850247007,0.651197660878,0.745341944222
1492807398125702581,0,1492807398123683691,odom,robot_frame,4.8230014686,0.708304920519,-0.226913646556,0.00220400637361,-0.143866151347,0.651884121434,0.744543326526
