%time,field.header.seq,field.header.stamp,field.header.frame_id,field.fluid_pressure,field.variance
1492805495835956093,41397,1492805495836019056,/fluid_pressure,103240.0,0.0
1492805495909094193,41398,1492805495910019056,/fluid_pressure,103280.007812,0.0
1492805495984563899,41399,1492805495985019056,/fluid_pressure,103240.0,0.0
1492805496058395960,41400,1492805496059019056,/fluid_pressure,103250.0,0.0
1492805496132976621,41401,1492805496133019056,/fluid_pressure,103269.992188,0.0
1492805496206356135,41402,1492805496207019056,/fluid_pressure,103260.0,0.0
1492805496281525307,41403,1492805496282019056,/fluid_pressure,103250.0,0.0
1492805496355148908,41404,1492805496356019056,/fluid_pressure,103250.0,0.0
1492805496429134114,41405,1492805496430019056,/fluid_pressure,103210.0,0.0
1492805496504575532,41406,1492805496504019056,/fluid_pressure,103250.0,0.0
1492805496578103591,41407,1492805496579210912,/fluid_pressure,103230.007812,0.0
1492805496652920524,41408,1492805496653210912,/fluid_pressure,103300.0,0.0
1492805496726989660,41409,1492805496727210912,/fluid_pressure,103260.0,0.0
1492805496801953217,41410,1492805496801210912,/fluid_pressure,103169.992188,0.0
1492805496875153373,41411,1492805496876210912,/fluid_pressure,103240.0,0.0
1492805496949571663,41412,1492805496950210912,/fluid_pressure,103280.007812,0.0
1492805497023497066,41413,1492805497024210912,/fluid_pressure,103300.0,0.0
1492805497098472097,41414,1492805497099210912,/fluid_pressure,103300.0,0.0
1492805497172498729,41415,1492805497173210912,/fluid_pressure,103300.0,0.0
1492805497246353092,41416,1492805497247210912,/fluid_pressure,103310.0,0.0
1492805497320805704,41417,1492805497321210912,/fluid_pressure,103260.0,0.0
1492805497395713149,41418,1492805497396210912,/fluid_pressure,103230.007812,0.0
1492805497469321168,41419,1492805497470210912,/fluid_pressure,103269.992188,0.0
1492805497543987645,41420,1492805497544210912,/fluid_pressure,103230.007812,0.0
1492805497618090368,41421,1492805497618210912,/fluid_pressure,103269.992188,0.0
1492805497693044624,41422,1492805497693210912,/fluid_pressure,103240.0,0.0
1492805497765996537,41423,1492805497767210912,/fluid_pressure,103250.0,0.0
1492805497840685646,41424,1492805497841210912,/fluid_pressure,103240.0,0.0
1492805497914903351,41425,1492805497915210912,/fluid_pressure,103219.992188,0.0
1492805497989891794,41426,1492805497990210912,/fluid_pressure,103269.992188,0.0
1492805498063078996,41427,1492805498064210912,/fluid_pressure,103240.0,0.0
1492805498137076200,41428,1492805498138210912,/fluid_pressure,103280.007812,0.0
1492805498212124687,41429,1492805498212210912,/fluid_pressure,103230.007812,0.0
1492805498286175587,41430,1492805498287210912,/fluid_pressure,103230.007812,0.0
1492805498360640238,41431,1492805498361210912,/fluid_pressure,103210.0,0.0
1492805498434862759,41432,1492805498435210912,/fluid_pressure,103260.0,0.0
1492805498509408565,41433,1492805498509210912,/fluid_pressure,103280.007812,0.0
1492805498583349787,41434,1492805498584210912,/fluid_pressure,103260.0,0.0
1492805498657362339,41435,1492805498658210912,/fluid_pressure,103230.007812,0.0
1492805498731782039,41436,1492805498732210912,/fluid_pressure,103240.0,0.0
1492805498806268034,41437,1492805498806210912,/fluid_pressure,103260.0,0.0
1492805498880074163,41438,1492805498881210912,/fluid_pressure,103280.007812,0.0
1492805498955097051,41439,1492805498955210912,/fluid_pressure,103269.992188,0.0
1492805499029070225,41440,1492805499029210912,/fluid_pressure,103300.0,0.0
1492805499103803479,41441,1492805499103943979,/fluid_pressure,103310.0,0.0
1492805499177193696,41442,1492805499178943979,/fluid_pressure,103260.0,0.0
1492805499251161289,41443,1492805499252943979,/fluid_pressure,103280.007812,0.0
1492805499325003605,41444,1492805499326943979,/fluid_pressure,103230.007812,0.0
1492805499400846208,41445,1492805499400943979,/fluid_pressure,103219.992188,0.0
1492805499474991986,41446,1492805499475943979,/fluid_pressure,103150.0,0.0
1492805499548700235,41447,1492805499549943979,/fluid_pressure,103250.0,0.0
1492805499622532048,41448,1492805499623943979,/fluid_pressure,103250.0,0.0
1492805499697473056,41449,1492805499697943979,/fluid_pressure,103260.0,0.0
1492805499771485532,41450,1492805499772943979,/fluid_pressure,103250.0,0.0
1492805499845904412,41451,1492805499846943979,/fluid_pressure,103319.992188,0.0
1492805499919016469,41452,1492805499920943979,/fluid_pressure,103340.0,0.0
1492805499993989014,41453,1492805499994943979,/fluid_pressure,103290.0,0.0
1492805500068078471,41454,1492805500069943979,/fluid_pressure,103300.0,0.0
1492805500142722336,41455,1492805500143943979,/fluid_pressure,103300.0,0.0
1492805500216569820,41456,1492805500217943979,/fluid_pressure,103250.0,0.0
1492805500291509323,41457,1492805500292943979,/fluid_pressure,103260.0,0.0
1492805500365205894,41458,1492805500366943979,/fluid_pressure,103290.0,0.0
1492805500439851790,41459,1492805500440943979,/fluid_pressure,103290.0,0.0
1492805500514643621,41460,1492805500514943979,/fluid_pressure,103260.0,0.0
1492805500588171041,41461,1492805500589943979,/fluid_pressure,103290.0,0.0
1492805500662915777,41462,1492805500663943979,/fluid_pressure,103310.0,0.0
1492805500736529390,41463,1492805500737943979,/fluid_pressure,103280.007812,0.0
1492805500811428727,41464,1492805500811943979,/fluid_pressure,103390.0,0.0
1492805500885232468,41465,1492805500886943979,/fluid_pressure,103290.0,0.0
1492805500959192595,41466,1492805500960943979,/fluid_pressure,103210.0,0.0
1492805501033966442,41467,1492805501034943979,/fluid_pressure,103250.0,0.0
1492805501108449304,41468,1492805501108943979,/fluid_pressure,103269.992188,0.0
1492805501182491744,41469,1492805501183943979,/fluid_pressure,103269.992188,0.0
1492805501256340872,41470,1492805501257943979,/fluid_pressure,103240.0,0.0
1492805501331989263,41471,1492805501331943979,/fluid_pressure,103280.007812,0.0
1492805501405519052,41472,1492805501405943979,/fluid_pressure,103250.0,0.0
1492805501479899688,41473,1492805501480943979,/fluid_pressure,103230.007812,0.0
1492805501553443008,41474,1492805501554943979,/fluid_pressure,103190.0,0.0
1492805501628640354,41475,1492805501629074012,/fluid_pressure,103250.0,0.0
1492805501702824739,41476,1492805501704074012,/fluid_pressure,103260.0,0.0
1492805501776138868,41477,1492805501778074012,/fluid_pressure,103200.0,0.0
1492805501850839287,41478,1492805501852074012,/fluid_pressure,103230.007812,0.0
1492805501925117397,41479,1492805501926074012,/fluid_pressure,103280.007812,0.0
1492805501999781717,41480,1492805502001074012,/fluid_pressure,103269.992188,0.0
1492805502073556254,41481,1492805502075074012,/fluid_pressure,103260.0,0.0
1492805502149045214,41482,1492805502149074012,/fluid_pressure,103319.992188,0.0
1492805502223038158,41483,1492805502223074012,/fluid_pressure,103200.0,0.0
1492805502296566450,41484,1492805502298074012,/fluid_pressure,103200.0,0.0
1492805502370374578,41485,1492805502372074012,/fluid_pressure,103269.992188,0.0
1492805502445494495,41486,1492805502446074012,/fluid_pressure,103269.992188,0.0
1492805502519597853,41487,1492805502520074012,/fluid_pressure,103310.0,0.0
1492805502593557753,41488,1492805502595074012,/fluid_pressure,103219.992188,0.0
1492805502667468295,41489,1492805502669074012,/fluid_pressure,103200.0,0.0
1492805502742059784,41490,1492805502743074012,/fluid_pressure,103200.0,0.0
1492805502816539172,41491,1492805502817074012,/fluid_pressure,103190.0,0.0
1492805502890112309,41492,1492805502892074012,/fluid_pressure,103180.007812,0.0
1492805502964898914,41493,1492805502966074012,/fluid_pressure,103180.007812,0.0
1492805503039604096,41494,1492805503040074012,/fluid_pressure,103180.007812,0.0
1492805503113472527,41495,1492805503115074012,/fluid_pressure,103219.992188,0.0
1492805503187938339,41496,1492805503189074012,/fluid_pressure,103219.992188,0.0
1492805503261162419,41497,1492805503263074012,/fluid_pressure,103369.992188,0.0
1492805503336722113,41498,1492805503337074012,/fluid_pressure,103280.007812,0.0
1492805503410736482,41499,1492805503412074012,/fluid_pressure,103319.992188,0.0
1492805503484978531,41500,1492805503486074012,/fluid_pressure,103260.0,0.0
1492805503560175193,41501,1492805503560074012,/fluid_pressure,103290.0,0.0
1492805503633011074,41502,1492805503634074012,/fluid_pressure,103260.0,0.0
1492805503707279868,41503,1492805503709074012,/fluid_pressure,103200.0,0.0
1492805503781873488,41504,1492805503783074012,/fluid_pressure,103250.0,0.0
1492805503856961626,41505,1492805503857074012,/fluid_pressure,103219.992188,0.0
1492805503930733538,41506,1492805503932074012,/fluid_pressure,103200.0,0.0
1492805504004742478,41507,1492805504006074012,/fluid_pressure,103240.0,0.0
1492805504078508591,41508,1492805504080074012,/fluid_pressure,103219.992188,0.0
1492805504153591704,41509,1492805504154894983,/fluid_pressure,103230.007812,0.0
1492805504227070475,41510,1492805504229894983,/fluid_pressure,103290.0,0.0
1492805504302022552,41511,1492805504303894983,/fluid_pressure,103300.0,0.0
1492805504376116008,41512,1492805504377894983,/fluid_pressure,103350.0,0.0
1492805504450169793,41513,1492805504451894983,/fluid_pressure,103310.0,0.0
1492805504525069440,41514,1492805504526894983,/fluid_pressure,103300.0,0.0
1492805504598188573,41515,1492805504600894983,/fluid_pressure,103260.0,0.0
1492805504673299250,41516,1492805504674894983,/fluid_pressure,103219.992188,0.0
1492805504748014979,41517,1492805504749894983,/fluid_pressure,103169.992188,0.0
1492805504821888804,41518,1492805504823894983,/fluid_pressure,103230.007812,0.0
1492805504895259547,41519,1492805504897894983,/fluid_pressure,103190.0,0.0
1492805504970624683,41520,1492805504971894983,/fluid_pressure,103269.992188,0.0
1492805505044118794,41521,1492805505046894983,/fluid_pressure,103169.992188,0.0
1492805505118503836,41522,1492805505120894983,/fluid_pressure,103240.0,0.0
1492805505193556419,41523,1492805505194894983,/fluid_pressure,103119.992188,0.0
1492805505268048145,41524,1492805505268894983,/fluid_pressure,103190.0,0.0
1492805505341801782,41525,1492805505343894983,/fluid_pressure,103160.0,0.0
1492805505415179065,41526,1492805505417894983,/fluid_pressure,103110.0,0.0
1492805505490197652,41527,1492805505491894983,/fluid_pressure,103210.0,0.0
1492805505564074339,41528,1492805505565894983,/fluid_pressure,103250.0,0.0
1492805505638045607,41529,1492805505640894983,/fluid_pressure,103250.0,0.0
1492805505713078127,41530,1492805505714894983,/fluid_pressure,103269.992188,0.0
1492805505787430542,41531,1492805505788894983,/fluid_pressure,103350.0,0.0
1492805505861667672,41532,1492805505862894983,/fluid_pressure,103330.007812,0.0
1492805505935127210,41533,1492805505937894983,/fluid_pressure,103319.992188,0.0
1492805506009353029,41534,1492805506011894983,/fluid_pressure,103280.007812,0.0
1492805506084180944,41535,1492805506085894983,/fluid_pressure,103319.992188,0.0
1492805506158854826,41536,1492805506160894983,/fluid_pressure,103290.0,0.0
1492805506232526745,41537,1492805506234894983,/fluid_pressure,103250.0,0.0
1492805506307566381,41538,1492805506308894983,/fluid_pressure,103280.007812,0.0
1492805506381180949,41539,1492805506382894983,/fluid_pressure,103230.007812,0.0
1492805506455501869,41540,1492805506457894983,/fluid_pressure,103240.0,0.0
1492805506529864720,41541,1492805506531894983,/fluid_pressure,103210.0,0.0
1492805506605060095,41542,1492805506605894983,/fluid_pressure,103210.0,0.0
1492805506678165938,41543,1492805506680080091,/fluid_pressure,103219.992188,0.0
1492805506752400052,41544,1492805506755080091,/fluid_pressure,103200.0,0.0
1492805506827238541,41545,1492805506829080091,/fluid_pressure,103190.0,0.0
1492805506901441763,41546,1492805506903080091,/fluid_pressure,103230.007812,0.0
1492805506975670449,41547,1492805506978080091,/fluid_pressure,103210.0,0.0
1492805507049526203,41548,1492805507052080091,/fluid_pressure,103210.0,0.0
1492805507124484381,41549,1492805507126080091,/fluid_pressure,103260.0,0.0
1492805507198071301,41550,1492805507200080091,/fluid_pressure,103290.0,0.0
1492805507272136036,41551,1492805507275080091,/fluid_pressure,103219.992188,0.0
1492805507346119468,41552,1492805507349080091,/fluid_pressure,103310.0,0.0
1492805507421501680,41553,1492805507423080091,/fluid_pressure,103269.992188,0.0
1492805507495864493,41554,1492805507497080091,/fluid_pressure,103240.0,0.0
1492805507570120254,41555,1492805507572080091,/fluid_pressure,103330.007812,0.0
1492805507644011621,41556,1492805507646080091,/fluid_pressure,103269.992188,0.0
1492805507718171930,41557,1492805507720080091,/fluid_pressure,103230.007812,0.0
1492805507792149232,41558,1492805507794080091,/fluid_pressure,103210.0,0.0
1492805507866100302,41559,1492805507869080091,/fluid_pressure,103230.007812,0.0
1492805507941443432,41560,1492805507943080091,/fluid_pressure,103240.0,0.0
1492805508016077230,41561,1492805508017080091,/fluid_pressure,103230.007812,0.0
1492805508089797342,41562,1492805508092080091,/fluid_pressure,103269.992188,0.0
1492805508163023730,41563,1492805508166080091,/fluid_pressure,103250.0,0.0
1492805508238169554,41564,1492805508240080091,/fluid_pressure,103230.007812,0.0
1492805508312294713,41565,1492805508314080091,/fluid_pressure,103260.0,0.0
1492805508387086306,41566,1492805508389080091,/fluid_pressure,103250.0,0.0
1492805508460541581,41567,1492805508463080091,/fluid_pressure,103210.0,0.0
1492805508535943322,41568,1492805508537080091,/fluid_pressure,103210.0,0.0
1492805508610008107,41569,1492805508611080091,/fluid_pressure,103230.007812,0.0
1492805508683926886,41570,1492805508686080091,/fluid_pressure,103269.992188,0.0
1492805508758027689,41571,1492805508760080091,/fluid_pressure,103240.0,0.0
1492805508833273093,41572,1492805508834080091,/fluid_pressure,103219.992188,0.0
1492805508906289354,41573,1492805508908080091,/fluid_pressure,103210.0,0.0
1492805508980282492,41574,1492805508983080091,/fluid_pressure,103219.992188,0.0
1492805509055188799,41575,1492805509057080091,/fluid_pressure,103190.0,0.0
1492805509129278751,41576,1492805509131080091,/fluid_pressure,103180.007812,0.0
1492805509203131764,41577,1492805509204222118,/fluid_pressure,103210.0,0.0
1492805509277254312,41578,1492805509278222118,/fluid_pressure,103219.992188,0.0
1492805509352601102,41579,1492805509352222118,/fluid_pressure,103230.007812,0.0
1492805509426860470,41580,1492805509426222118,/fluid_pressure,103230.007812,0.0
1492805509501079345,41581,1492805509501222118,/fluid_pressure,103250.0,0.0
1492805509575914635,41582,1492805509575222118,/fluid_pressure,103319.992188,0.0
1492805509649023791,41583,1492805509649222118,/fluid_pressure,103310.0,0.0
1492805509723616895,41584,1492805509723222118,/fluid_pressure,103340.0,0.0
1492805509797878773,41585,1492805509798222118,/fluid_pressure,103250.0,0.0
1492805509873125898,41586,1492805509872222118,/fluid_pressure,103290.0,0.0
1492805509946052554,41587,1492805509946222118,/fluid_pressure,103219.992188,0.0
1492805510020340020,41588,1492805510020222118,/fluid_pressure,103219.992188,0.0
1492805510094300489,41589,1492805510095222118,/fluid_pressure,103230.007812,0.0
1492805510169428943,41590,1492805510169222118,/fluid_pressure,103250.0,0.0
1492805510243765089,41591,1492805510243222118,/fluid_pressure,103250.0,0.0
1492805510317643507,41592,1492805510318222118,/fluid_pressure,103150.0,0.0
1492805510392445429,41593,1492805510392222118,/fluid_pressure,103260.0,0.0
1492805510466238485,41594,1492805510466222118,/fluid_pressure,103200.0,0.0
1492805510540844434,41595,1492805510540222118,/fluid_pressure,103169.992188,0.0
1492805510614923399,41596,1492805510615222118,/fluid_pressure,103150.0,0.0
1492805510689777598,41597,1492805510689222118,/fluid_pressure,103219.992188,0.0
1492805510763696212,41598,1492805510763222118,/fluid_pressure,103280.007812,0.0
1492805510837320058,41599,1492805510838222118,/fluid_pressure,103319.992188,0.0
1492805510911973887,41600,1492805510912222118,/fluid_pressure,103410.0,0.0
1492805510986889919,41601,1492805510986222118,/fluid_pressure,103350.0,0.0
1492805511060557723,41602,1492805511060222118,/fluid_pressure,103290.0,0.0
1492805511135115371,41603,1492805511135222118,/fluid_pressure,103290.0,0.0
1492805511208289735,41604,1492805511209222118,/fluid_pressure,103300.0,0.0
1492805511283440836,41605,1492805511283222118,/fluid_pressure,103240.0,0.0
1492805511357969122,41606,1492805511357222118,/fluid_pressure,103240.0,0.0
1492805511431886923,41607,1492805511432222118,/fluid_pressure,103250.0,0.0
1492805511507010504,41608,1492805511506222118,/fluid_pressure,103190.0,0.0
1492805511580848090,41609,1492805511580222118,/fluid_pressure,103210.0,0.0
1492805511654585033,41610,1492805511654222118,/fluid_pressure,103219.992188,0.0
1492805511729930131,41611,1492805511729715978,/fluid_pressure,103169.992188,0.0
1492805511803911183,41612,1492805511803715978,/fluid_pressure,103169.992188,0.0
1492805511877007960,41613,1492805511877715978,/fluid_pressure,103230.007812,0.0
1492805511951315426,41614,1492805511952715978,/fluid_pressure,103250.0,0.0
1492805512026952479,41615,1492805512026715978,/fluid_pressure,103190.0,0.0
1492805512100358268,41616,1492805512100715978,/fluid_pressure,103269.992188,0.0
1492805512174990880,41617,1492805512174715978,/fluid_pressure,103230.007812,0.0
1492805512248649470,41618,1492805512249715978,/fluid_pressure,103300.0,0.0
1492805512323849665,41619,1492805512323715978,/fluid_pressure,103190.0,0.0
1492805512398092610,41620,1492805512397715978,/fluid_pressure,103200.0,0.0
1492805512471506040,41621,1492805512471715978,/fluid_pressure,103150.0,0.0
1492805512545974905,41622,1492805512546715978,/fluid_pressure,103200.0,0.0
1492805512620092011,41623,1492805512620715978,/fluid_pressure,103230.007812,0.0
1492805512694322100,41624,1492805512694715978,/fluid_pressure,103230.007812,0.0
1492805512768432346,41625,1492805512769715978,/fluid_pressure,103290.0,0.0
1492805512844126631,41626,1492805512843715978,/fluid_pressure,103260.0,0.0
1492805512917052982,41627,1492805512917715978,/fluid_pressure,103280.007812,0.0
1492805512991262958,41628,1492805512991715978,/fluid_pressure,103300.0,0.0
1492805513065739765,41629,1492805513066715978,/fluid_pressure,103290.0,0.0
1492805513140851705,41630,1492805513140715978,/fluid_pressure,103269.992188,0.0
1492805513214440971,41631,1492805513214715978,/fluid_pressure,103280.007812,0.0
1492805513288463251,41632,1492805513288715978,/fluid_pressure,103230.007812,0.0
1492805513362331774,41633,1492805513363715978,/fluid_pressure,103260.0,0.0
1492805513437170928,41634,1492805513437715978,/fluid_pressure,103160.0,0.0
1492805513511439968,41635,1492805513511715978,/fluid_pressure,103160.0,0.0
1492805513585926047,41636,1492805513585715978,/fluid_pressure,103250.0,0.0
1492805513660980430,41637,1492805513660715978,/fluid_pressure,103210.0,0.0
1492805513734756695,41638,1492805513734715978,/fluid_pressure,103250.0,0.0
1492805513808159276,41639,1492805513808715978,/fluid_pressure,103230.007812,0.0
1492805513882334426,41640,1492805513883715978,/fluid_pressure,103219.992188,0.0
1492805513957645617,41641,1492805513957715978,/fluid_pressure,103280.007812,0.0
1492805514031813723,41642,1492805514031715978,/fluid_pressure,103119.992188,0.0
1492805514105934790,41643,1492805514105715978,/fluid_pressure,103210.0,0.0
1492805514179861695,41644,1492805514180715978,/fluid_pressure,103130.007812,0.0
1492805514254731764,41645,1492805514256039058,/fluid_pressure,103210.0,0.0
1492805514328071336,41646,1492805514330039058,/fluid_pressure,103200.0,0.0
1492805514402915969,41647,1492805514404039058,/fluid_pressure,103219.992188,0.0
1492805514477001063,41648,1492805514479039058,/fluid_pressure,103150.0,0.0
1492805514552045296,41649,1492805514553039058,/fluid_pressure,103240.0,0.0
1492805514625602920,41650,1492805514627039058,/fluid_pressure,103230.007812,0.0
1492805514700011877,41651,1492805514701039058,/fluid_pressure,103280.007812,0.0
1492805514774571657,41652,1492805514776039058,/fluid_pressure,103219.992188,0.0
1492805514848403952,41653,1492805514850039058,/fluid_pressure,103210.0,0.0
1492805514922317460,41654,1492805514924039058,/fluid_pressure,103200.0,0.0
1492805514996268429,41655,1492805514999039058,/fluid_pressure,103190.0,0.0
1492805515071231201,41656,1492805515073039058,/fluid_pressure,103160.0,0.0
1492805515145178555,41657,1492805515147039058,/fluid_pressure,103200.0,0.0
1492805515219772168,41658,1492805515221039058,/fluid_pressure,103140.0,0.0
1492805515293040332,41659,1492805515296039058,/fluid_pressure,103180.007812,0.0
1492805515368307973,41660,1492805515370039058,/fluid_pressure,103190.0,0.0
1492805515442769579,41661,1492805515444039058,/fluid_pressure,103200.0,0.0
1492805515516992778,41662,1492805515518039058,/fluid_pressure,103269.992188,0.0
1492805515591088317,41663,1492805515593039058,/fluid_pressure,103260.0,0.0
1492805515665234273,41664,1492805515667039058,/fluid_pressure,103280.007812,0.0
1492805515739616950,41665,1492805515741039058,/fluid_pressure,103200.0,0.0
1492805515813754587,41666,1492805515815039058,/fluid_pressure,103240.0,0.0
1492805515888595370,41667,1492805515890039058,/fluid_pressure,103290.0,0.0
1492805515962742356,41668,1492805515964039058,/fluid_pressure,103180.007812,0.0
1492805516036581924,41669,1492805516038039058,/fluid_pressure,103090.0,0.0
1492805516110766198,41670,1492805516113039058,/fluid_pressure,103210.0,0.0
1492805516185737370,41671,1492805516187039058,/fluid_pressure,103219.992188,0.0
1492805516259893263,41672,1492805516261039058,/fluid_pressure,103160.0,0.0
1492805516333538717,41673,1492805516335039058,/fluid_pressure,103130.007812,0.0
1492805516408467565,41674,1492805516410039058,/fluid_pressure,103119.992188,0.0
1492805516482580452,41675,1492805516484039058,/fluid_pressure,103240.0,0.0
1492805516557098706,41676,1492805516558039058,/fluid_pressure,103180.007812,0.0
1492805516631049497,41677,1492805516632039058,/fluid_pressure,103240.0,0.0
1492805516706158531,41678,1492805516707039058,/fluid_pressure,103280.007812,0.0
1492805516779469736,41679,1492805516780069028,/fluid_pressure,103240.0,0.0
1492805516853176573,41680,1492805516854069028,/fluid_pressure,103210.0,0.0
1492805516928228065,41681,1492805516929069028,/fluid_pressure,103169.992188,0.0
1492805517002440397,41682,1492805517003069028,/fluid_pressure,103169.992188,0.0
1492805517076472880,41683,1492805517077069028,/fluid_pressure,103219.992188,0.0
1492805517150324643,41684,1492805517151069028,/fluid_pressure,103180.007812,0.0
1492805517225056804,41685,1492805517226069028,/fluid_pressure,103200.0,0.0
1492805517299603871,41686,1492805517300069028,/fluid_pressure,103219.992188,0.0
1492805517373493750,41687,1492805517374069028,/fluid_pressure,103240.0,0.0
1492805517447030731,41688,1492805517448069028,/fluid_pressure,103280.007812,0.0
1492805517522923635,41689,1492805517523069028,/fluid_pressure,103250.0,0.0
1492805517597014563,41690,1492805517597069028,/fluid_pressure,103250.0,0.0
1492805517670186536,41691,1492805517671069028,/fluid_pressure,103250.0,0.0
1492805517744798020,41692,1492805517746069028,/fluid_pressure,103230.007812,0.0
1492805517819846661,41693,1492805517820069028,/fluid_pressure,103240.0,0.0
1492805517894073628,41694,1492805517894069028,/fluid_pressure,103210.0,0.0
1492805517967058140,41695,1492805517968069028,/fluid_pressure,103250.0,0.0
1492805518042586487,41696,1492805518043069028,/fluid_pressure,103180.007812,0.0
1492805518116965210,41697,1492805518117069028,/fluid_pressure,103180.007812,0.0
1492805518190560005,41698,1492805518191069028,/fluid_pressure,103230.007812,0.0
1492805518264992552,41699,1492805518265069028,/fluid_pressure,103190.0,0.0
1492805518339057306,41700,1492805518340069028,/fluid_pressure,103269.992188,0.0
1492805518413886655,41701,1492805518414069028,/fluid_pressure,103210.0,0.0
1492805518487767056,41702,1492805518488069028,/fluid_pressure,103230.007812,0.0
1492805518561857588,41703,1492805518562069028,/fluid_pressure,103169.992188,0.0
1492805518636142192,41704,1492805518637069028,/fluid_pressure,103210.0,0.0
1492805518710938467,41705,1492805518711069028,/fluid_pressure,103290.0,0.0
1492805518784321690,41706,1492805518785069028,/fluid_pressure,103219.992188,0.0
1492805518859561778,41707,1492805518860069028,/fluid_pressure,103119.992188,0.0
1492805518933798940,41708,1492805518934069028,/fluid_pressure,103169.992188,0.0
1492805519007988818,41709,1492805519008069028,/fluid_pressure,103200.0,0.0
1492805519081501256,41710,1492805519082069028,/fluid_pressure,103219.992188,0.0
1492805519156225274,41711,1492805519157069028,/fluid_pressure,103250.0,0.0
1492805519230908229,41712,1492805519231069028,/fluid_pressure,103269.992188,0.0
1492805519304568477,41713,1492805519305133974,/fluid_pressure,103290.0,0.0
1492805519378214691,41714,1492805519379133974,/fluid_pressure,103190.0,0.0
1492805519453134636,41715,1492805519454133974,/fluid_pressure,103290.0,0.0
1492805519527577932,41716,1492805519528133974,/fluid_pressure,103160.0,0.0
1492805519601405932,41717,1492805519602133974,/fluid_pressure,103140.0,0.0
1492805519676951623,41718,1492805519676133974,/fluid_pressure,103160.0,0.0
1492805519750079976,41719,1492805519751133974,/fluid_pressure,103140.0,0.0
1492805519823986023,41720,1492805519825133974,/fluid_pressure,103180.007812,0.0
1492805519898910490,41721,1492805519899133974,/fluid_pressure,103200.0,0.0
1492805519973876703,41722,1492805519974133974,/fluid_pressure,103210.0,0.0
1492805520047143041,41723,1492805520048133974,/fluid_pressure,103240.0,0.0
1492805520122084229,41724,1492805520122133974,/fluid_pressure,103230.007812,0.0
1492805520195080159,41725,1492805520196133974,/fluid_pressure,103280.007812,0.0
1492805520270874152,41726,1492805520271133974,/fluid_pressure,103250.0,0.0
1492805520344391462,41727,1492805520345133974,/fluid_pressure,103230.007812,0.0
1492805520418107789,41728,1492805520419133974,/fluid_pressure,103250.0,0.0
1492805520492781865,41729,1492805520493133974,/fluid_pressure,103140.0,0.0
1492805520567876415,41730,1492805520568133974,/fluid_pressure,103200.0,0.0
1492805520641423171,41731,1492805520642133974,/fluid_pressure,103210.0,0.0
1492805520715294284,41732,1492805520716133974,/fluid_pressure,103169.992188,0.0
1492805520790451423,41733,1492805520790133974,/fluid_pressure,103190.0,0.0
1492805520865093656,41734,1492805520865133974,/fluid_pressure,103210.0,0.0
1492805520939001571,41735,1492805520939133974,/fluid_pressure,103269.992188,0.0
1492805521012770679,41736,1492805521013133974,/fluid_pressure,103269.992188,0.0
1492805521087307192,41737,1492805521088133974,/fluid_pressure,103269.992188,0.0
1492805521161985630,41738,1492805521162133974,/fluid_pressure,103250.0,0.0
1492805521235805752,41739,1492805521236133974,/fluid_pressure,103250.0,0.0
1492805521309098859,41740,1492805521310133974,/fluid_pressure,103210.0,0.0
1492805521384620444,41741,1492805521385133974,/fluid_pressure,103240.0,0.0
1492805521458822009,41742,1492805521459133974,/fluid_pressure,103180.007812,0.0
1492805521533036816,41743,1492805521533133974,/fluid_pressure,103180.007812,0.0
1492805521608092901,41744,1492805521607133974,/fluid_pressure,103169.992188,0.0
1492805521681286588,41745,1492805521682133974,/fluid_pressure,103150.0,0.0
1492805521755027702,41746,1492805521756133974,/fluid_pressure,103219.992188,0.0
1492805521829318681,41747,1492805521830345069,/fluid_pressure,103200.0,0.0
1492805521904988736,41748,1492805521905345069,/fluid_pressure,103150.0,0.0
1492805521978406122,41749,1492805521979345069,/fluid_pressure,103210.0,0.0
1492805522052803308,41750,1492805522053345069,/fluid_pressure,103190.0,0.0
1492805522127160565,41751,1492805522127345069,/fluid_pressure,103200.0,0.0
1492805522201298923,41752,1492805522202345069,/fluid_pressure,103160.0,0.0
1492805522275587936,41753,1492805522276345069,/fluid_pressure,103260.0,0.0
1492805522349785923,41754,1492805522350345069,/fluid_pressure,103230.007812,0.0
1492805522424961297,41755,1492805522424345069,/fluid_pressure,103240.0,0.0
1492805522498822637,41756,1492805522499345069,/fluid_pressure,103290.0,0.0
1492805522572247692,41757,1492805522573345069,/fluid_pressure,103210.0,0.0
1492805522646404933,41758,1492805522647345069,/fluid_pressure,103219.992188,0.0
1492805522721998115,41759,1492805522721345069,/fluid_pressure,103240.0,0.0
1492805522796003462,41760,1492805522796345069,/fluid_pressure,103250.0,0.0
1492805522869950674,41761,1492805522870345069,/fluid_pressure,103230.007812,0.0
1492805522944903709,41762,1492805522944345069,/fluid_pressure,103180.007812,0.0
1492805523018301927,41763,1492805523019345069,/fluid_pressure,103169.992188,0.0
1492805523092123298,41764,1492805523093345069,/fluid_pressure,103160.0,0.0
1492805523166463546,41765,1492805523167345069,/fluid_pressure,103230.007812,0.0
1492805523241672840,41766,1492805523241345069,/fluid_pressure,103160.0,0.0
1492805523315719237,41767,1492805523316345069,/fluid_pressure,103290.0,0.0
1492805523389146508,41768,1492805523390345069,/fluid_pressure,103160.0,0.0
1492805523462992966,41769,1492805523464345069,/fluid_pressure,103260.0,0.0
1492805523538561594,41770,1492805523539345069,/fluid_pressure,103240.0,0.0
1492805523612193366,41771,1492805523613345069,/fluid_pressure,103219.992188,0.0
1492805523686085146,41772,1492805523687345069,/fluid_pressure,103210.0,0.0
1492805523760748916,41773,1492805523761345069,/fluid_pressure,103160.0,0.0
1492805523834992636,41774,1492805523836345069,/fluid_pressure,103190.0,0.0
1492805523909442004,41775,1492805523910345069,/fluid_pressure,103160.0,0.0
1492805523983764443,41776,1492805523984345069,/fluid_pressure,103230.007812,0.0
1492805524058402902,41777,1492805524058345069,/fluid_pressure,103180.007812,0.0
1492805524132265078,41778,1492805524133345069,/fluid_pressure,103210.0,0.0
1492805524206390581,41779,1492805524207345069,/fluid_pressure,103250.0,0.0
1492805524280483957,41780,1492805524281345069,/fluid_pressure,103210.0,0.0
1492805524356102298,41781,1492805524356426942,/fluid_pressure,103169.992188,0.0
1492805524429636370,41782,1492805524430426942,/fluid_pressure,103260.0,0.0
1492805524504013505,41783,1492805524504426942,/fluid_pressure,103190.0,0.0
1492805524578260621,41784,1492805524578426942,/fluid_pressure,103280.007812,0.0
1492805524652037428,41785,1492805524653426942,/fluid_pressure,103310.0,0.0
1492805524726200997,41786,1492805524727426942,/fluid_pressure,103290.0,0.0
1492805524799988389,41787,1492805524801426942,/fluid_pressure,103269.992188,0.0
1492805524875449545,41788,1492805524875426942,/fluid_pressure,103210.0,0.0
1492805524949386656,41789,1492805524950426942,/fluid_pressure,103250.0,0.0
1492805525023734259,41790,1492805525024426942,/fluid_pressure,103280.007812,0.0
1492805525097750678,41791,1492805525098426942,/fluid_pressure,103260.0,0.0
1492805525172967666,41792,1492805525172426942,/fluid_pressure,103230.007812,0.0
1492805525246572808,41793,1492805525247426942,/fluid_pressure,103269.992188,0.0
1492805525320789421,41794,1492805525321426942,/fluid_pressure,103200.0,0.0
1492805525394886917,41795,1492805525395426942,/fluid_pressure,103200.0,0.0
1492805525469175158,41796,1492805525470426942,/fluid_pressure,103280.007812,0.0
1492805525543568059,41797,1492805525544426942,/fluid_pressure,103200.0,0.0
1492805525617597980,41798,1492805525618426942,/fluid_pressure,103240.0,0.0
1492805525692701994,41799,1492805525692426942,/fluid_pressure,103200.0,0.0
1492805525766071316,41800,1492805525767426942,/fluid_pressure,103240.0,0.0
1492805525840318440,41801,1492805525841426942,/fluid_pressure,103240.0,0.0
1492805525914756883,41802,1492805525915426942,/fluid_pressure,103240.0,0.0
1492805525989897507,41803,1492805525989426942,/fluid_pressure,103240.0,0.0
1492805526063776292,41804,1492805526064426942,/fluid_pressure,103219.992188,0.0
1492805526137093389,41805,1492805526138426942,/fluid_pressure,103169.992188,0.0
1492805526211553949,41806,1492805526212426942,/fluid_pressure,103150.0,0.0
1492805526286937972,41807,1492805526286426942,/fluid_pressure,103140.0,0.0
1492805526360515481,41808,1492805526361426942,/fluid_pressure,103150.0,0.0
1492805526434257111,41809,1492805526435426942,/fluid_pressure,103169.992188,0.0
1492805526509054215,41810,1492805526509426942,/fluid_pressure,103169.992188,0.0
1492805526583571913,41811,1492805526584426942,/fluid_pressure,103169.992188,0.0
1492805526657118408,41812,1492805526658426942,/fluid_pressure,103230.007812,0.0
1492805526731399121,41813,1492805526732426942,/fluid_pressure,103230.007812,0.0
1492805526806615509,41814,1492805526806426942,/fluid_pressure,103219.992188,0.0
1492805526880980445,41815,1492805526882528055,/fluid_pressure,103330.007812,0.0
1492805526955033264,41816,1492805526956528055,/fluid_pressure,103280.007812,0.0
1492805527029219923,41817,1492805527030528055,/fluid_pressure,103310.0,0.0
1492805527103087482,41818,1492805527104528055,/fluid_pressure,103310.0,0.0
1492805527177068519,41819,1492805527179528055,/fluid_pressure,103260.0,0.0
1492805527251300289,41820,1492805527253528055,/fluid_pressure,103260.0,0.0
1492805527326795491,41821,1492805527327528055,/fluid_pressure,103280.007812,0.0
1492805527400286470,41822,1492805527401528055,/fluid_pressure,103300.0,0.0
1492805527474422923,41823,1492805527476528055,/fluid_pressure,103280.007812,0.0
1492805527548793576,41824,1492805527550528055,/fluid_pressure,103180.007812,0.0
1492805527623396058,41825,1492805527624528055,/fluid_pressure,103140.0,0.0
1492805527697372088,41826,1492805527699528055,/fluid_pressure,103130.007812,0.0
1492805527771092278,41827,1492805527773528055,/fluid_pressure,103160.0,0.0
1492805527845252714,41828,1492805527847528055,/fluid_pressure,103100.0,0.0
1492805527920167023,41829,1492805527921528055,/fluid_pressure,103130.007812,0.0
1492805527994852885,41830,1492805527996528055,/fluid_pressure,103150.0,0.0
1492805528068708782,41831,1492805528070528055,/fluid_pressure,103240.0,0.0
1492805528143407016,41832,1492805528144528055,/fluid_pressure,103200.0,0.0
1492805528217392520,41833,1492805528218528055,/fluid_pressure,103360.0,0.0
1492805528291301433,41834,1492805528293528055,/fluid_pressure,103280.007812,0.0
1492805528365180444,41835,1492805528367528055,/fluid_pressure,103240.0,0.0
1492805528440362222,41836,1492805528441528055,/fluid_pressure,103269.992188,0.0
1492805528515048077,41837,1492805528515528055,/fluid_pressure,103240.0,0.0
1492805528588613054,41838,1492805528590528055,/fluid_pressure,103240.0,0.0
1492805528662614040,41839,1492805528664528055,/fluid_pressure,103219.992188,0.0
1492805528737800036,41840,1492805528738528055,/fluid_pressure,103190.0,0.0
1492805528811723125,41841,1492805528813528055,/fluid_pressure,103180.007812,0.0
1492805528885858941,41842,1492805528887528055,/fluid_pressure,103210.0,0.0
1492805528960831430,41843,1492805528961528055,/fluid_pressure,103230.007812,0.0
1492805529035006602,41844,1492805529035528055,/fluid_pressure,103230.007812,0.0
1492805529108944612,41845,1492805529110528055,/fluid_pressure,103250.0,0.0
1492805529182059475,41846,1492805529184528055,/fluid_pressure,103300.0,0.0
1492805529257449768,41847,1492805529258528055,/fluid_pressure,103219.992188,0.0
1492805529331888748,41848,1492805529333528055,/fluid_pressure,103250.0,0.0
1492805529405527245,41849,1492805529406567966,/fluid_pressure,103210.0,0.0
1492805529479729628,41850,1492805529480567966,/fluid_pressure,103150.0,0.0
1492805529554654319,41851,1492805529554567966,/fluid_pressure,103190.0,0.0
1492805529628475391,41852,1492805529629567966,/fluid_pressure,103160.0,0.0
1492805529702140924,41853,1492805529703567966,/fluid_pressure,103269.992188,0.0
1492805529777362128,41854,1492805529777567966,/fluid_pressure,103250.0,0.0
1492805529851976570,41855,1492805529851567966,/fluid_pressure,103250.0,0.0
1492805529925180082,41856,1492805529926567966,/fluid_pressure,103319.992188,0.0
1492805529999777641,41857,1492805530000567966,/fluid_pressure,103250.0,0.0
1492805530074433929,41858,1492805530074567966,/fluid_pressure,103260.0,0.0
1492805530148483160,41859,1492805530148567966,/fluid_pressure,103169.992188,0.0
1492805530223013410,41860,1492805530223567966,/fluid_pressure,103200.0,0.0
1492805530296656378,41861,1492805530297567966,/fluid_pressure,103190.0,0.0
1492805530371042104,41862,1492805530371567966,/fluid_pressure,103200.0,0.0
1492805530445665482,41863,1492805530446567966,/fluid_pressure,103190.0,0.0
1492805530519516484,41864,1492805530520567966,/fluid_pressure,103210.0,0.0
