%time,field.header.seq,field.header.stamp,field.header.frame_id,field.temperature,field.variance
1492805495847110628,3297,1492805495847019056,/temperature,15.7314281464,0.0
1492805495921271633,3298,1492805495922019056,/temperature,15.7314281464,0.0
1492805495995554396,3299,1492805495996019056,/temperature,15.7314281464,0.0
1492805496069432245,3300,1492805496070019056,/temperature,15.7314281464,0.0
1492805496144033023,3301,1492805496144019056,/temperature,15.7401571274,0.0
1492805496218390870,3302,1492805496219019056,/temperature,15.7314281464,0.0
1492805496292218832,3303,1492805496293019056,/temperature,15.7401571274,0.0
1492805496366026279,3304,1492805496367019056,/temperature,15.7401571274,0.0
1492805496441170856,3305,1492805496441019056,/temperature,15.7401571274,0.0
1492805496515533989,3306,1492805496516019056,/temperature,15.7401571274,0.0
1492805496589939936,3307,1492805496590210912,/temperature,15.7401571274,0.0
1492805496663773445,3308,1492805496664210912,/temperature,15.7401571274,0.0
1492805496739122398,3309,1492805496739210912,/temperature,15.7401571274,0.0
1492805496812769930,3310,1492805496813210912,/temperature,15.7401571274,0.0
1492805496887047000,3311,1492805496887210912,/temperature,15.7401571274,0.0
1492805496960454440,3312,1492805496961210912,/temperature,15.7401571274,0.0
1492805497035462030,3313,1492805497035210912,/temperature,15.7488851547,0.0
1492805497109404050,3314,1492805497110210912,/temperature,15.7401571274,0.0
1492805497183362398,3315,1492805497184210912,/temperature,15.7401571274,0.0
1492805497257270153,3316,1492805497258210912,/temperature,15.7401571274,0.0
1492805497332933408,3317,1492805497333210912,/temperature,15.7314281464,0.0
1492805497406577154,3318,1492805497407210912,/temperature,15.7401571274,0.0
1492805497480158021,3319,1492805497481210912,/temperature,15.7314281464,0.0
1492805497556109458,3320,1492805497555210912,/temperature,15.7314281464,0.0
1492805497629013944,3321,1492805497630210912,/temperature,15.7314281464,0.0
1492805497703844515,3322,1492805497704210912,/temperature,15.7401571274,0.0
1492805497778035682,3323,1492805497778210912,/temperature,15.7401571274,0.0
1492805497852756045,3324,1492805497852210912,/temperature,15.7314281464,0.0
1492805497926846823,3325,1492805497927210912,/temperature,15.7226991653,0.0
1492805498000691405,3326,1492805498001210912,/temperature,15.7314281464,0.0
1492805498074145345,3327,1492805498075210912,/temperature,15.7314281464,0.0
1492805498149098472,3328,1492805498149210912,/temperature,15.7314281464,0.0
1492805498223131973,3329,1492805498224210912,/temperature,15.7401571274,0.0
1492805498297109732,3330,1492805498298210912,/temperature,15.7314281464,0.0
1492805498371549241,3331,1492805498372210912,/temperature,15.7314281464,0.0
1492805498446803418,3332,1492805498446210912,/temperature,15.7314281464,0.0
1492805498520241320,3333,1492805498521210912,/temperature,15.7226991653,0.0
1492805498594228478,3334,1492805498595210912,/temperature,15.7226991653,0.0
1492805498668266968,3335,1492805498669210912,/temperature,15.7226991653,0.0
1492805498743575617,3336,1492805498743210912,/temperature,15.7226991653,0.0
1492805498817149436,3337,1492805498818210912,/temperature,15.7226991653,0.0
1492805498892013889,3338,1492805498892210912,/temperature,15.7226991653,0.0
1492805498965875638,3339,1492805498966210912,/temperature,15.7226991653,0.0
1492805499040129864,3340,1492805499040210912,/temperature,15.7226991653,0.0
1492805499114895393,3341,1492805499115943979,/temperature,15.7226991653,0.0
1492805499188970497,3342,1492805499189943979,/temperature,15.7226991653,0.0
1492805499263001726,3343,1492805499263943979,/temperature,15.7226991653,0.0
1492805499338051905,3344,1492805499338943979,/temperature,15.7314281464,0.0
1492805499411875015,3345,1492805499412943979,/temperature,15.7226991653,0.0
1492805499485618890,3346,1492805499486943979,/temperature,15.7226991653,0.0
1492805499560652582,3347,1492805499560943979,/temperature,15.7139701843,0.0
1492805499634538134,3348,1492805499634943979,/temperature,15.7139701843,0.0
1492805499708296580,3349,1492805499709943979,/temperature,15.7139701843,0.0
1492805499782256131,3350,1492805499783943979,/temperature,15.7226991653,0.0
1492805499857848512,3351,1492805499857943979,/temperature,15.7139701843,0.0
1492805499931090576,3352,1492805499931943979,/temperature,15.7226991653,0.0
1492805500006087447,3353,1492805500006943979,/temperature,15.7139701843,0.0
1492805500078970071,3354,1492805500080943979,/temperature,15.7052402496,0.0
1492805500154697469,3355,1492805500154943979,/temperature,15.7226991653,0.0
1492805500228512957,3356,1492805500228943979,/temperature,15.7226991653,0.0
1492805500302523567,3357,1492805500303943979,/temperature,15.7226991653,0.0
1492805500376036644,3358,1492805500377943979,/temperature,15.7139701843,0.0
1492805500451841025,3359,1492805500451943979,/temperature,15.7139701843,0.0
1492805500525674179,3360,1492805500526943979,/temperature,15.7226991653,0.0
1492805500600058029,3361,1492805500600943979,/temperature,15.7226991653,0.0
1492805500673650731,3362,1492805500674943979,/temperature,15.7052402496,0.0
1492805500748553664,3363,1492805500748943979,/temperature,15.7226991653,0.0
1492805500822349928,3364,1492805500823943979,/temperature,15.7139701843,0.0
1492805500896101438,3365,1492805500897943979,/temperature,15.7226991653,0.0
1492805500970144482,3366,1492805500971943979,/temperature,15.7139701843,0.0
1492805501045871004,3367,1492805501045943979,/temperature,15.7052402496,0.0
1492805501119492627,3368,1492805501120943979,/temperature,15.7139701843,0.0
1492805501193287327,3369,1492805501194943979,/temperature,15.7226991653,0.0
1492805501267288353,3370,1492805501268943979,/temperature,15.7052402496,0.0
1492805501342740466,3371,1492805501342943979,/temperature,15.7226991653,0.0
1492805501416413436,3372,1492805501417943979,/temperature,15.7401571274,0.0
1492805501491017918,3373,1492805501491943979,/temperature,15.7052402496,0.0
1492805501565222682,3374,1492805501565943979,/temperature,15.7139701843,0.0
1492805501639556309,3375,1492805501641074012,/temperature,15.7139701843,0.0
1492805501713769439,3376,1492805501715074012,/temperature,15.7226991653,0.0
1492805501787093479,3377,1492805501789074012,/temperature,15.7052402496,0.0
1492805501862687547,3378,1492805501863074012,/temperature,15.6965112686,0.0
1492805501936025357,3379,1492805501938074012,/temperature,15.7226991653,0.0
1492805502010533860,3380,1492805502012074012,/temperature,15.7139701843,0.0
1492805502084347141,3381,1492805502086074012,/temperature,15.7052402496,0.0
1492805502159870578,3382,1492805502160074012,/temperature,15.7314281464,0.0
1492805502234006804,3383,1492805502235074012,/temperature,15.7226991653,0.0
1492805502307504364,3384,1492805502309074012,/temperature,15.7139701843,0.0
1492805502382322229,3385,1492805502383074012,/temperature,15.7139701843,0.0
1492805502456500209,3386,1492805502457074012,/temperature,15.6965112686,0.0
1492805502530415091,3387,1492805502532074012,/temperature,15.7139701843,0.0
1492805502604381446,3388,1492805502606074012,/temperature,15.7052402496,0.0
1492805502679413194,3389,1492805502680074012,/temperature,15.7052402496,0.0
1492805502754012170,3390,1492805502755074012,/temperature,15.7052402496,0.0
1492805502827343010,3391,1492805502829074012,/temperature,15.7139701843,0.0
1492805502901004687,3392,1492805502903074012,/temperature,15.6877813339,0.0
1492805502976907737,3393,1492805502977074012,/temperature,15.6877813339,0.0
1492805503050519851,3394,1492805503052074012,/temperature,15.7139701843,0.0
1492805503124506488,3395,1492805503126074012,/temperature,15.6877813339,0.0
1492805503198911054,3396,1492805503200074012,/temperature,15.6703214645,0.0
1492805503273139257,3397,1492805503274074012,/temperature,15.6965112686,0.0
1492805503347657271,3398,1492805503349074012,/temperature,15.6965112686,0.0
1492805503421596943,3399,1492805503423074012,/temperature,15.6965112686,0.0
1492805503496922432,3400,1492805503497074012,/temperature,15.6877813339,0.0
1492805503571010194,3401,1492805503571074012,/temperature,15.6965112686,0.0
1492805503643966578,3402,1492805503646074012,/temperature,15.7139701843,0.0
1492805503718190893,3403,1492805503720074012,/temperature,15.6877813339,0.0
1492805503793789949,3404,1492805503794074012,/temperature,15.7052402496,0.0
1492805503867940515,3405,1492805503869074012,/temperature,15.6877813339,0.0
1492805503941820912,3406,1492805503943074012,/temperature,15.6965112686,0.0
1492805504016822836,3407,1492805504017074012,/temperature,15.6703214645,0.0
1492805504090705639,3408,1492805504091074012,/temperature,15.6790513992,0.0
1492805504164532929,3409,1492805504166894983,/temperature,15.6790513992,0.0
1492805504239098133,3410,1492805504240894983,/temperature,15.6790513992,0.0
1492805504313983312,3411,1492805504314894983,/temperature,15.6790513992,0.0
1492805504388062802,3412,1492805504388894983,/temperature,15.6877813339,0.0
1492805504461985990,3413,1492805504463894983,/temperature,15.6877813339,0.0
1492805504536027111,3414,1492805504537894983,/temperature,15.6877813339,0.0
1492805504610182708,3415,1492805504611894983,/temperature,15.6877813339,0.0
1492805504683957801,3416,1492805504685894983,/temperature,15.6877813339,0.0
1492805504758892791,3417,1492805504760894983,/temperature,15.6877813339,0.0
1492805504832894997,3418,1492805504834894983,/temperature,15.6703214645,0.0
1492805504907171446,3419,1492805504908894983,/temperature,15.6877813339,0.0
1492805504981698502,3420,1492805504983894983,/temperature,15.6965112686,0.0
1492805505056136937,3421,1492805505057894983,/temperature,15.6790513992,0.0
1492805505129480161,3422,1492805505131894983,/temperature,15.6965112686,0.0
1492805505204614798,3423,1492805505205894983,/temperature,15.6790513992,0.0
1492805505278076507,3424,1492805505280894983,/temperature,15.6790513992,0.0
1492805505352697455,3425,1492805505354894983,/temperature,15.6790513992,0.0
1492805505427127790,3426,1492805505428894983,/temperature,15.7226991653,0.0
1492805505501019662,3427,1492805505502894983,/temperature,15.6703214645,0.0
1492805505575041287,3428,1492805505577894983,/temperature,15.6790513992,0.0
1492805505649999610,3429,1492805505651894983,/temperature,15.6703214645,0.0
1492805505725045920,3430,1492805505725894983,/temperature,15.6790513992,0.0
1492805505798543969,3431,1492805505799894983,/temperature,15.6703214645,0.0
1492805505872596372,3432,1492805505874894983,/temperature,15.6965112686,0.0
1492805505947229685,3433,1492805505948894983,/temperature,15.6790513992,0.0
1492805506021481393,3434,1492805506022894983,/temperature,15.7052402496,0.0
1492805506095124134,3435,1492805506097894983,/temperature,15.6965112686,0.0
1492805506169593548,3436,1492805506171894983,/temperature,15.6877813339,0.0
1492805506244543175,3437,1492805506245894983,/temperature,15.6877813339,0.0
1492805506318363597,3438,1492805506319894983,/temperature,15.7052402496,0.0
1492805506392055378,3439,1492805506394894983,/temperature,15.6877813339,0.0
1492805506466368623,3440,1492805506468894983,/temperature,15.6965112686,0.0
1492805506542034930,3441,1492805506542894983,/temperature,15.6965112686,0.0
1492805506615008322,3442,1492805506616894983,/temperature,15.6877813339,0.0
1492805506689091695,3443,1492805506692080091,/temperature,15.6877813339,0.0
1492805506764595752,3444,1492805506766080091,/temperature,15.6790513992,0.0
1492805506838228174,3445,1492805506840080091,/temperature,15.6790513992,0.0
1492805506912430621,3446,1492805506914080091,/temperature,15.6703214645,0.0
1492805506986608292,3447,1492805506989080091,/temperature,15.6965112686,0.0
1492805507061457310,3448,1492805507063080091,/temperature,15.6615304947,0.0
1492805507135391453,3449,1492805507137080091,/temperature,15.6615304947,0.0
1492805507209972660,3450,1492805507212080091,/temperature,15.6703214645,0.0
1492805507284051524,3451,1492805507286080091,/temperature,15.6965112686,0.0
1492805507358217520,3452,1492805507360080091,/temperature,15.6703214645,0.0
1492805507432511279,3453,1492805507434080091,/temperature,15.6527996063,0.0
1492805507506733737,3454,1492805507509080091,/temperature,15.6615304947,0.0
1492805507580020906,3455,1492805507583080091,/temperature,15.6877813339,0.0
1492805507656162395,3456,1492805507657080091,/temperature,15.6703214645,0.0
1492805507729039376,3457,1492805507731080091,/temperature,15.6790513992,0.0
1492805507803011675,3458,1492805507806080091,/temperature,15.6703214645,0.0
1492805507878109000,3459,1492805507880080091,/temperature,15.6703214645,0.0
1492805507952162152,3460,1492805507954080091,/temperature,15.6790513992,0.0
1492805508026998580,3461,1492805508028080091,/temperature,15.6615304947,0.0
1492805508100817696,3462,1492805508103080091,/temperature,15.6615304947,0.0
1492805508175050200,3463,1492805508177080091,/temperature,15.6790513992,0.0
1492805508249035831,3464,1492805508251080091,/temperature,15.6703214645,0.0
1492805508323160097,3465,1492805508326080091,/temperature,15.6615304947,0.0
1492805508398050971,3466,1492805508400080091,/temperature,15.6615304947,0.0
1492805508472651952,3467,1492805508474080091,/temperature,15.6877813339,0.0
1492805508546906058,3468,1492805508548080091,/temperature,15.6527996063,0.0
1492805508620919090,3469,1492805508623080091,/temperature,15.6877813339,0.0
1492805508695888783,3470,1492805508697080091,/temperature,15.6615304947,0.0
1492805508768989861,3471,1492805508771080091,/temperature,15.6615304947,0.0
1492805508843092454,3472,1492805508846080091,/temperature,15.6615304947,0.0
1492805508917231968,3473,1492805508920080091,/temperature,15.6615304947,0.0
1492805508992420402,3474,1492805508994080091,/temperature,15.6790513992,0.0
1492805509066169450,3475,1492805509068080091,/temperature,15.6615304947,0.0
1492805509140173659,3476,1492805509143080091,/temperature,15.6703214645,0.0
1492805509214084062,3477,1492805509215222118,/temperature,15.6527996063,0.0
1492805509289335432,3478,1492805509289222118,/temperature,15.6615304947,0.0
1492805509363592326,3479,1492805509363222118,/temperature,15.6615304947,0.0
1492805509437956325,3480,1492805509438222118,/temperature,15.6703214645,0.0
1492805509511998884,3481,1492805509512222118,/temperature,15.6527996063,0.0
1492805509586791229,3482,1492805509586222118,/temperature,15.6703214645,0.0
1492805509660923152,3483,1492805509660222118,/temperature,15.6703214645,0.0
1492805509734451540,3484,1492805509735222118,/temperature,15.6703214645,0.0
1492805509809943966,3485,1492805509809222118,/temperature,15.6527996063,0.0
1492805509883846916,3486,1492805509883222118,/temperature,15.6527996063,0.0
1492805509957095152,3487,1492805509958222118,/temperature,15.6353387833,0.0
1492805510031319331,3488,1492805510032222118,/temperature,15.6527996063,0.0
1492805510106429747,3489,1492805510106222118,/temperature,15.6703214645,0.0
1492805510180362430,3490,1492805510180222118,/temperature,15.644068718,0.0
1492805510254800760,3491,1492805510255222118,/temperature,15.6615304947,0.0
1492805510328523785,3492,1492805510329222118,/temperature,15.6703214645,0.0
1492805510403438506,3493,1492805510403222118,/temperature,15.6527996063,0.0
1492805510477065461,3494,1492805510477222118,/temperature,15.644068718,0.0
1492805510551678862,3495,1492805510552222118,/temperature,15.6615304947,0.0
1492805510626963814,3496,1492805510626222118,/temperature,15.644068718,0.0
1492805510700731448,3497,1492805510700222118,/temperature,15.644068718,0.0
1492805510774549897,3498,1492805510774222118,/temperature,15.644068718,0.0
1492805510848065790,3499,1492805510849222118,/temperature,15.644068718,0.0
1492805510923815409,3500,1492805510923222118,/temperature,15.6353387833,0.0
1492805510997748898,3501,1492805510997222118,/temperature,15.644068718,0.0
1492805511071176965,3502,1492805511072222118,/temperature,15.644068718,0.0
1492805511146163949,3503,1492805511146222118,/temperature,15.644068718,0.0
1492805511220383486,3504,1492805511220222118,/temperature,15.6353387833,0.0
1492805511294235621,3505,1492805511294222118,/temperature,15.644068718,0.0
1492805511368907394,3506,1492805511369222118,/temperature,15.6178760529,0.0
1492805511443924750,3507,1492805511443222118,/temperature,15.6353387833,0.0
1492805511517879448,3508,1492805511517222118,/temperature,15.6266078949,0.0
1492805511591649619,3509,1492805511591222118,/temperature,15.644068718,0.0
1492805511665577643,3510,1492805511666222118,/temperature,15.6178760529,0.0
1492805511740841363,3511,1492805511740715978,/temperature,15.6353387833,0.0
1492805511814762832,3512,1492805511814715978,/temperature,15.6266078949,0.0
1492805511889021769,3513,1492805511889715978,/temperature,15.6091451645,0.0
1492805511963187240,3514,1492805511963715978,/temperature,15.6353387833,0.0
1492805512037903394,3515,1492805512037715978,/temperature,15.6266078949,0.0
1492805512111078555,3516,1492805512111715978,/temperature,15.6266078949,0.0
1492805512185934841,3517,1492805512186715978,/temperature,15.6091451645,0.0
1492805512260662609,3518,1492805512260715978,/temperature,15.6091451645,0.0
1492805512334874531,3519,1492805512334715978,/temperature,15.6353387833,0.0
1492805512408052738,3520,1492805512408715978,/temperature,15.6091451645,0.0
1492805512482474832,3521,1492805512483715978,/temperature,15.6004133224,0.0
1492805512557061613,3522,1492805512557715978,/temperature,15.6266078949,0.0
1492805512631098388,3523,1492805512631715978,/temperature,15.6091451645,0.0
1492805512705132919,3524,1492805512705715978,/temperature,15.6178760529,0.0
1492805512780335295,3525,1492805512780715978,/temperature,15.6091451645,0.0
1492805512855034535,3526,1492805512854715978,/temperature,15.6091451645,0.0
1492805512928973327,3527,1492805512928715978,/temperature,15.5916824341,0.0
1492805513001970721,3528,1492805513003715978,/temperature,15.6004133224,0.0
1492805513077806224,3529,1492805513077715978,/temperature,15.6091451645,0.0
1492805513151786677,3530,1492805513151715978,/temperature,15.6004133224,0.0
1492805513225345672,3531,1492805513225715978,/temperature,15.6178760529,0.0
1492805513299269301,3532,1492805513300715978,/temperature,15.5916824341,0.0
1492805513374258605,3533,1492805513374715978,/temperature,15.5916824341,0.0
1492805513448087865,3534,1492805513448715978,/temperature,15.6004133224,0.0
1492805513522508089,3535,1492805513522715978,/temperature,15.5916824341,0.0
1492805513597850465,3536,1492805513597715978,/temperature,15.5742177963,0.0
1492805513671915964,3537,1492805513671715978,/temperature,15.6004133224,0.0
1492805513745788248,3538,1492805513745715978,/temperature,15.6004133224,0.0
1492805513819133151,3539,1492805513819715978,/temperature,15.582950592,0.0
1492805513894409260,3540,1492805513894715978,/temperature,15.5916824341,0.0
1492805513968546310,3541,1492805513968715978,/temperature,15.582950592,0.0
1492805514042546122,3542,1492805514042715978,/temperature,15.5742177963,0.0
1492805514117983991,3543,1492805514117715978,/temperature,15.6091451645,0.0
1492805514191823260,3544,1492805514191715978,/temperature,15.5742177963,0.0
1492805514265563035,3545,1492805514267039058,/temperature,15.5480213165,0.0
1492805514340066781,3546,1492805514341039058,/temperature,15.582950592,0.0
1492805514414787624,3547,1492805514416039058,/temperature,15.5567541122,0.0
1492805514488791781,3548,1492805514490039058,/temperature,15.582950592,0.0
1492805514562861741,3549,1492805514564039058,/temperature,15.582950592,0.0
1492805514636634946,3550,1492805514639039058,/temperature,15.5567541122,0.0
1492805514712082724,3551,1492805514713039058,/temperature,15.5742177963,0.0
1492805514785412069,3552,1492805514787039058,/temperature,15.5654859543,0.0
1492805514859225879,3553,1492805514861039058,/temperature,15.5654859543,0.0
1492805514933027994,3554,1492805514936039058,/temperature,15.5742177963,0.0
1492805515008450371,3555,1492805515010039058,/temperature,15.5654859543,0.0
1492805515082111273,3556,1492805515084039058,/temperature,15.5567541122,0.0
1492805515156138533,3557,1492805515158039058,/temperature,15.5742177963,0.0
1492805515230867060,3558,1492805515233039058,/temperature,15.5567541122,0.0
1492805515305270594,3559,1492805515307039058,/temperature,15.5742177963,0.0
1492805515379336297,3560,1492805515381039058,/temperature,15.5654859543,0.0
1492805515453668727,3561,1492805515455039058,/temperature,15.5654859543,0.0
1492805515528967148,3562,1492805515530039058,/temperature,15.5567541122,0.0
1492805515601993432,3563,1492805515604039058,/temperature,15.5567541122,0.0
1492805515676170295,3564,1492805515678039058,/temperature,15.5480213165,0.0
1492805515750427636,3565,1492805515753039058,/temperature,15.5392885208,0.0
1492805515825676937,3566,1492805515827039058,/temperature,15.5654859543,0.0
1492805515899484801,3567,1492805515901039058,/temperature,15.5654859543,0.0
1492805515973661193,3568,1492805515975039058,/temperature,15.5480213165,0.0
1492805516047508292,3569,1492805516050039058,/temperature,15.5567541122,0.0
1492805516122741047,3570,1492805516124039058,/temperature,15.5654859543,0.0
1492805516196677387,3571,1492805516198039058,/temperature,15.5654859543,0.0
1492805516270731831,3572,1492805516272039058,/temperature,15.5480213165,0.0
1492805516345434564,3573,1492805516347039058,/temperature,15.5480213165,0.0
1492805516419510044,3574,1492805516421039058,/temperature,15.5480213165,0.0
1492805516493329078,3575,1492805516495039058,/temperature,15.5567541122,0.0
1492805516567005123,3576,1492805516569039058,/temperature,15.5305557251,0.0
1492805516642017742,3577,1492805516644039058,/temperature,15.5480213165,0.0
1492805516716959703,3578,1492805516718039058,/temperature,15.5392885208,0.0
1492805516790484487,3579,1492805516791069028,/temperature,15.5480213165,0.0
1492805516864086576,3580,1492805516866069028,/temperature,15.5480213165,0.0
1492805516939103469,3581,1492805516940069028,/temperature,15.5392885208,0.0
1492805517013286638,3582,1492805517014069028,/temperature,15.5654859543,0.0
1492805517087277029,3583,1492805517088069028,/temperature,15.5567541122,0.0
1492805517162218747,3584,1492805517163069028,/temperature,15.5043563843,0.0
1492805517235985369,3585,1492805517237069028,/temperature,15.5480213165,0.0
1492805517310403968,3586,1492805517311069028,/temperature,15.5480213165,0.0
1492805517384390570,3587,1492805517385069028,/temperature,15.5392885208,0.0
1492805517458974978,3588,1492805517460069028,/temperature,15.5567541122,0.0
1492805517533951196,3589,1492805517534069028,/temperature,15.5480213165,0.0
1492805517606970352,3590,1492805517608069028,/temperature,15.5392885208,0.0
1492805517681988540,3591,1492805517683069028,/temperature,15.5392885208,0.0
1492805517756778490,3592,1492805517757069028,/temperature,15.5392885208,0.0
1492805517830766879,3593,1492805517831069028,/temperature,15.5305557251,0.0
1492805517905049328,3594,1492805517905069028,/temperature,15.5392885208,0.0
1492805517979976353,3595,1492805517980069028,/temperature,15.5480213165,0.0
1492805518053460392,3596,1492805518054069028,/temperature,15.5480213165,0.0
1492805518127721111,3597,1492805518128069028,/temperature,15.5392885208,0.0
1492805518201398446,3598,1492805518202069028,/temperature,15.5392885208,0.0
1492805518276005510,3599,1492805518277069028,/temperature,15.5218229294,0.0
1492805518350967348,3600,1492805518351069028,/temperature,15.5305557251,0.0
1492805518424799738,3601,1492805518425069028,/temperature,15.5218229294,0.0
1492805518498601425,3602,1492805518499069028,/temperature,15.5654859543,0.0
1492805518573933587,3603,1492805518574069028,/temperature,15.5305557251,0.0
1492805518646986922,3604,1492805518648069028,/temperature,15.5305557251,0.0
1492805518721768986,3605,1492805518722069028,/temperature,15.5480213165,0.0
1492805518795144575,3606,1492805518796069028,/temperature,15.5305557251,0.0
1492805518870592028,3607,1492805518871069028,/temperature,15.5305557251,0.0
1492805518944853251,3608,1492805518945069028,/temperature,15.5043563843,0.0
1492805519019009247,3609,1492805519019069028,/temperature,15.5480213165,0.0
1492805519093418616,3610,1492805519094069028,/temperature,15.5392885208,0.0
1492805519167083359,3611,1492805519168069028,/temperature,15.5305557251,0.0
1492805519241723130,3612,1492805519242069028,/temperature,15.51308918,0.0
1492805519315540604,3613,1492805519316133974,/temperature,15.5305557251,0.0
1492805519390163060,3614,1492805519391133974,/temperature,15.5218229294,0.0
1492805519465008406,3615,1492805519465133974,/temperature,15.5043563843,0.0
1492805519538506067,3616,1492805519539133974,/temperature,15.5218229294,0.0
1492805519612207802,3617,1492805519613133974,/temperature,15.5305557251,0.0
1492805519687777727,3618,1492805519688133974,/temperature,15.5218229294,0.0
1492805519760999645,3619,1492805519762133974,/temperature,15.51308918,0.0
1492805519836003640,3620,1492805519836133974,/temperature,15.5218229294,0.0
1492805519910684025,3621,1492805519911133974,/temperature,15.51308918,0.0
1492805519984792763,3622,1492805519985133974,/temperature,15.5305557251,0.0
1492805520058302853,3623,1492805520059133974,/temperature,15.5218229294,0.0
1492805520132986788,3624,1492805520133133974,/temperature,15.5305557251,0.0
1492805520207214617,3625,1492805520208133974,/temperature,15.5043563843,0.0
1492805520281820079,3626,1492805520282133974,/temperature,15.51308918,0.0
1492805520355371292,3627,1492805520356133974,/temperature,15.51308918,0.0
1492805520430022432,3628,1492805520430133974,/temperature,15.5043563843,0.0
1492805520504724557,3629,1492805520505133974,/temperature,15.5043563843,0.0
1492805520578748429,3630,1492805520579133974,/temperature,15.51308918,0.0
1492805520652424063,3631,1492805520653133974,/temperature,15.5043563843,0.0
1492805520727485087,3632,1492805520727133974,/temperature,15.51308918,0.0
1492805520801485527,3633,1492805520802133974,/temperature,15.5043563843,0.0
1492805520875938465,3634,1492805520876133974,/temperature,15.51308918,0.0
1492805520949911605,3635,1492805520950133974,/temperature,15.5043563843,0.0
1492805521024742721,3636,1492805521025133974,/temperature,15.51308918,0.0
1492805521098189163,3637,1492805521099133974,/temperature,15.5218229294,0.0
1492805521172684569,3638,1492805521173133974,/temperature,15.4956226349,0.0
1492805521248018604,3639,1492805521247133974,/temperature,15.5043563843,0.0
1492805521321165409,3640,1492805521322133974,/temperature,15.4956226349,0.0
1492805521395335104,3641,1492805521396133974,/temperature,15.5043563843,0.0
1492805521469736732,3642,1492805521470133974,/temperature,15.4868888855,0.0
1492805521544138071,3643,1492805521544133974,/temperature,15.4956226349,0.0
1492805521619005794,3644,1492805521619133974,/temperature,15.51308918,0.0
1492805521692304524,3645,1492805521693133974,/temperature,15.51308918,0.0
1492805521765991532,3646,1492805521767133974,/temperature,15.5043563843,0.0
1492805521841495822,3647,1492805521842345069,/temperature,15.5043563843,0.0
1492805521915871147,3648,1492805521916345069,/temperature,15.4868888855,0.0
1492805521989113917,3649,1492805521990345069,/temperature,15.5043563843,0.0
1492805522064737062,3650,1492805522064345069,/temperature,15.51308918,0.0
1492805522138228512,3651,1492805522139345069,/temperature,15.51308918,0.0
1492805522212214412,3652,1492805522213345069,/temperature,15.4781551361,0.0
1492805522286519365,3653,1492805522287345069,/temperature,15.5043563843,0.0
1492805522361760625,3654,1492805522361345069,/temperature,15.4868888855,0.0
1492805522435866717,3655,1492805522436345069,/temperature,15.4868888855,0.0
1492805522509904620,3656,1492805522510345069,/temperature,15.4956226349,0.0
1492805522583164702,3657,1492805522584345069,/temperature,15.4868888855,0.0
1492805522658385373,3658,1492805522659345069,/temperature,15.4868888855,0.0
1492805522732884666,3659,1492805522733345069,/temperature,15.4694213867,0.0
1492805522806980435,3660,1492805522807345069,/temperature,15.4694213867,0.0
1492805522880733845,3661,1492805522881345069,/temperature,15.4956226349,0.0
1492805522956271280,3662,1492805522956345069,/temperature,15.4606866837,0.0
1492805523029256019,3663,1492805523030345069,/temperature,15.4781551361,0.0
1492805523103963389,3664,1492805523104345069,/temperature,15.4781551361,0.0
1492805523178600665,3665,1492805523178345069,/temperature,15.4868888855,0.0
1492805523252745882,3666,1492805523253345069,/temperature,15.4781551361,0.0
1492805523326558199,3667,1492805523327345069,/temperature,15.4781551361,0.0
1492805523400021682,3668,1492805523401345069,/temperature,15.4956226349,0.0
1492805523475927160,3669,1492805523475345069,/temperature,15.4868888855,0.0
1492805523549413270,3670,1492805523550345069,/temperature,15.4781551361,0.0
1492805523623194839,3671,1492805523624345069,/temperature,15.4781551361,0.0
1492805523697982725,3672,1492805523698345069,/temperature,15.4781551361,0.0
1492805523772767197,3673,1492805523773345069,/temperature,15.4694213867,0.0
1492805523847049820,3674,1492805523847345069,/temperature,15.4956226349,0.0
1492805523920425567,3675,1492805523921345069,/temperature,15.4956226349,0.0
1492805523995677973,3676,1492805523995345069,/temperature,15.4781551361,0.0
1492805524069234156,3677,1492805524070345069,/temperature,15.4868888855,0.0
1492805524143066301,3678,1492805524144345069,/temperature,15.4606866837,0.0
1492805524217355532,3679,1492805524218345069,/temperature,15.4868888855,0.0
1492805524292551929,3680,1492805524292345069,/temperature,15.4781551361,0.0
1492805524366023951,3681,1492805524367426942,/temperature,15.4868888855,0.0
1492805524440781508,3682,1492805524441426942,/temperature,15.4956226349,0.0
1492805524514929180,3683,1492805524515426942,/temperature,15.4781551361,0.0
1492805524589168819,3684,1492805524590426942,/temperature,15.4868888855,0.0
1492805524664063113,3685,1492805524664426942,/temperature,15.4868888855,0.0
1492805524737193529,3686,1492805524738426942,/temperature,15.5043563843,0.0
1492805524812113961,3687,1492805524812426942,/temperature,15.4781551361,0.0
1492805524886332825,3688,1492805524887426942,/temperature,15.4781551361,0.0
1492805524960333312,3689,1492805524961426942,/temperature,15.4781551361,0.0
1492805525034654350,3690,1492805525035426942,/temperature,15.4868888855,0.0
1492805525109916666,3691,1492805525109426942,/temperature,15.4868888855,0.0
1492805525183822403,3692,1492805525184426942,/temperature,15.51308918,0.0
1492805525257598246,3693,1492805525258426942,/temperature,15.5043563843,0.0
1492805525331858981,3694,1492805525332426942,/temperature,15.4868888855,0.0
1492805525406854089,3695,1492805525406426942,/temperature,15.4868888855,0.0
1492805525480047642,3696,1492805525481426942,/temperature,15.4956226349,0.0
1492805525554321026,3697,1492805525555426942,/temperature,15.4956226349,0.0
1492805525629617205,3698,1492805525629426942,/temperature,15.51308918,0.0
1492805525703722844,3699,1492805525704426942,/temperature,15.4781551361,0.0
1492805525777018613,3700,1492805525778426942,/temperature,15.4868888855,0.0
1492805525851407668,3701,1492805525852426942,/temperature,15.51308918,0.0
1492805525926869052,3702,1492805525926426942,/temperature,15.4956226349,0.0
1492805526000803247,3703,1492805526001426942,/temperature,15.5043563843,0.0
1492805526074760171,3704,1492805526075426942,/temperature,15.4956226349,0.0
1492805526148034268,3705,1492805526149426942,/temperature,15.4956226349,0.0
1492805526223452585,3706,1492805526223426942,/temperature,15.51308918,0.0
1492805526297792152,3707,1492805526298426942,/temperature,15.4956226349,0.0
1492805526371318363,3708,1492805526372426942,/temperature,15.4956226349,0.0
1492805526446164037,3709,1492805526446426942,/temperature,15.5043563843,0.0
1492805526520996417,3710,1492805526520426942,/temperature,15.5218229294,0.0
1492805526594388247,3711,1492805526595426942,/temperature,15.5218229294,0.0
1492805526668860101,3712,1492805526669426942,/temperature,15.4956226349,0.0
1492805526743473090,3713,1492805526743426942,/temperature,15.5218229294,0.0
1492805526817596998,3714,1492805526818426942,/temperature,15.5218229294,0.0
1492805526891805176,3715,1492805526893528055,/temperature,15.5043563843,0.0
1492805526966078965,3716,1492805526967528055,/temperature,15.4956226349,0.0
1492805527040038847,3717,1492805527041528055,/temperature,15.4956226349,0.0
1492805527114016860,3718,1492805527116528055,/temperature,15.51308918,0.0
1492805527189051940,3719,1492805527190528055,/temperature,15.5480213165,0.0
1492805527263290732,3720,1492805527264528055,/temperature,15.5218229294,0.0
1492805527337755372,3721,1492805527339528055,/temperature,15.5218229294,0.0
1492805527411240109,3722,1492805527413528055,/temperature,15.5218229294,0.0
1492805527485322459,3723,1492805527487528055,/temperature,15.5043563843,0.0
1492805527560660426,3724,1492805527561528055,/temperature,15.5305557251,0.0
1492805527634232225,3725,1492805527636528055,/temperature,15.5392885208,0.0
1492805527708211149,3726,1492805527710528055,/temperature,15.5305557251,0.0
1492805527782016020,3727,1492805527784528055,/temperature,15.51308918,0.0
1492805527857281027,3728,1492805527858528055,/temperature,15.5218229294,0.0
1492805527931004493,3729,1492805527933528055,/temperature,15.5218229294,0.0
1492805528005726582,3730,1492805528007528055,/temperature,15.5392885208,0.0
1492805528080584843,3731,1492805528081528055,/temperature,15.5218229294,0.0
1492805528154358529,3732,1492805528155528055,/temperature,15.5392885208,0.0
1492805528228291635,3733,1492805528230528055,/temperature,15.5392885208,0.0
1492805528302178884,3734,1492805528304528055,/temperature,15.5218229294,0.0
1492805528377222984,3735,1492805528378528055,/temperature,15.51308918,0.0
1492805528451232309,3736,1492805528453528055,/temperature,15.5567541122,0.0
1492805528525754394,3737,1492805528527528055,/temperature,15.5218229294,0.0
1492805528599497414,3738,1492805528601528055,/temperature,15.5218229294,0.0
1492805528674734519,3739,1492805528675528055,/temperature,15.5392885208,0.0
1492805528748811261,3740,1492805528750528055,/temperature,15.5480213165,0.0
1492805528822671827,3741,1492805528824528055,/temperature,15.5392885208,0.0
1492805528896675559,3742,1492805528898528055,/temperature,15.5305557251,0.0
1492805528971796713,3743,1492805528972528055,/temperature,15.5305557251,0.0
1492805529045853994,3744,1492805529047528055,/temperature,15.5392885208,0.0
1492805529119859247,3745,1492805529121528055,/temperature,15.5218229294,0.0
1492805529194073952,3746,1492805529195528055,/temperature,15.5305557251,0.0
1492805529268513583,3747,1492805529269528055,/temperature,15.5043563843,0.0
1492805529342526311,3748,1492805529344528055,/temperature,15.51308918,0.0
1492805529416520229,3749,1492805529417567966,/temperature,15.5218229294,0.0
1492805529491673170,3750,1492805529491567966,/temperature,15.5392885208,0.0
1492805529565524224,3751,1492805529566567966,/temperature,15.5305557251,0.0
1492805529639507380,3752,1492805529640567966,/temperature,15.5043563843,0.0
1492805529714147795,3753,1492805529714567966,/temperature,15.5305557251,0.0
1492805529788014176,3754,1492805529788567966,/temperature,15.5218229294,0.0
1492805529862748575,3755,1492805529863567966,/temperature,15.5043563843,0.0
1492805529936117402,3756,1492805529937567966,/temperature,15.5043563843,0.0
1492805530011711337,3757,1492805530011567966,/temperature,15.51308918,0.0
1492805530085297027,3758,1492805530085567966,/temperature,15.5218229294,0.0
1492805530159431843,3759,1492805530160567966,/temperature,15.5305557251,0.0
1492805530233003803,3760,1492805530234567966,/temperature,15.5392885208,0.0
1492805530308596622,3761,1492805530308567966,/temperature,15.5218229294,0.0
1492805530382994327,3762,1492805530383567966,/temperature,15.5218229294,0.0
1492805530456580904,3763,1492805530457567966,/temperature,15.51308918,0.0
1492805530530454018,3764,1492805530531567966,/temperature,15.5218229294,0.0
