%time,field.data
1492808499655974545,0.0
1492808499755711600,0.0
1492808499855615599,0.0
1492808499955834619,0.0
1492808500055689888,0.0
1492808500155777522,0.0
1492808500255853401,0.0
1492808500355966212,0.0
1492808500456665406,0.0
1492808500555855450,0.0
1492808500655832388,0.0
1492808500756045178,0.0
1492808500855697886,0.0
1492808500955647606,0.0
1492808501056041849,0.0
1492808501156013500,0.0
1492808501255927343,0.0
1492808501355824480,0.0
1492808501455785863,0.0
1492808501555715025,0.0
1492808501655948105,0.0
1492808501755898528,0.0
1492808501855722923,0.0
1492808501955580017,0.0
1492808502055661725,0.0
1492808502155661062,0.0
1492808502255668997,0.0
1492808502355766077,0.0
1492808502455772824,0.0
1492808502555706297,0.0
1492808502655818847,0.0
1492808502755703096,0.0
1492808502855729533,0.0
1492808502955839599,0.0
1492808503055770852,0.0
1492808503156289318,0.0
1492808503255773211,0.0
1492808503355790372,0.0
1492808503455725147,0.0
1492808503555619595,0.0
1492808503655684136,0.0
1492808503755746289,0.0
1492808503855804279,0.0
1492808503955748739,0.0
1492808504055883380,0.0
1492808504155706256,0.0
1492808504255759466,0.0
1492808504355712461,0.305850297213
1492808504455869115,-0.143089354038
1492808504555759999,-0.750218749046
1492808504655774021,-0.847511470318
1492808504755682116,2.14220070839
1492808504855666491,3.41414785385
1492808504955896031,4.17506551743
1492808505055765608,4.05503892899
1492808505155901805,3.2281525135
1492808505255888825,1.30848896503
1492808505355893150,-0.327984213829
1492808505455853898,-0.737130224705
1492808505555830464,-0.508263528347
1492808505655807157,-0.127221509814
1492808505755697006,0.137280032039
1492808505855789703,1.17871761322
1492808505955667192,2.70687866211
1492808506056011248,3.72400736809
1492808506155809858,4.21780824661
1492808506255771783,4.73339319229
1492808506355836555,4.0010266304
1492808506455796573,3.3488278389
1492808506555932998,2.79315233231
1492808506655750997,1.74012243748
1492808506755792613,0.99265640974
1492808506855828882,0.841884016991
1492808506955794740,0.385683476925
1492808507056070415,0.487412959337
1492808507155668754,0.787239551544
1492808507255630592,1.12257802486
1492808507355768849,1.13231635094
1492808507455813542,0.879045963287
1492808507555773814,0.459493488073
1492808507655940766,0.459748774767
1492808507755804978,0.521544694901
1492808507855772996,0.974240899086
1492808507955692517,1.7732821703
1492808508055717576,2.95259642601
1492808508155733927,4.21618032455
1492808508256022805,4.97247552872
1492808508355971333,4.88659906387
1492808508455688725,4.00999641418
1492808508555698873,2.30054068565
1492808508655707701,1.45598387718
1492808508755717816,1.07614314556
1492808508855768793,0.827395021915
1492808508955807832,0.19909965992
1492808509055903062,-0.391972571611
1492808509155825674,-0.60464912653
1492808509255758115,-0.0731951370835
1492808509355838760,0.871630966663
1492808509455750657,1.66342329979
1492808509555750632,1.94116580486
1492808509655957811,2.19296240807
1492808509755903546,2.77397274971
1492808509855648149,3.38872718811
1492808509955839730,4.1750793457
1492808510055759488,4.9635515213
1492808510155681505,4.90465259552
1492808510255732096,4.0355463028
1492808510356000296,2.00996994972
1492808510455680348,0.101880282164
1492808510555729417,-1.21574294567
1492808510655887911,-2.10624408722
1492808510755781621,-1.88733923435
1492808510855761172,-0.970515668392
1492808510955731252,0.0908268019557
1492808511056006102,1.00564444065
1492808511155776328,1.96035397053
1492808511255790720,2.63115358353
1492808511355797992,3.33928799629
1492808511455768534,3.44691801071
1492808511555701450,2.92207503319
1492808511655880272,2.47145318985
1492808511755809242,2.23636364937
1492808511855721521,2.58191943169
1492808511955671964,3.31609463692
1492808512055924325,3.55603265762
1492808512155823146,2.93976545334
1492808512255777150,1.99281620979
1492808512355645227,1.15973436832
1492808512455747625,1.23404765129
1492808512555716834,1.84141242504
1492808512655832708,2.49369668961
1492808512755963718,2.95530319214
1492808512855765983,3.31230211258
1492808512955641467,3.15838003159
1492808513055784739,2.7989654541
1492808513155832764,2.34083938599
1492808513255809842,1.96164941788
1492808513355660517,2.32836961746
1492808513455877915,3.15761637688
1492808513555668132,4.01207304001
1492808513655717717,4.53568315506
1492808513755766663,4.44188690186
1492808513855767685,3.89008355141
1492808513955669372,3.00724291801
1492808514055878186,1.77552735806
1492808514155871715,1.46843183041
1492808514255905057,1.33936047554
1492808514355780369,1.33426499367
1492808514455804390,1.46341252327
1492808514555812444,1.63416457176
1492808514655964020,1.60683107376
1492808514755721853,1.64134788513
1492808514855837094,1.68249893188
1492808514955672094,1.54194462299
1492808515055752376,1.62512099743
1492808515156017434,1.86594188213
1492808515255681350,2.20759367943
1492808515355961034,2.90059733391
1492808515455789006,3.36839818954
1492808515555763152,4.16862106323
1492808515655717145,4.30274200439
1492808515755666373,3.67620372772
1492808515855718485,2.29013156891
1492808515955848749,0.766356468201
1492808516055668458,-0.161650568247
1492808516155780784,-0.86083060503
1492808516255796237,-0.884287118912
1492808516356045287,-0.305546522141
1492808516455816396,0.454975187778
1492808516555676140,1.09797859192
1492808516655933160,1.83227956295
1492808516755728095,2.03726577759
1492808516855726876,2.21101498604
1492808516955726225,1.97926390171
1492808517055800596,1.4383251667
1492808517155890538,0.924198269844
1492808517256193452,0.659022510052
1492808517355918443,0.62951618433
1492808517455743871,0.651548624039
1492808517555774319,0.451156377792
1492808517655698750,0.318386912346
1492808517756070354,0.228917330503
1492808517855637044,0.186097368598
1492808517955771949,0.259553283453
1492808518055903001,0.278615355492
1492808518155689781,0.572198033333
1492808518255812790,0.883724689484
1492808518356003839,1.40559995174
1492808518455793298,2.16721796989
1492808518555657766,2.81111264229
1492808518655922156,3.20755124092
1492808518755884419,3.2974357605
1492808518855756389,2.41327643394
1492808518956191503,1.16407704353
1492808519056034529,-0.178374633193
1492808519155734227,-0.557582557201
1492808519255766342,-0.972118675709
1492808519355816556,-1.48268330097
1492808519455673072,-1.71010828018
1492808519555784116,-1.94380068779
1492808519655866193,-2.08596277237
1492808519755819776,-1.509152174
1492808519855820103,-0.72742575407
1492808519955714189,0.0977561622858
1492808520055634450,1.04984843731
1492808520155661335,1.89336574078
1492808520255654865,2.04734659195
1492808520355690640,2.06979942322
1492808520455702112,1.76803648472
1492808520555671760,1.24835968018
1492808520655734743,0.286341756582
1492808520755761723,-1.00490248203
1492808520855720898,-1.94120550156
1492808520955751915,-2.23771309853
1492808521055776593,-1.77987134457
1492808521155879025,-1.23685419559
1492808521255749486,-0.421814352274
1492808521355708931,0.11636287719
1492808521455709989,0.230570554733
1492808521555620780,0.371133446693
1492808521655715136,0.278023958206
1492808521755660063,0.426667094231
1492808521855864726,0.816928565502
1492808521955840328,1.20771121979
1492808522055690332,0.826277017593
1492808522156089723,0.223227679729
1492808522255931948,-0.690366864204
1492808522355969183,-1.38001406193
1492808522457053880,-1.8956720829
1492808522555870576,-1.81901109219
1492808522655743682,-1.49792027473
1492808522755819455,-1.23629522324
1492808522855851138,-1.26518976688
1492808522955669569,-1.5528345108
1492808523055937512,-2.18905639648
1492808523155731175,-2.62190151215
1492808523255850023,-3.04511713982
1492808523355958896,-3.26224279404
1492808523455740072,-3.12149691582
1492808523555841962,-2.96549201012
1492808523655687201,-2.32171940804
1492808523755684567,-1.74489796162
1492808523855793824,-0.779919028282
1492808523955760514,0.0596281476319
1492808524055754575,0.595630228519
1492808524156537554,0.72877073288
1492808524255779745,0.296469956636
1492808524355780199,-0.64195561409
1492808524455790743,-1.38298106194
1492808524555830484,-1.68790233135
1492808524655876997,-2.13320350647
1492808524755784640,-2.41815137863
1492808524855965925,-2.29100894928
1492808524955684190,-2.07006525993
1492808525055937513,-1.89042568207
1492808525155880633,-1.7747811079
1492808525255662767,-1.60583913326
1492808525355861686,-1.31980741024
1492808525455877296,-0.983858883381
1492808525555796213,-0.66261613369
1492808525655891606,-0.859140574932
1492808525755757887,-1.190772295
1492808525855779328,-1.52770721912
1492808525956165827,-1.84997332096
1492808526055776900,-1.84525465965
1492808526155669346,-1.5285667181
1492808526255913051,-1.00023138523
1492808526355803581,-0.523240149021
1492808526455731479,-0.250004440546
1492808526555795246,-0.631879031658
1492808526655670466,-1.08399951458
1492808526755788268,-1.65435600281
1492808526855735477,-2.02271103859
1492808526955785250,-2.24943447113
1492808527055771421,-2.29504799843
1492808527155642811,-2.13905644417
1492808527255625677,-1.58884632587
1492808527355739393,-1.45426893234
1492808527455796959,-1.1549539566
1492808527555682164,-1.20017695427
1492808527655934035,-1.38299465179
1492808527755839721,-1.83412361145
1492808527855732923,-1.72517216206
1492808527955706520,-1.13533711433
1492808528055884157,-0.567729771137
1492808528155671017,0.15159805119
1492808528255925977,0.751078188419
1492808528355901243,0.354382127523
1492808528455936317,-0.780121982098
1492808528555731099,-2.27403068542
1492808528655712507,-3.29440259933
1492808528755711831,-3.81010866165
1492808528855738936,-3.71721100807
1492808528955881279,-3.65022277832
1492808529055731289,-3.36797070503
1492808529155789516,-2.8099694252
1492808529255716592,-2.46683812141
1492808529356707100,-1.96116900444
1492808529455791975,-1.74381661415
1492808529555695660,-2.02239751816
1492808529655823526,-2.69158434868
1492808529755818541,-3.39480662346
1492808529855735409,-3.95757460594
1492808529955701665,-4.04006671906
1492808530055697896,-3.56407880783
1492808530155687547,-2.69941306114
1492808530255671534,-1.96533286572
1492808530355750188,-1.45813512802
1492808530455749369,-1.2808662653
1492808530555645742,-1.57646214962
1492808530655861372,-2.3357167244
1492808530755601563,-3.40389800072
1492808530855743111,-4.02537822723
1492808530955769140,-4.5094408989
1492808531055693850,-4.46585273743
1492808531155723895,-3.93008828163
1492808531255815328,-3.26039123535
1492808531355714708,-2.48538804054
1492808531455720348,-1.7263687849
1492808531555796654,-1.50462806225
1492808531655731186,-1.8338060379
1492808531755796795,-2.41191959381
1492808531855844812,-2.68309783936
1492808531955769161,-2.68683719635
1492808532055846294,-2.4288547039
1492808532155671524,-1.8327357769
1492808532255698995,-1.21492779255
1492808532355635363,-0.720008790493
1492808532456009365,-0.737406432629
1492808532555624319,-1.2562725544
1492808532655838078,-1.6181139946
1492808532755672681,-1.44103395939
1492808532855663525,-0.837091505527
1492808532955842797,-0.511831104755
1492808533055816519,-0.311010032892
1492808533155702492,-0.512717783451
1492808533255689317,-0.973689079285
1492808533355810758,-1.50050354004
1492808533455860747,-1.78289759159
1492808533555765657,-2.13412261009
1492808533655749580,-2.47441053391
1492808533755671358,-2.47989463806
1492808533855808094,-2.31942129135
1492808533955708624,-2.28987622261
1492808534055676712,-2.2330930233
1492808534155654003,-2.08770298958
1492808534255806289,-1.79286730289
1492808534355723885,-1.43343257904
1492808534455958756,-1.08766174316
1492808534555636835,-1.05240404606
1492808534655703763,-1.3458032608
1492808534755782059,-1.59631955624
1492808534855716179,-1.65800404549
1492808534955719448,-1.3353356123
1492808535055797829,-1.12742567062
1492808535155770888,-0.882195770741
1492808535255728104,-0.576671600342
1492808535355707326,-0.440001130104
1492808535455717796,-0.429094672203
1492808535555753899,-0.554163038731
1492808535655876801,-0.770103812218
1492808535756267712,-1.25567138195
1492808535855808552,-1.6244481802
1492808535955687299,-2.35395860672
1492808536055699081,-2.78066372871
1492808536155669718,-2.89362311363
1492808536255824529,-2.88609957695
1492808536355801184,-2.58152890205
1492808536455689629,-1.9717965126
1492808536555756531,-1.22316133976
1492808536655870947,-0.709620118141
1492808536755687869,-0.161917284131
1492808536855729575,-0.00623130938038
1492808536955684963,-0.416485011578
1492808537055685608,-1.16146540642
1492808537155790164,-1.99721598625
1492808537255947351,-2.86333322525
1492808537355892588,-3.20084547997
1492808537455717398,-3.15970301628
1492808537555907018,-2.79228281975
1492808537655799001,-2.34591579437
1492808537755828411,-2.11841583252
1492808537855662125,-2.041203022
1492808537955793044,-1.90484654903
1492808538055723088,-1.62964463234
1492808538155698686,-1.46151089668
1492808538256007171,-1.5581548214
1492808538355846312,-1.88353478909
1492808538455668903,-2.41683602333
1492808538555759110,-3.68417978287
1492808538655663797,-4.81559753418
1492808538755760881,-5.58959007263
1492808538855729884,-5.74119997025
1492808538955877616,-5.24363994598
1492808539055768359,-4.62741279602
1492808539155728706,-3.89715337753
1492808539255786924,-3.66597247124
1492808539355831995,-3.89056277275
1492808539455851727,-4.46062755585
1492808539555809324,-5.1379275322
1492808539655824940,-5.69609546661
1492808539755727529,-6.05875396729
1492808539855874545,-5.95708274841
1492808539955727899,-4.89684343338
1492808540055909725,-3.68306112289
1492808540155717294,-2.71176719666
1492808540255882715,-2.14731669426
1492808540355702171,-2.05564856529
1492808540455738744,-2.48998212814
1492808540555693015,-2.68840837479
1492808540655753765,-3.19827437401
1492808540755799057,-4.26389360428
1492808540855761024,-4.9558134079
1492808540955785219,-5.50107383728
1492808541055626946,-5.77359247208
1492808541155803886,-5.49273633957
1492808541255889767,-4.8579864502
1492808541355798318,-4.54806995392
1492808541455778074,-4.66034889221
1492808541555847355,-4.67862796783
1492808541655766988,-4.74364089966
1492808541755817870,-4.88204288483
1492808541855765742,-4.95439100266
1492808541955987853,-5.33768796921
1492808542056100216,-6.14421224594
1492808542155987780,-6.91795825958
1492808542255850218,-7.5694937706
1492808542356134224,-7.83307409286
1492808542455642418,-7.5608663559
1492808542555699679,-6.64704942703
1492808542656008667,-4.91531610489
1492808542755700289,-3.67076301575
1492808542856027199,-3.19983458519
1492808542955759547,-3.963763237
1492808543055832895,-5.14760541916
1492808543155871862,-6.47598981857
1492808543255767648,-7.5082025528
1492808543355838510,-8.00051593781
1492808543455751053,-7.84000349045
1492808543555852700,-7.41058635712
1492808543655744183,-6.99899148941
1492808543755816015,-6.58211708069
1492808543855792064,-6.13473892212
1492808543955828345,-5.78509378433
1492808544056368159,-5.18993186951
1492808544156012499,-4.22335004807
1492808544255699629,-3.98976540565
1492808544310676986,0.0
