%time,field.P_vel,field.I_vel,field.D_vel,field.P_pitch,field.I_pitch,field.D_pitch,field.P_yaw,field.I_yaw,field.D_yaw
1492808499656072454,105.0,44.0,17.5,10.0,0.0,50.0,28.0,0.0,50.0
1492808499755719266,105.0,44.0,17.5,10.0,0.0,50.0,28.0,0.0,50.0
1492808499855795054,105.0,44.0,17.5,10.0,0.0,50.0,28.0,0.0,50.0
1492808499955733866,105.0,44.0,17.5,10.0,0.0,50.0,28.0,0.0,50.0
1492808500055581446,105.0,44.0,17.5,10.0,0.0,50.0,28.0,0.0,50.0
1492808500155602836,105.0,44.0,17.5,10.0,0.0,50.0,28.0,0.0,50.0
1492808500255723820,105.0,44.0,17.5,10.0,0.0,50.0,28.0,0.0,50.0
1492808500355659853,105.0,44.0,17.5,10.0,0.0,50.0,28.0,0.0,50.0
1492808500455967084,105.0,44.0,17.5,10.0,0.0,50.0,28.0,0.0,50.0
1492808500555714196,105.0,44.0,17.5,10.0,0.0,50.0,28.0,0.0,50.0
1492808500655606284,105.0,44.0,17.5,10.0,0.0,50.0,28.0,0.0,50.0
1492808500755912339,105.0,44.0,17.5,10.0,0.0,50.0,28.0,0.0,50.0
1492808500855588150,105.0,44.0,17.5,10.0,0.0,50.0,28.0,0.0,50.0
1492808500955782915,105.0,44.0,17.5,10.0,0.0,50.0,28.0,0.0,50.0
1492808501055720265,105.0,44.0,17.5,10.0,0.0,50.0,28.0,0.0,50.0
1492808501155780292,105.0,44.0,17.5,10.0,0.0,50.0,28.0,0.0,50.0
1492808501255647778,105.0,44.0,17.5,10.0,0.0,50.0,28.0,0.0,50.0
1492808501355762392,105.0,44.0,17.5,10.0,0.0,50.0,28.0,0.0,50.0
1492808501455862933,105.0,44.0,17.5,10.0,0.0,50.0,28.0,0.0,50.0
1492808501555621441,105.0,44.0,17.5,10.0,0.0,50.0,28.0,0.0,50.0
1492808501655799538,105.0,44.0,17.5,10.0,0.0,50.0,28.0,0.0,50.0
1492808501755734770,105.0,44.0,17.5,10.0,0.0,50.0,28.0,0.0,50.0
1492808501855686119,105.0,44.0,17.5,10.0,0.0,50.0,28.0,0.0,50.0
1492808501955548503,105.0,44.0,17.5,10.0,0.0,50.0,28.0,0.0,50.0
1492808502055561864,105.0,44.0,17.5,10.0,0.0,50.0,28.0,0.0,50.0
1492808502155911316,105.0,44.0,17.5,10.0,0.0,50.0,28.0,0.0,50.0
1492808502255660216,105.0,44.0,17.5,10.0,0.0,50.0,28.0,0.0,50.0
1492808502355576499,105.0,44.0,17.5,10.0,0.0,50.0,28.0,0.0,50.0
1492808502455691831,105.0,44.0,17.5,10.0,0.0,50.0,28.0,0.0,50.0
1492808502555651984,105.0,44.0,17.5,10.0,0.0,50.0,28.0,0.0,50.0
1492808502655586055,105.0,44.0,17.5,10.0,0.0,50.0,28.0,0.0,50.0
1492808502755760943,105.0,44.0,17.5,10.0,0.0,50.0,28.0,0.0,50.0
1492808502855597466,105.0,44.0,17.5,10.0,0.0,50.0,28.0,0.0,50.0
1492808502955618566,105.0,44.0,17.5,10.0,0.0,50.0,28.0,0.0,50.0
1492808503055616684,105.0,44.0,17.5,10.0,0.0,50.0,28.0,0.0,50.0
1492808503155944784,105.0,44.0,17.5,10.0,0.0,50.0,28.0,0.0,50.0
1492808503255612137,105.0,44.0,17.5,10.0,0.0,50.0,28.0,0.0,50.0
1492808503355647848,105.0,44.0,17.5,10.0,0.0,50.0,28.0,0.0,50.0
1492808503455715941,105.0,44.0,17.5,10.0,0.0,50.0,28.0,0.0,50.0
1492808503555660505,105.0,44.0,17.5,10.0,0.0,50.0,28.0,0.0,50.0
1492808503655587391,105.0,44.0,17.5,10.0,0.0,50.0,28.0,0.0,50.0
1492808503755709203,105.0,44.0,17.5,10.0,0.0,50.0,28.0,0.0,50.0
1492808503855761483,105.0,44.0,17.5,10.0,0.0,50.0,28.0,0.0,50.0
1492808503955607439,105.0,44.0,17.5,10.0,0.0,50.0,28.0,0.0,50.0
1492808504055699011,105.0,44.0,17.5,10.0,0.0,50.0,28.0,0.0,50.0
1492808504155661376,105.0,44.0,17.5,10.0,0.0,50.0,28.0,0.0,50.0
1492808504255565044,105.0,44.0,17.5,10.0,0.0,50.0,28.0,0.0,50.0
1492808504355553560,105.0,44.0,17.5,10.0,0.0,50.0,28.0,0.0,50.0
1492808504455638522,105.0,44.0,17.5,10.0,0.0,50.0,28.0,0.0,50.0
1492808504555650057,105.0,44.0,17.5,10.0,0.0,50.0,28.0,0.0,50.0
1492808504655650792,105.0,44.0,17.5,10.0,0.0,50.0,28.0,0.0,50.0
1492808504755627953,105.0,44.0,17.5,10.0,0.0,50.0,28.0,0.0,50.0
1492808504855744281,105.0,44.0,17.5,10.0,0.0,50.0,28.0,0.0,50.0
1492808504955731375,105.0,44.0,17.5,10.0,0.0,50.0,28.0,0.0,50.0
1492808505055800328,105.0,44.0,17.5,10.0,0.0,50.0,28.0,0.0,50.0
1492808505156072972,105.0,44.0,17.5,10.0,0.0,50.0,28.0,0.0,50.0
1492808505255568347,105.0,44.0,17.5,10.0,0.0,50.0,28.0,0.0,50.0
1492808505355588811,105.0,44.0,17.5,10.0,0.0,50.0,28.0,0.0,50.0
1492808505455807693,105.0,44.0,17.5,10.0,0.0,50.0,28.0,0.0,50.0
1492808505555728139,105.0,44.0,17.5,10.0,0.0,50.0,28.0,0.0,50.0
1492808505655758752,105.0,44.0,17.5,10.0,0.0,50.0,28.0,0.0,50.0
1492808505755723582,105.0,44.0,17.5,10.0,0.0,50.0,28.0,0.0,50.0
1492808505855781243,105.0,44.0,17.5,10.0,0.0,50.0,28.0,0.0,50.0
1492808505955607894,105.0,44.0,17.5,10.0,0.0,50.0,28.0,0.0,50.0
1492808506055876651,105.0,44.0,17.5,10.0,0.0,50.0,28.0,0.0,50.0
1492808506155681011,105.0,44.0,17.5,10.0,0.0,50.0,28.0,0.0,50.0
1492808506255649616,105.0,44.0,17.5,10.0,0.0,50.0,28.0,0.0,50.0
1492808506355632101,105.0,44.0,17.5,10.0,0.0,50.0,28.0,0.0,50.0
1492808506455669084,105.0,44.0,17.5,10.0,0.0,50.0,28.0,0.0,50.0
1492808506555797517,105.0,44.0,17.5,10.0,0.0,50.0,28.0,0.0,50.0
1492808506655638320,105.0,44.0,17.5,10.0,0.0,50.0,28.0,0.0,50.0
1492808506755565684,105.0,44.0,17.5,10.0,0.0,50.0,28.0,0.0,50.0
1492808506855706590,105.0,44.0,17.5,10.0,0.0,50.0,28.0,0.0,50.0
1492808506955688819,105.0,44.0,17.5,10.0,0.0,50.0,28.0,0.0,50.0
1492808507055823241,105.0,44.0,17.5,10.0,0.0,50.0,28.0,0.0,50.0
1492808507155756796,105.0,44.0,17.5,10.0,0.0,50.0,28.0,0.0,50.0
1492808507255660106,105.0,44.0,17.5,10.0,0.0,50.0,28.0,0.0,50.0
1492808507355680467,105.0,44.0,17.5,10.0,0.0,50.0,28.0,0.0,50.0
1492808507455738766,105.0,44.0,17.5,10.0,0.0,50.0,28.0,0.0,50.0
1492808507555859829,105.0,44.0,17.5,10.0,0.0,50.0,28.0,0.0,50.0
1492808507655611653,105.0,44.0,17.5,10.0,0.0,50.0,28.0,0.0,50.0
1492808507755584885,105.0,44.0,17.5,10.0,0.0,50.0,28.0,0.0,50.0
1492808507855656492,105.0,44.0,17.5,10.0,0.0,50.0,28.0,0.0,50.0
1492808507955659901,105.0,44.0,17.5,10.0,0.0,50.0,28.0,0.0,50.0
1492808508055640723,105.0,44.0,17.5,10.0,0.0,50.0,28.0,0.0,50.0
1492808508155595146,105.0,44.0,17.5,10.0,0.0,50.0,28.0,0.0,50.0
1492808508255685710,105.0,44.0,17.5,10.0,0.0,50.0,28.0,0.0,50.0
1492808508355644754,105.0,44.0,17.5,10.0,0.0,50.0,28.0,0.0,50.0
1492808508455680539,105.0,44.0,17.5,10.0,0.0,50.0,28.0,0.0,50.0
1492808508555552984,105.0,44.0,17.5,10.0,0.0,50.0,28.0,0.0,50.0
1492808508655545776,105.0,44.0,17.5,10.0,0.0,50.0,28.0,0.0,50.0
1492808508756123966,105.0,44.0,17.5,10.0,0.0,50.0,28.0,0.0,50.0
1492808508855744741,105.0,44.0,17.5,10.0,0.0,50.0,28.0,0.0,50.0
1492808508955677212,105.0,44.0,17.5,10.0,0.0,50.0,28.0,0.0,50.0
1492808509055679610,105.0,44.0,17.5,10.0,0.0,50.0,28.0,0.0,50.0
1492808509155758217,105.0,44.0,17.5,10.0,0.0,50.0,28.0,0.0,50.0
1492808509255659528,105.0,44.0,17.5,10.0,0.0,50.0,28.0,0.0,50.0
1492808509355776200,105.0,44.0,17.5,10.0,0.0,50.0,28.0,0.0,50.0
1492808509455788123,105.0,44.0,17.5,10.0,0.0,50.0,28.0,0.0,50.0
1492808509555742704,105.0,44.0,17.5,10.0,0.0,50.0,28.0,0.0,50.0
1492808509655952439,105.0,44.0,17.5,10.0,0.0,50.0,28.0,0.0,50.0
1492808509755613337,105.0,44.0,17.5,10.0,0.0,50.0,28.0,0.0,50.0
1492808509855612285,105.0,44.0,17.5,10.0,0.0,50.0,28.0,0.0,50.0
1492808509955587076,105.0,44.0,17.5,10.0,0.0,50.0,28.0,0.0,50.0
1492808510055560968,105.0,44.0,17.5,10.0,0.0,50.0,28.0,0.0,50.0
1492808510155795689,105.0,44.0,17.5,10.0,0.0,50.0,28.0,0.0,50.0
1492808510255669838,105.0,44.0,17.5,10.0,0.0,50.0,28.0,0.0,50.0
1492808510355929274,105.0,44.0,17.5,10.0,0.0,50.0,28.0,0.0,50.0
1492808510455815130,105.0,44.0,17.5,10.0,0.0,50.0,28.0,0.0,50.0
1492808510555763623,105.0,44.0,17.5,10.0,0.0,50.0,28.0,0.0,50.0
1492808510655646934,105.0,44.0,17.5,10.0,0.0,50.0,28.0,0.0,50.0
1492808510755606547,105.0,44.0,17.5,10.0,0.0,50.0,28.0,0.0,50.0
1492808510855640884,105.0,44.0,17.5,10.0,0.0,50.0,28.0,0.0,50.0
1492808510955702643,105.0,44.0,17.5,10.0,0.0,50.0,28.0,0.0,50.0
1492808511055907176,105.0,44.0,17.5,10.0,0.0,50.0,28.0,0.0,50.0
1492808511155586070,105.0,44.0,17.5,10.0,0.0,50.0,28.0,0.0,50.0
1492808511255647675,105.0,44.0,17.5,10.0,0.0,50.0,28.0,0.0,50.0
1492808511355615705,105.0,44.0,17.5,10.0,0.0,50.0,28.0,0.0,50.0
1492808511455676711,105.0,44.0,17.5,10.0,0.0,50.0,28.0,0.0,50.0
1492808511555671912,105.0,44.0,17.5,10.0,0.0,50.0,28.0,0.0,50.0
1492808511655597747,105.0,44.0,17.5,10.0,0.0,50.0,28.0,0.0,50.0
1492808511755549103,105.0,44.0,17.5,10.0,0.0,50.0,28.0,0.0,50.0
1492808511855652347,105.0,44.0,17.5,10.0,0.0,50.0,28.0,0.0,50.0
1492808511955797807,105.0,44.0,17.5,10.0,0.0,50.0,28.0,0.0,50.0
1492808512055666355,105.0,44.0,17.5,10.0,0.0,50.0,28.0,0.0,50.0
1492808512155728549,105.0,44.0,17.5,10.0,0.0,50.0,28.0,0.0,50.0
1492808512255597235,105.0,44.0,17.5,10.0,0.0,50.0,28.0,0.0,50.0
1492808512355756064,105.0,44.0,17.5,10.0,0.0,50.0,28.0,0.0,50.0
1492808512455563544,105.0,44.0,17.5,10.0,0.0,50.0,28.0,0.0,50.0
1492808512555649402,105.0,44.0,17.5,10.0,0.0,50.0,28.0,0.0,50.0
1492808512656318782,105.0,44.0,17.5,10.0,0.0,50.0,28.0,0.0,50.0
1492808512755818822,105.0,44.0,17.5,10.0,0.0,50.0,28.0,0.0,50.0
1492808512855650976,105.0,44.0,17.5,10.0,0.0,50.0,28.0,0.0,50.0
1492808512955612021,105.0,44.0,17.5,10.0,0.0,50.0,28.0,0.0,50.0
1492808513055695490,105.0,44.0,17.5,10.0,0.0,50.0,28.0,0.0,50.0
1492808513155771592,105.0,44.0,17.5,10.0,0.0,50.0,28.0,0.0,50.0
1492808513255649529,105.0,44.0,17.5,10.0,0.0,50.0,28.0,0.0,50.0
1492808513355868017,105.0,44.0,17.5,10.0,0.0,50.0,28.0,0.0,50.0
1492808513455665161,105.0,44.0,17.5,10.0,0.0,50.0,28.0,0.0,50.0
1492808513555625509,105.0,44.0,17.5,10.0,0.0,50.0,28.0,0.0,50.0
1492808513655710294,105.0,44.0,17.5,10.0,0.0,50.0,28.0,0.0,50.0
1492808513755652270,105.0,44.0,17.5,10.0,0.0,50.0,28.0,0.0,50.0
1492808513855613754,105.0,44.0,17.5,10.0,0.0,50.0,28.0,0.0,50.0
1492808513955624179,105.0,44.0,17.5,10.0,0.0,50.0,28.0,0.0,50.0
1492808514055611405,105.0,44.0,17.5,10.0,0.0,50.0,28.0,0.0,50.0
1492808514155653117,105.0,44.0,17.5,10.0,0.0,50.0,28.0,0.0,50.0
1492808514255599382,105.0,44.0,17.5,10.0,0.0,50.0,28.0,0.0,50.0
1492808514355668968,105.0,44.0,17.5,10.0,0.0,50.0,28.0,0.0,50.0
1492808514455828085,105.0,44.0,17.5,10.0,0.0,50.0,28.0,0.0,50.0
1492808514555589148,105.0,44.0,17.5,10.0,0.0,50.0,28.0,0.0,50.0
1492808514655563436,105.0,44.0,17.5,10.0,0.0,50.0,28.0,0.0,50.0
1492808514755555135,105.0,44.0,17.5,10.0,0.0,50.0,28.0,0.0,50.0
1492808514855679486,105.0,44.0,17.5,10.0,0.0,50.0,28.0,0.0,50.0
1492808514955564615,105.0,44.0,17.5,10.0,0.0,50.0,28.0,0.0,50.0
1492808515055688559,105.0,44.0,17.5,10.0,0.0,50.0,28.0,0.0,50.0
1492808515155688879,105.0,44.0,17.5,10.0,0.0,50.0,28.0,0.0,50.0
1492808515255965886,105.0,44.0,17.5,10.0,0.0,50.0,28.0,0.0,50.0
1492808515355644308,105.0,44.0,17.5,10.0,0.0,50.0,28.0,0.0,50.0
1492808515455599750,105.0,44.0,17.5,10.0,0.0,50.0,28.0,0.0,50.0
1492808515555646657,105.0,44.0,17.5,10.0,0.0,50.0,28.0,0.0,50.0
1492808515655666494,105.0,44.0,17.5,10.0,0.0,50.0,28.0,0.0,50.0
1492808515755617623,105.0,44.0,17.5,10.0,0.0,50.0,28.0,0.0,50.0
1492808515855633826,105.0,44.0,17.5,10.0,0.0,50.0,28.0,0.0,50.0
1492808515955683783,105.0,44.0,17.5,10.0,0.0,50.0,28.0,0.0,50.0
1492808516055694468,105.0,44.0,17.5,10.0,0.0,50.0,28.0,0.0,50.0
1492808516155590100,105.0,44.0,17.5,10.0,0.0,50.0,28.0,0.0,50.0
1492808516255591210,105.0,44.0,17.5,10.0,0.0,50.0,28.0,0.0,50.0
1492808516355852286,105.0,44.0,17.5,10.0,0.0,50.0,28.0,0.0,50.0
1492808516455708361,105.0,44.0,17.5,10.0,0.0,50.0,28.0,0.0,50.0
1492808516555611798,105.0,44.0,17.5,10.0,0.0,50.0,28.0,0.0,50.0
1492808516655651666,105.0,44.0,17.5,10.0,0.0,50.0,28.0,0.0,50.0
1492808516755651193,105.0,44.0,17.5,10.0,0.0,50.0,28.0,0.0,50.0
1492808516855653738,105.0,44.0,17.5,10.0,0.0,50.0,28.0,0.0,50.0
1492808516955734567,105.0,44.0,17.5,10.0,0.0,50.0,28.0,0.0,50.0
1492808517055760275,105.0,44.0,17.5,10.0,0.0,50.0,28.0,0.0,50.0
1492808517155640666,105.0,44.0,17.5,10.0,0.0,50.0,28.0,0.0,50.0
1492808517255921372,105.0,44.0,17.5,10.0,0.0,50.0,28.0,0.0,50.0
1492808517355877004,105.0,44.0,17.5,10.0,0.0,50.0,28.0,0.0,50.0
1492808517455802553,105.0,44.0,17.5,10.0,0.0,50.0,28.0,0.0,50.0
1492808517555619612,105.0,44.0,17.5,10.0,0.0,50.0,28.0,0.0,50.0
1492808517655690335,105.0,44.0,17.5,10.0,0.0,50.0,28.0,0.0,50.0
1492808517755650643,105.0,44.0,17.5,10.0,0.0,50.0,28.0,0.0,50.0
1492808517855628640,105.0,44.0,17.5,10.0,0.0,50.0,28.0,0.0,50.0
1492808517955734991,105.0,44.0,17.5,10.0,0.0,50.0,28.0,0.0,50.0
1492808518055654571,105.0,44.0,17.5,10.0,0.0,50.0,28.0,0.0,50.0
1492808518155698246,105.0,44.0,17.5,10.0,0.0,50.0,28.0,0.0,50.0
1492808518255643024,105.0,44.0,17.5,10.0,0.0,50.0,28.0,0.0,50.0
1492808518355851410,105.0,44.0,17.5,10.0,0.0,50.0,28.0,0.0,50.0
1492808518455636377,105.0,44.0,17.5,10.0,0.0,50.0,28.0,0.0,50.0
1492808518555778848,105.0,44.0,17.5,10.0,0.0,50.0,28.0,0.0,50.0
1492808518655687797,105.0,44.0,17.5,10.0,0.0,50.0,28.0,0.0,50.0
1492808518755616660,105.0,44.0,17.5,10.0,0.0,50.0,28.0,0.0,50.0
1492808518855678369,105.0,44.0,17.5,10.0,0.0,50.0,28.0,0.0,50.0
1492808518955811809,105.0,44.0,17.5,10.0,0.0,50.0,28.0,0.0,50.0
1492808519055591472,105.0,44.0,17.5,10.0,0.0,50.0,28.0,0.0,50.0
1492808519155868734,105.0,44.0,17.5,10.0,0.0,50.0,28.0,0.0,50.0
1492808519255736715,105.0,44.0,17.5,10.0,0.0,50.0,28.0,0.0,50.0
1492808519355656476,105.0,44.0,17.5,10.0,0.0,50.0,28.0,0.0,50.0
1492808519455775569,105.0,44.0,17.5,10.0,0.0,50.0,28.0,0.0,50.0
1492808519555728791,105.0,44.0,17.5,10.0,0.0,50.0,28.0,0.0,50.0
1492808519655640966,105.0,44.0,17.5,10.0,0.0,50.0,28.0,0.0,50.0
1492808519756100091,105.0,44.0,17.5,10.0,0.0,50.0,28.0,0.0,50.0
1492808519855639093,105.0,44.0,17.5,10.0,0.0,50.0,28.0,0.0,50.0
1492808519955867654,105.0,44.0,17.5,10.0,0.0,50.0,28.0,0.0,50.0
1492808520055806733,105.0,44.0,17.5,10.0,0.0,50.0,28.0,0.0,50.0
1492808520155602716,105.0,44.0,17.5,10.0,0.0,50.0,28.0,0.0,50.0
1492808520255678341,105.0,44.0,17.5,10.0,0.0,50.0,28.0,0.0,50.0
1492808520355660377,105.0,44.0,17.5,10.0,0.0,50.0,28.0,0.0,50.0
1492808520455673807,105.0,44.0,17.5,10.0,0.0,50.0,28.0,0.0,50.0
1492808520555697590,105.0,44.0,17.5,10.0,0.0,50.0,28.0,0.0,50.0
1492808520655593383,105.0,44.0,17.5,10.0,0.0,50.0,28.0,0.0,50.0
1492808520755709197,105.0,44.0,17.5,10.0,0.0,50.0,28.0,0.0,50.0
1492808520855654380,105.0,44.0,17.5,10.0,0.0,50.0,28.0,0.0,50.0
1492808520955684611,105.0,44.0,17.5,10.0,0.0,50.0,28.0,0.0,50.0
1492808521055639641,105.0,44.0,17.5,10.0,0.0,50.0,28.0,0.0,50.0
1492808521155685512,105.0,44.0,17.5,10.0,0.0,50.0,28.0,0.0,50.0
1492808521255644221,105.0,44.0,17.5,10.0,0.0,50.0,28.0,0.0,50.0
1492808521355854522,105.0,44.0,17.5,10.0,0.0,50.0,28.0,0.0,50.0
1492808521455648065,105.0,44.0,17.5,10.0,0.0,50.0,28.0,0.0,50.0
1492808521555650910,105.0,44.0,17.5,10.0,0.0,50.0,28.0,0.0,50.0
1492808521655705826,105.0,44.0,17.5,10.0,0.0,50.0,28.0,0.0,50.0
1492808521755719312,105.0,44.0,17.5,10.0,0.0,50.0,28.0,0.0,50.0
1492808521855677363,105.0,44.0,17.5,10.0,0.0,50.0,28.0,0.0,50.0
1492808521955779216,105.0,44.0,17.5,10.0,0.0,50.0,28.0,0.0,50.0
1492808522055519911,105.0,44.0,17.5,10.0,0.0,50.0,28.0,0.0,50.0
1492808522155759972,105.0,44.0,17.5,10.0,0.0,50.0,28.0,0.0,50.0
1492808522255741004,105.0,44.0,17.5,10.0,0.0,50.0,28.0,0.0,50.0
1492808522355964475,105.0,44.0,17.5,10.0,0.0,50.0,28.0,0.0,50.0
1492808522456208669,105.0,44.0,17.5,10.0,0.0,50.0,28.0,0.0,50.0
1492808522555656979,105.0,44.0,17.5,10.0,0.0,50.0,28.0,0.0,50.0
1492808522655711678,105.0,44.0,17.5,10.0,0.0,50.0,28.0,0.0,50.0
1492808522755739542,105.0,44.0,17.5,10.0,0.0,50.0,28.0,0.0,50.0
1492808522855632435,105.0,44.0,17.5,10.0,0.0,50.0,28.0,0.0,50.0
1492808522955538983,105.0,44.0,17.5,10.0,0.0,50.0,28.0,0.0,50.0
1492808523056136264,105.0,44.0,17.5,10.0,0.0,50.0,28.0,0.0,50.0
1492808523155668224,105.0,44.0,17.5,10.0,0.0,50.0,28.0,0.0,50.0
1492808523255743098,105.0,44.0,17.5,10.0,0.0,50.0,28.0,0.0,50.0
1492808523355663614,105.0,44.0,17.5,10.0,0.0,50.0,28.0,0.0,50.0
1492808523455603700,105.0,44.0,17.5,10.0,0.0,50.0,28.0,0.0,50.0
1492808523555650066,105.0,44.0,17.5,10.0,0.0,50.0,28.0,0.0,50.0
1492808523655685702,105.0,44.0,17.5,10.0,0.0,50.0,28.0,0.0,50.0
1492808523755902217,105.0,44.0,17.5,10.0,0.0,50.0,28.0,0.0,50.0
1492808523855633259,105.0,44.0,17.5,10.0,0.0,50.0,28.0,0.0,50.0
1492808523955724810,105.0,44.0,17.5,10.0,0.0,50.0,28.0,0.0,50.0
1492808524055524891,105.0,44.0,17.5,10.0,0.0,50.0,28.0,0.0,50.0
1492808524156051668,105.0,44.0,17.5,10.0,0.0,50.0,28.0,0.0,50.0
1492808524255660909,105.0,44.0,17.5,10.0,0.0,50.0,28.0,0.0,50.0
1492808524355771711,105.0,44.0,17.5,10.0,0.0,50.0,28.0,0.0,50.0
1492808524455681885,105.0,44.0,17.5,10.0,0.0,50.0,28.0,0.0,50.0
1492808524555596308,105.0,44.0,17.5,10.0,0.0,50.0,28.0,0.0,50.0
1492808524655641454,105.0,44.0,17.5,10.0,0.0,50.0,28.0,0.0,50.0
1492808524755629749,105.0,44.0,17.5,10.0,0.0,50.0,28.0,0.0,50.0
1492808524855724101,105.0,44.0,17.5,10.0,0.0,50.0,28.0,0.0,50.0
1492808524955649462,105.0,44.0,17.5,10.0,0.0,50.0,28.0,0.0,50.0
1492808525055758871,105.0,44.0,17.5,10.0,0.0,50.0,28.0,0.0,50.0
1492808525155738356,105.0,44.0,17.5,10.0,0.0,50.0,28.0,0.0,50.0
1492808525255616897,105.0,44.0,17.5,10.0,0.0,50.0,28.0,0.0,50.0
1492808525355558354,105.0,44.0,17.5,10.0,0.0,50.0,28.0,0.0,50.0
1492808525455738714,105.0,44.0,17.5,10.0,0.0,50.0,28.0,0.0,50.0
1492808525555588487,105.0,44.0,17.5,10.0,0.0,50.0,28.0,0.0,50.0
1492808525655576243,105.0,44.0,17.5,10.0,0.0,50.0,28.0,0.0,50.0
1492808525755558768,105.0,44.0,17.5,10.0,0.0,50.0,28.0,0.0,50.0
1492808525855691336,105.0,44.0,17.5,10.0,0.0,50.0,28.0,0.0,50.0
1492808525955819125,105.0,44.0,17.5,10.0,0.0,50.0,28.0,0.0,50.0
1492808526055768733,105.0,44.0,17.5,10.0,0.0,50.0,28.0,0.0,50.0
1492808526155623135,105.0,44.0,17.5,10.0,0.0,50.0,28.0,0.0,50.0
1492808526255666750,105.0,44.0,17.5,10.0,0.0,50.0,28.0,0.0,50.0
1492808526355582891,105.0,44.0,17.5,10.0,0.0,50.0,28.0,0.0,50.0
1492808526455705107,105.0,44.0,17.5,10.0,0.0,50.0,28.0,0.0,50.0
1492808526555731974,105.0,44.0,17.5,10.0,0.0,50.0,28.0,0.0,50.0
1492808526655672060,105.0,44.0,17.5,10.0,0.0,50.0,28.0,0.0,50.0
1492808526755612034,105.0,44.0,17.5,10.0,0.0,50.0,28.0,0.0,50.0
1492808526855703461,105.0,44.0,17.5,10.0,0.0,50.0,28.0,0.0,50.0
1492808526955586472,105.0,44.0,17.5,10.0,0.0,50.0,28.0,0.0,50.0
1492808527055619509,105.0,44.0,17.5,10.0,0.0,50.0,28.0,0.0,50.0
1492808527155807194,105.0,44.0,17.5,10.0,0.0,50.0,28.0,0.0,50.0
1492808527255746689,105.0,44.0,17.5,10.0,0.0,50.0,28.0,0.0,50.0
1492808527355642441,105.0,44.0,17.5,10.0,0.0,50.0,28.0,0.0,50.0
1492808527455708445,105.0,44.0,17.5,10.0,0.0,50.0,28.0,0.0,50.0
1492808527555566806,105.0,44.0,17.5,10.0,0.0,50.0,28.0,0.0,50.0
1492808527655705844,105.0,44.0,17.5,10.0,0.0,50.0,28.0,0.0,50.0
1492808527755676608,105.0,44.0,17.5,10.0,0.0,50.0,28.0,0.0,50.0
1492808527855662402,105.0,44.0,17.5,10.0,0.0,50.0,28.0,0.0,50.0
1492808527955563597,105.0,44.0,17.5,10.0,0.0,50.0,28.0,0.0,50.0
1492808528055777544,105.0,44.0,17.5,10.0,0.0,50.0,28.0,0.0,50.0
1492808528155781225,105.0,44.0,17.5,10.0,0.0,50.0,28.0,0.0,50.0
1492808528255898852,105.0,44.0,17.5,10.0,0.0,50.0,28.0,0.0,50.0
1492808528355681195,105.0,44.0,17.5,10.0,0.0,50.0,28.0,0.0,50.0
1492808528455830428,105.0,44.0,17.5,10.0,0.0,50.0,28.0,0.0,50.0
1492808528555640324,105.0,44.0,17.5,10.0,0.0,50.0,28.0,0.0,50.0
1492808528655595498,105.0,44.0,17.5,10.0,0.0,50.0,28.0,0.0,50.0
1492808528755656563,105.0,44.0,17.5,10.0,0.0,50.0,28.0,0.0,50.0
1492808528855714870,105.0,44.0,17.5,10.0,0.0,50.0,28.0,0.0,50.0
1492808528955600603,105.0,44.0,17.5,10.0,0.0,50.0,28.0,0.0,50.0
1492808529055768030,105.0,44.0,17.5,10.0,0.0,50.0,28.0,0.0,50.0
1492808529155625842,105.0,44.0,17.5,10.0,0.0,50.0,28.0,0.0,50.0
1492808529255559342,105.0,44.0,17.5,10.0,0.0,50.0,28.0,0.0,50.0
1492808529356006207,105.0,44.0,17.5,10.0,0.0,50.0,28.0,0.0,50.0
1492808529455799502,105.0,44.0,17.5,10.0,0.0,50.0,28.0,0.0,50.0
1492808529555774152,105.0,44.0,17.5,10.0,0.0,50.0,28.0,0.0,50.0
1492808529655732985,105.0,44.0,17.5,10.0,0.0,50.0,28.0,0.0,50.0
1492808529755676214,105.0,44.0,17.5,10.0,0.0,50.0,28.0,0.0,50.0
1492808529855684723,105.0,44.0,17.5,10.0,0.0,50.0,28.0,0.0,50.0
1492808529955611049,105.0,44.0,17.5,10.0,0.0,50.0,28.0,0.0,50.0
1492808530055706171,105.0,44.0,17.5,10.0,0.0,50.0,28.0,0.0,50.0
1492808530155768234,105.0,44.0,17.5,10.0,0.0,50.0,28.0,0.0,50.0
1492808530255767247,105.0,44.0,17.5,10.0,0.0,50.0,28.0,0.0,50.0
1492808530355610441,105.0,44.0,17.5,10.0,0.0,50.0,28.0,0.0,50.0
1492808530455716421,105.0,44.0,17.5,10.0,0.0,50.0,28.0,0.0,50.0
1492808530555636481,105.0,44.0,17.5,10.0,0.0,50.0,28.0,0.0,50.0
1492808530655567913,105.0,44.0,17.5,10.0,0.0,50.0,28.0,0.0,50.0
1492808530755632233,105.0,44.0,17.5,10.0,0.0,50.0,28.0,0.0,50.0
1492808530855602293,105.0,44.0,17.5,10.0,0.0,50.0,28.0,0.0,50.0
1492808530955735188,105.0,44.0,17.5,10.0,0.0,50.0,28.0,0.0,50.0
1492808531055945920,105.0,44.0,17.5,10.0,0.0,50.0,28.0,0.0,50.0
1492808531155611213,105.0,44.0,17.5,10.0,0.0,50.0,28.0,0.0,50.0
1492808531255577211,105.0,44.0,17.5,10.0,0.0,50.0,28.0,0.0,50.0
1492808531355656608,105.0,44.0,17.5,10.0,0.0,50.0,28.0,0.0,50.0
1492808531455691402,105.0,44.0,17.5,10.0,0.0,50.0,28.0,0.0,50.0
1492808531555605226,105.0,44.0,17.5,10.0,0.0,50.0,28.0,0.0,50.0
1492808531655632815,105.0,44.0,17.5,10.0,0.0,50.0,28.0,0.0,50.0
1492808531755781555,105.0,44.0,17.5,10.0,0.0,50.0,28.0,0.0,50.0
1492808531855744066,105.0,44.0,17.5,10.0,0.0,50.0,28.0,0.0,50.0
1492808531955640374,105.0,44.0,17.5,10.0,0.0,50.0,28.0,0.0,50.0
1492808532055636786,105.0,44.0,17.5,10.0,0.0,50.0,28.0,0.0,50.0
1492808532155655397,105.0,44.0,17.5,10.0,0.0,50.0,28.0,0.0,50.0
1492808532255653405,105.0,44.0,17.5,10.0,0.0,50.0,28.0,0.0,50.0
1492808532355830815,105.0,44.0,17.5,10.0,0.0,50.0,28.0,0.0,50.0
1492808532455696457,105.0,44.0,17.5,10.0,0.0,50.0,28.0,0.0,50.0
1492808532555806217,105.0,44.0,17.5,10.0,0.0,50.0,28.0,0.0,50.0
1492808532655806387,105.0,44.0,17.5,10.0,0.0,50.0,28.0,0.0,50.0
1492808532755604273,105.0,44.0,17.5,10.0,0.0,50.0,28.0,0.0,50.0
1492808532855987331,105.0,44.0,17.5,10.0,0.0,50.0,28.0,0.0,50.0
1492808532955624053,105.0,44.0,17.5,10.0,0.0,50.0,28.0,0.0,50.0
1492808533055700213,105.0,44.0,17.5,10.0,0.0,50.0,28.0,0.0,50.0
1492808533155694479,105.0,44.0,17.5,10.0,0.0,50.0,28.0,0.0,50.0
1492808533255767833,105.0,44.0,17.5,10.0,0.0,50.0,28.0,0.0,50.0
1492808533355643321,105.0,44.0,17.5,10.0,0.0,50.0,28.0,0.0,50.0
1492808533455646756,105.0,44.0,17.5,10.0,0.0,50.0,28.0,0.0,50.0
1492808533555789075,105.0,44.0,17.5,10.0,0.0,50.0,28.0,0.0,50.0
1492808533655653506,105.0,44.0,17.5,10.0,0.0,50.0,28.0,0.0,50.0
1492808533755646522,105.0,44.0,17.5,10.0,0.0,50.0,28.0,0.0,50.0
1492808533855608222,105.0,44.0,17.5,10.0,0.0,50.0,28.0,0.0,50.0
1492808533955674717,105.0,44.0,17.5,10.0,0.0,50.0,28.0,0.0,50.0
1492808534055721581,105.0,44.0,17.5,10.0,0.0,50.0,28.0,0.0,50.0
1492808534155687693,105.0,44.0,17.5,10.0,0.0,50.0,28.0,0.0,50.0
1492808534255642913,105.0,44.0,17.5,10.0,0.0,50.0,28.0,0.0,50.0
1492808534355597624,105.0,44.0,17.5,10.0,0.0,50.0,28.0,0.0,50.0
1492808534455766428,105.0,44.0,17.5,10.0,0.0,50.0,28.0,0.0,50.0
1492808534555764959,105.0,44.0,17.5,10.0,0.0,50.0,28.0,0.0,50.0
1492808534655562553,105.0,44.0,17.5,10.0,0.0,50.0,28.0,0.0,50.0
1492808534755551759,105.0,44.0,17.5,10.0,0.0,50.0,28.0,0.0,50.0
1492808534855662296,105.0,44.0,17.5,10.0,0.0,50.0,28.0,0.0,50.0
1492808534955748727,105.0,44.0,17.5,10.0,0.0,50.0,28.0,0.0,50.0
1492808535055630361,105.0,44.0,17.5,10.0,0.0,50.0,28.0,0.0,50.0
1492808535155651911,105.0,44.0,17.5,10.0,0.0,50.0,28.0,0.0,50.0
1492808535255762629,105.0,44.0,17.5,10.0,0.0,50.0,28.0,0.0,50.0
1492808535355605824,105.0,44.0,17.5,10.0,0.0,50.0,28.0,0.0,50.0
1492808535455684388,105.0,44.0,17.5,10.0,0.0,50.0,28.0,0.0,50.0
1492808535555589693,105.0,44.0,17.5,10.0,0.0,50.0,28.0,0.0,50.0
1492808535655580824,105.0,44.0,17.5,10.0,0.0,50.0,28.0,0.0,50.0
1492808535755719703,105.0,44.0,17.5,10.0,0.0,50.0,28.0,0.0,50.0
1492808535855671959,105.0,44.0,17.5,10.0,0.0,50.0,28.0,0.0,50.0
1492808535955628954,105.0,44.0,17.5,10.0,0.0,50.0,28.0,0.0,50.0
1492808536055644990,105.0,44.0,17.5,10.0,0.0,50.0,28.0,0.0,50.0
1492808536155732521,105.0,44.0,17.5,10.0,0.0,50.0,28.0,0.0,50.0
1492808536255731759,105.0,44.0,17.5,10.0,0.0,50.0,28.0,0.0,50.0
1492808536355552997,105.0,44.0,17.5,10.0,0.0,50.0,28.0,0.0,50.0
1492808536455646709,105.0,44.0,17.5,10.0,0.0,50.0,28.0,0.0,50.0
1492808536555759731,105.0,44.0,17.5,10.0,0.0,50.0,28.0,0.0,50.0
1492808536655740383,105.0,44.0,17.5,10.0,0.0,50.0,28.0,0.0,50.0
1492808536755647825,105.0,44.0,17.5,10.0,0.0,50.0,28.0,0.0,50.0
1492808536855721449,105.0,44.0,17.5,10.0,0.0,50.0,28.0,0.0,50.0
1492808536955606140,105.0,44.0,17.5,10.0,0.0,50.0,28.0,0.0,50.0
1492808537055659621,105.0,44.0,17.5,10.0,0.0,50.0,28.0,0.0,50.0
1492808537155566359,105.0,44.0,17.5,10.0,0.0,50.0,28.0,0.0,50.0
1492808537255728065,105.0,44.0,17.5,10.0,0.0,50.0,28.0,0.0,50.0
1492808537355773913,105.0,44.0,17.5,10.0,0.0,50.0,28.0,0.0,50.0
1492808537455709150,105.0,44.0,17.5,10.0,0.0,50.0,28.0,0.0,50.0
1492808537555559595,105.0,44.0,17.5,10.0,0.0,50.0,28.0,0.0,50.0
1492808537655693161,105.0,44.0,17.5,10.0,0.0,50.0,28.0,0.0,50.0
1492808537755708955,105.0,44.0,17.5,10.0,0.0,50.0,28.0,0.0,50.0
1492808537855611961,105.0,44.0,17.5,10.0,0.0,50.0,28.0,0.0,50.0
1492808537955866099,105.0,44.0,17.5,10.0,0.0,50.0,28.0,0.0,50.0
1492808538055837003,105.0,44.0,17.5,10.0,0.0,50.0,28.0,0.0,50.0
1492808538155594506,105.0,44.0,17.5,10.0,0.0,50.0,28.0,0.0,50.0
1492808538255656909,105.0,44.0,17.5,10.0,0.0,50.0,28.0,0.0,50.0
1492808538355785077,105.0,44.0,17.5,10.0,0.0,50.0,28.0,0.0,50.0
1492808538455718787,105.0,44.0,17.5,10.0,0.0,50.0,28.0,0.0,50.0
1492808538555614161,105.0,44.0,17.5,10.0,0.0,50.0,28.0,0.0,50.0
1492808538655607976,105.0,44.0,17.5,10.0,0.0,50.0,28.0,0.0,50.0
1492808538755728423,105.0,44.0,17.5,10.0,0.0,50.0,28.0,0.0,50.0
1492808538855678800,105.0,44.0,17.5,10.0,0.0,50.0,28.0,0.0,50.0
1492808538955699757,105.0,44.0,17.5,10.0,0.0,50.0,28.0,0.0,50.0
1492808539055745849,105.0,44.0,17.5,10.0,0.0,50.0,28.0,0.0,50.0
1492808539155644425,105.0,44.0,17.5,10.0,0.0,50.0,28.0,0.0,50.0
1492808539255758187,105.0,44.0,17.5,10.0,0.0,50.0,28.0,0.0,50.0
1492808539355580850,105.0,44.0,17.5,10.0,0.0,50.0,28.0,0.0,50.0
1492808539455654338,105.0,44.0,17.5,10.0,0.0,50.0,28.0,0.0,50.0
1492808539555660912,105.0,44.0,17.5,10.0,0.0,50.0,28.0,0.0,50.0
1492808539655729696,105.0,44.0,17.5,10.0,0.0,50.0,28.0,0.0,50.0
1492808539755719575,105.0,44.0,17.5,10.0,0.0,50.0,28.0,0.0,50.0
1492808539855677738,105.0,44.0,17.5,10.0,0.0,50.0,28.0,0.0,50.0
1492808539955637133,105.0,44.0,17.5,10.0,0.0,50.0,28.0,0.0,50.0
1492808540055619671,105.0,44.0,17.5,10.0,0.0,50.0,28.0,0.0,50.0
1492808540155657839,105.0,44.0,17.5,10.0,0.0,50.0,28.0,0.0,50.0
1492808540255584482,105.0,44.0,17.5,10.0,0.0,50.0,28.0,0.0,50.0
1492808540355648905,105.0,44.0,17.5,10.0,0.0,50.0,28.0,0.0,50.0
1492808540455601329,105.0,44.0,17.5,10.0,0.0,50.0,28.0,0.0,50.0
1492808540555720390,105.0,44.0,17.5,10.0,0.0,50.0,28.0,0.0,50.0
1492808540655667156,105.0,44.0,17.5,10.0,0.0,50.0,28.0,0.0,50.0
1492808540755667438,105.0,44.0,17.5,10.0,0.0,50.0,28.0,0.0,50.0
1492808540855701443,105.0,44.0,17.5,10.0,0.0,50.0,28.0,0.0,50.0
1492808540955595613,105.0,44.0,17.5,10.0,0.0,50.0,28.0,0.0,50.0
1492808541055670786,105.0,44.0,17.5,10.0,0.0,50.0,28.0,0.0,50.0
1492808541155659817,105.0,44.0,17.5,10.0,0.0,50.0,28.0,0.0,50.0
1492808541255640674,105.0,44.0,17.5,10.0,0.0,50.0,28.0,0.0,50.0
1492808541355673441,105.0,44.0,17.5,10.0,0.0,50.0,28.0,0.0,50.0
1492808541455693951,105.0,44.0,17.5,10.0,0.0,50.0,28.0,0.0,50.0
1492808541555876164,105.0,44.0,17.5,10.0,0.0,50.0,28.0,0.0,50.0
1492808541655755040,105.0,44.0,17.5,10.0,0.0,50.0,28.0,0.0,50.0
1492808541755612494,105.0,44.0,17.5,10.0,0.0,50.0,28.0,0.0,50.0
1492808541855755715,105.0,44.0,17.5,10.0,0.0,50.0,28.0,0.0,50.0
1492808541955579479,105.0,44.0,17.5,10.0,0.0,50.0,28.0,0.0,50.0
1492808542055761214,105.0,44.0,17.5,10.0,0.0,50.0,28.0,0.0,50.0
1492808542155723674,105.0,44.0,17.5,10.0,0.0,50.0,28.0,0.0,50.0
1492808542255565760,105.0,44.0,17.5,10.0,0.0,50.0,28.0,0.0,50.0
1492808542355684892,105.0,44.0,17.5,10.0,0.0,50.0,28.0,0.0,50.0
1492808542455859831,105.0,44.0,17.5,10.0,0.0,50.0,28.0,0.0,50.0
1492808542555690407,105.0,44.0,17.5,10.0,0.0,50.0,28.0,0.0,50.0
1492808542655646059,105.0,44.0,17.5,10.0,0.0,50.0,28.0,0.0,50.0
1492808542755721105,105.0,44.0,17.5,10.0,0.0,50.0,28.0,0.0,50.0
1492808542855615323,105.0,44.0,17.5,10.0,0.0,50.0,28.0,0.0,50.0
1492808542955751357,105.0,44.0,17.5,10.0,0.0,50.0,28.0,0.0,50.0
1492808543055615631,105.0,44.0,17.5,10.0,0.0,50.0,28.0,0.0,50.0
1492808543155859133,105.0,44.0,17.5,10.0,0.0,50.0,28.0,0.0,50.0
1492808543255649521,105.0,44.0,17.5,10.0,0.0,50.0,28.0,0.0,50.0
1492808543355610467,105.0,44.0,17.5,10.0,0.0,50.0,28.0,0.0,50.0
1492808543455687849,105.0,44.0,17.5,10.0,0.0,50.0,28.0,0.0,50.0
1492808543555597525,105.0,44.0,17.5,10.0,0.0,50.0,28.0,0.0,50.0
1492808543655676119,105.0,44.0,17.5,10.0,0.0,50.0,28.0,0.0,50.0
1492808543755628793,105.0,44.0,17.5,10.0,0.0,50.0,28.0,0.0,50.0
1492808543855826496,105.0,44.0,17.5,10.0,0.0,50.0,28.0,0.0,50.0
1492808543955620186,105.0,44.0,17.5,10.0,0.0,50.0,28.0,0.0,50.0
1492808544056279999,105.0,44.0,17.5,10.0,0.0,50.0,28.0,0.0,50.0
1492808544155726228,105.0,44.0,17.5,10.0,0.0,50.0,28.0,0.0,50.0
1492808544255660831,105.0,44.0,17.5,10.0,0.0,50.0,28.0,0.0,50.0
1492808544355609472,105.0,44.0,17.5,10.0,0.0,50.0,28.0,0.0,50.0
