%time,field.header.seq,field.header.stamp,field.header.frame_id,field.temperature,field.variance
1492808499640530320,7055,1492808499640018955,/temperature,15.7663421631,0.0
1492808499714463277,7056,1492808499714018955,/temperature,15.7576141357,0.0
1492808499788689048,7057,1492808499789018955,/temperature,15.7663421631,0.0
1492808499863152538,7058,1492808499863018955,/temperature,15.7663421631,0.0
1492808499936994816,7059,1492808499937018955,/temperature,15.7663421631,0.0
1492808500011270408,7060,1492808500011018955,/temperature,15.7576141357,0.0
1492808500085434436,7061,1492808500086018955,/temperature,15.7576141357,0.0
1492808500159817133,7062,1492808500160018955,/temperature,15.7663421631,0.0
1492808500234563005,7063,1492808500234018955,/temperature,15.7576141357,0.0
1492808500308512418,7064,1492808500308018955,/temperature,15.7576141357,0.0
1492808500383768879,7065,1492808500383018955,/temperature,15.7750701904,0.0
1492808500458681791,7066,1492808500457018955,/temperature,15.7576141357,0.0
1492808500531755685,7067,1492808500531018955,/temperature,15.7663421631,0.0
1492808500605583138,7068,1492808500605018955,/temperature,15.7663421631,0.0
1492808500680793284,7069,1492808500680018955,/temperature,15.7663421631,0.0
1492808500754773448,7070,1492808500754018955,/temperature,15.7576141357,0.0
1492808500828713696,7071,1492808500828018955,/temperature,15.7663421631,0.0
1492808500902653319,7072,1492808500902018955,/temperature,15.7663421631,0.0
1492808500977417836,7073,1492808500977018955,/temperature,15.7576141357,0.0
1492808501051843794,7074,1492808501051018955,/temperature,15.7576141357,0.0
1492808501125269806,7075,1492808501125018955,/temperature,15.7576141357,0.0
1492808501198969706,7076,1492808501199018955,/temperature,15.7576141357,0.0
1492808501274485598,7077,1492808501274018955,/temperature,15.7576141357,0.0
1492808501348494071,7078,1492808501348018955,/temperature,15.7663421631,0.0
1492808501422512529,7079,1492808501422018955,/temperature,15.7576141357,0.0
1492808501496017850,7080,1492808501498561929,/temperature,15.7576141357,0.0
1492808501571615670,7081,1492808501572561929,/temperature,15.7576141357,0.0
1492808501645388419,7082,1492808501646561929,/temperature,15.7576141357,0.0
1492808501718870816,7083,1492808501720561929,/temperature,15.7576141357,0.0
1492808501793689421,7084,1492808501795561929,/temperature,15.7663421631,0.0
1492808501868515261,7085,1492808501869561929,/temperature,15.7576141357,0.0
1492808501942499914,7086,1492808501943561929,/temperature,15.7576141357,0.0
1492808502016070566,7087,1492808502017561929,/temperature,15.7576141357,0.0
1492808502090375546,7088,1492808502092561929,/temperature,15.7576141357,0.0
1492808502164862718,7089,1492808502166561929,/temperature,15.7576141357,0.0
1492808502239622774,7090,1492808502240561929,/temperature,15.7576141357,0.0
1492808502313220699,7091,1492808502314561929,/temperature,15.7488851547,0.0
1492808502387180580,7092,1492808502389561929,/temperature,15.7488851547,0.0
1492808502462584924,7093,1492808502463561929,/temperature,15.7488851547,0.0
1492808502536317180,7094,1492808502537561929,/temperature,15.7488851547,0.0
1492808502609903134,7095,1492808502611561929,/temperature,15.7488851547,0.0
1492808502685406584,7096,1492808502686561929,/temperature,15.7401571274,0.0
1492808502758915250,7097,1492808502760561929,/temperature,15.7401571274,0.0
1492808502832913660,7098,1492808502834561929,/temperature,15.7488851547,0.0
1492808502907441267,7099,1492808502908561929,/temperature,15.7488851547,0.0
1492808502982400452,7100,1492808502983561929,/temperature,15.7488851547,0.0
1492808503056119959,7101,1492808503057561929,/temperature,15.7401571274,0.0
1492808503130595673,7102,1492808503131561929,/temperature,15.7401571274,0.0
1492808503204716526,7103,1492808503205561929,/temperature,15.7401571274,0.0
1492808503279192011,7104,1492808503280561929,/temperature,15.7401571274,0.0
1492808503352849817,7105,1492808503354561929,/temperature,15.7401571274,0.0
1492808503426927706,7106,1492808503428561929,/temperature,15.7401571274,0.0
1492808503500984853,7107,1492808503502561929,/temperature,15.7401571274,0.0
1492808503576256870,7108,1492808503577561929,/temperature,15.7314281464,0.0
1492808503650171090,7109,1492808503651561929,/temperature,15.7401571274,0.0
1492808503724039524,7110,1492808503725561929,/temperature,15.7401571274,0.0
1492808503798121569,7111,1492808503799561929,/temperature,15.7401571274,0.0
1492808503873390749,7112,1492808503874561929,/temperature,15.7401571274,0.0
1492808503947844592,7113,1492808503948561929,/temperature,15.7401571274,0.0
1492808504021161927,7114,1492808504022428033,/temperature,15.7401571274,0.0
1492808504095768365,7115,1492808504097428033,/temperature,15.7314281464,0.0
1492808504170865980,7116,1492808504171428033,/temperature,15.7314281464,0.0
1492808504244509824,7117,1492808504245428033,/temperature,15.7401571274,0.0
1492808504318236176,7118,1492808504319428033,/temperature,15.7314281464,0.0
1492808504392627719,7119,1492808504394428033,/temperature,15.7314281464,0.0
1492808504467367206,7120,1492808504468428033,/temperature,15.7314281464,0.0
1492808504541360857,7121,1492808504542428033,/temperature,15.7314281464,0.0
1492808504615179725,7122,1492808504616428033,/temperature,15.7314281464,0.0
1492808504690658746,7123,1492808504691428033,/temperature,15.7139701843,0.0
1492808504764716800,7124,1492808504765428033,/temperature,15.7226991653,0.0
1492808504838212866,7125,1492808504839428033,/temperature,15.7314281464,0.0
1492808504911811071,7126,1492808504913428033,/temperature,15.7401571274,0.0
1492808504987833470,7127,1492808504988428033,/temperature,15.7226991653,0.0
1492808505060857703,7128,1492808505062428033,/temperature,15.7314281464,0.0
1492808505135789111,7129,1492808505136428033,/temperature,15.7226991653,0.0
1492808505209782203,7130,1492808505210428033,/temperature,15.7401571274,0.0
1492808505283951747,7131,1492808505285428033,/temperature,15.7401571274,0.0
1492808505357978681,7132,1492808505359428033,/temperature,15.7401571274,0.0
1492808505432826164,7133,1492808505433428033,/temperature,15.7139701843,0.0
1492808505507450406,7134,1492808505508428033,/temperature,15.7226991653,0.0
1492808505581276344,7135,1492808505582428033,/temperature,15.7576141357,0.0
1492808505656070001,7136,1492808505656428033,/temperature,15.7226991653,0.0
1492808505729176039,7137,1492808505730428033,/temperature,15.7314281464,0.0
1492808505804500374,7138,1492808505805428033,/temperature,15.7226991653,0.0
1492808505878108464,7139,1492808505879428033,/temperature,15.7488851547,0.0
1492808505952175588,7140,1492808505953428033,/temperature,15.6965112686,0.0
1492808506026206649,7141,1492808506027428033,/temperature,15.6965112686,0.0
1492808506101443708,7142,1492808506102428033,/temperature,15.7139701843,0.0
1492808506175001497,7143,1492808506176428033,/temperature,15.7139701843,0.0
1492808506249202412,7144,1492808506250428033,/temperature,15.7139701843,0.0
1492808506323555268,7145,1492808506324428033,/temperature,15.7401571274,0.0
1492808506398202215,7146,1492808506399428033,/temperature,15.7314281464,0.0
1492808506472228993,7147,1492808506473428033,/temperature,15.7314281464,0.0
1492808506546045378,7148,1492808506547247884,/temperature,15.7226991653,0.0
1492808506621259354,7149,1492808506622247884,/temperature,15.7314281464,0.0
1492808506695289477,7150,1492808506696247884,/temperature,15.7139701843,0.0
1492808506769512632,7151,1492808506770247884,/temperature,15.7314281464,0.0
1492808506844228018,7152,1492808506844247884,/temperature,15.7226991653,0.0
1492808506918642363,7153,1492808506919247884,/temperature,15.7314281464,0.0
1492808506992341144,7154,1492808506993247884,/temperature,15.7139701843,0.0
1492808507066147382,7155,1492808507067247884,/temperature,15.7226991653,0.0
1492808507141016037,7156,1492808507142247884,/temperature,15.7226991653,0.0
1492808507215121633,7157,1492808507216247884,/temperature,15.7226991653,0.0
1492808507289171392,7158,1492808507290247884,/temperature,15.7314281464,0.0
1492808507363700896,7159,1492808507364247884,/temperature,15.7226991653,0.0
1492808507438725655,7160,1492808507439247884,/temperature,15.7401571274,0.0
1492808507512613868,7161,1492808507513247884,/temperature,15.7226991653,0.0
1492808507586522764,7162,1492808507587247884,/temperature,15.7314281464,0.0
1492808507660913515,7163,1492808507661247884,/temperature,15.7226991653,0.0
1492808507735182555,7164,1492808507736247884,/temperature,15.7314281464,0.0
1492808507809137011,7165,1492808507810247884,/temperature,15.7226991653,0.0
1492808507884017820,7166,1492808507884247884,/temperature,15.7314281464,0.0
1492808507958108247,7167,1492808507958247884,/temperature,15.7401571274,0.0
1492808508032309534,7168,1492808508033247884,/temperature,15.7314281464,0.0
1492808508106505792,7169,1492808508107247884,/temperature,15.7314281464,0.0
1492808508180779277,7170,1492808508181247884,/temperature,15.7401571274,0.0
1492808508255343369,7171,1492808508256247884,/temperature,15.7401571274,0.0
1492808508329406754,7172,1492808508330247884,/temperature,15.7314281464,0.0
1492808508402956206,7173,1492808508404247884,/temperature,15.7488851547,0.0
1492808508477625952,7174,1492808508478247884,/temperature,15.7314281464,0.0
1492808508552737284,7175,1492808508553247884,/temperature,15.7401571274,0.0
1492808508626686681,7176,1492808508627247884,/temperature,15.7401571274,0.0
1492808508700663612,7177,1492808508701247884,/temperature,15.7401571274,0.0
1492808508774276586,7178,1492808508775247884,/temperature,15.7401571274,0.0
1492808508849661679,7179,1492808508850247884,/temperature,15.7401571274,0.0
1492808508923809602,7180,1492808508924247884,/temperature,15.7401571274,0.0
1492808508997339946,7181,1492808508998247884,/temperature,15.7314281464,0.0
1492808509071878747,7182,1492808509072865961,/temperature,15.7401571274,0.0
1492808509145985303,7183,1492808509147865961,/temperature,15.7401571274,0.0
1492808509220449963,7184,1492808509221865961,/temperature,15.7488851547,0.0
1492808509294220231,7185,1492808509295865961,/temperature,15.7401571274,0.0
1492808509369552428,7186,1492808509370865961,/temperature,15.7488851547,0.0
1492808509443439198,7187,1492808509444865961,/temperature,15.7401571274,0.0
1492808509517408692,7188,1492808509518865961,/temperature,15.7401571274,0.0
1492808509592395469,7189,1492808509592865961,/temperature,15.7488851547,0.0
1492808509666835790,7190,1492808509667865961,/temperature,15.7488851547,0.0
1492808509740475321,7191,1492808509741865961,/temperature,15.7576141357,0.0
1492808509813919702,7192,1492808509815865961,/temperature,15.7401571274,0.0
1492808509888812304,7193,1492808509889865961,/temperature,15.7576141357,0.0
1492808509963786153,7194,1492808509964865961,/temperature,15.7488851547,0.0
1492808510037457238,7195,1492808510038865961,/temperature,15.7401571274,0.0
1492808510110847421,7196,1492808510112865961,/temperature,15.7488851547,0.0
1492808510186667721,7197,1492808510187865961,/temperature,15.7401571274,0.0
1492808510260744575,7198,1492808510261865961,/temperature,15.7401571274,0.0
1492808510333818651,7199,1492808510335865961,/temperature,15.7488851547,0.0
1492808510408816110,7200,1492808510409865961,/temperature,15.7401571274,0.0
1492808510483805979,7201,1492808510484865961,/temperature,15.7401571274,0.0
1492808510557081578,7202,1492808510558865961,/temperature,15.7401571274,0.0
1492808510631849582,7203,1492808510632865961,/temperature,15.7401571274,0.0
1492808510705933563,7204,1492808510706865961,/temperature,15.7401571274,0.0
1492808510779775071,7205,1492808510781865961,/temperature,15.7401571274,0.0
1492808510854556689,7206,1492808510855865961,/temperature,15.7314281464,0.0
1492808510928701513,7207,1492808510929865961,/temperature,15.7226991653,0.0
1492808511003098729,7208,1492808511003865961,/temperature,15.7226991653,0.0
1492808511077556339,7209,1492808511078865961,/temperature,15.7226991653,0.0
1492808511151650181,7210,1492808511152865961,/temperature,15.7226991653,0.0
1492808511225383285,7211,1492808511226865961,/temperature,15.7226991653,0.0
1492808511299881791,7212,1492808511301865961,/temperature,15.7226991653,0.0
1492808511373802066,7213,1492808511375865961,/temperature,15.7226991653,0.0
1492808511448145092,7214,1492808511449865961,/temperature,15.7226991653,0.0
1492808511523375696,7215,1492808511523865961,/temperature,15.7139701843,0.0
1492808511597226022,7216,1492808511598208974,/temperature,15.7314281464,0.0
1492808511671599683,7217,1492808511672208974,/temperature,15.7139701843,0.0
1492808511745795876,7218,1492808511746208974,/temperature,15.7139701843,0.0
1492808511819788549,7219,1492808511820208974,/temperature,15.7139701843,0.0
1492808511894154923,7220,1492808511895208974,/temperature,15.7139701843,0.0
1492808511967962076,7221,1492808511969208974,/temperature,15.7226991653,0.0
1492808512042889405,7222,1492808512043208974,/temperature,15.7226991653,0.0
1492808512117512406,7223,1492808512117208974,/temperature,15.7139701843,0.0
1492808512191232526,7224,1492808512192208974,/temperature,15.7226991653,0.0
1492808512265509362,7225,1492808512266208974,/temperature,15.7139701843,0.0
1492808512340121558,7226,1492808512340208974,/temperature,15.7226991653,0.0
1492808512414281703,7227,1492808512415208974,/temperature,15.7226991653,0.0
1492808512488517044,7228,1492808512489208974,/temperature,15.7226991653,0.0
1492808512562297392,7229,1492808512563208974,/temperature,15.7226991653,0.0
1492808512637585224,7230,1492808512637208974,/temperature,15.7139701843,0.0
1492808512711210740,7231,1492808512712208974,/temperature,15.7139701843,0.0
1492808512785103972,7232,1492808512786208974,/temperature,15.7139701843,0.0
1492808512858762570,7233,1492808512860208974,/temperature,15.7226991653,0.0
1492808512934832995,7234,1492808512934208974,/temperature,15.7139701843,0.0
1492808513008711659,7235,1492808513009208974,/temperature,15.7226991653,0.0
1492808513082298447,7236,1492808513083208974,/temperature,15.7139701843,0.0
1492808513157700780,7237,1492808513157208974,/temperature,15.7139701843,0.0
1492808513231267931,7238,1492808513231208974,/temperature,15.7052402496,0.0
1492808513305362661,7239,1492808513306208974,/temperature,15.7052402496,0.0
1492808513379144444,7240,1492808513380208974,/temperature,15.7139701843,0.0
1492808513454470004,7241,1492808513454208974,/temperature,15.7226991653,0.0
1492808513528189896,7242,1492808513528208974,/temperature,15.7139701843,0.0
1492808513602317636,7243,1492808513603208974,/temperature,15.7226991653,0.0
1492808513676709109,7244,1492808513677208974,/temperature,15.7052402496,0.0
1492808513751589208,7245,1492808513751208974,/temperature,15.7052402496,0.0
1492808513825611919,7246,1492808513826208974,/temperature,15.7052402496,0.0
1492808513899621969,7247,1492808513900208974,/temperature,15.7052402496,0.0
1492808513974867697,7248,1492808513974208974,/temperature,15.6965112686,0.0
1492808514048156242,7249,1492808514048208974,/temperature,15.7139701843,0.0
1492808514122640660,7250,1492808514124910902,/temperature,15.7052402496,0.0
1492808514196629442,7251,1492808514198910902,/temperature,15.7052402496,0.0
1492808514271635770,7252,1492808514272910902,/temperature,15.6965112686,0.0
1492808514345355202,7253,1492808514347910902,/temperature,15.7139701843,0.0
1492808514419435834,7254,1492808514421910902,/temperature,15.7052402496,0.0
1492808514493777297,7255,1492808514495910902,/temperature,15.7052402496,0.0
1492808514568298811,7256,1492808514569910902,/temperature,15.7052402496,0.0
1492808514642077406,7257,1492808514644910902,/temperature,15.6965112686,0.0
1492808514716215881,7258,1492808514718910902,/temperature,15.7052402496,0.0
1492808514790041623,7259,1492808514792910902,/temperature,15.6965112686,0.0
1492808514864840037,7260,1492808514866910902,/temperature,15.7052402496,0.0
1492808514938761023,7261,1492808514941910902,/temperature,15.6965112686,0.0
1492808515012799262,7262,1492808515015910902,/temperature,15.6790513992,0.0
1492808515086994828,7263,1492808515089910902,/temperature,15.6965112686,0.0
1492808515161825993,7264,1492808515163910902,/temperature,15.6965112686,0.0
1492808515236011468,7265,1492808515238910902,/temperature,15.6877813339,0.0
1492808515310771813,7266,1492808515312910902,/temperature,15.6965112686,0.0
1492808515385733969,7267,1492808515386910902,/temperature,15.6877813339,0.0
1492808515458800983,7268,1492808515460910902,/temperature,15.6877813339,0.0
1492808515532802320,7269,1492808515535910902,/temperature,15.6877813339,0.0
1492808515607281501,7270,1492808515609910902,/temperature,15.6790513992,0.0
1492808515682160798,7271,1492808515683910902,/temperature,15.6965112686,0.0
1492808515756227159,7272,1492808515758910902,/temperature,15.6877813339,0.0
1492808515830497698,7273,1492808515832910902,/temperature,15.6877813339,0.0
1492808515904134172,7274,1492808515906910902,/temperature,15.6790513992,0.0
1492808515979291455,7275,1492808515980910902,/temperature,15.6877813339,0.0
1492808516053805884,7276,1492808516055910902,/temperature,15.6790513992,0.0
1492808516127539698,7277,1492808516129910902,/temperature,15.6790513992,0.0
1492808516202816733,7278,1492808516203910902,/temperature,15.6790513992,0.0
1492808516276659740,7279,1492808516277910902,/temperature,15.6877813339,0.0
1492808516350757763,7280,1492808516352910902,/temperature,15.6877813339,0.0
1492808516423943860,7281,1492808516426910902,/temperature,15.6790513992,0.0
1492808516499049749,7282,1492808516500910902,/temperature,15.6790513992,0.0
1492808516572907052,7283,1492808516575910902,/temperature,15.6790513992,0.0
1492808516647081805,7284,1492808516649072956,/temperature,15.6790513992,0.0
1492808516720785433,7285,1492808516723072956,/temperature,15.6790513992,0.0
1492808516796170312,7286,1492808516797072956,/temperature,15.6703214645,0.0
1492808516870863553,7287,1492808516872072956,/temperature,15.6703214645,0.0
1492808516944394609,7288,1492808516946072956,/temperature,15.6615304947,0.0
1492808517019558946,7289,1492808517020072956,/temperature,15.6703214645,0.0
1492808517093741369,7290,1492808517094072956,/temperature,15.6615304947,0.0
1492808517167277700,7291,1492808517169072956,/temperature,15.6615304947,0.0
1492808517241472167,7292,1492808517243072956,/temperature,15.6703214645,0.0
1492808517316333934,7293,1492808517317072956,/temperature,15.6615304947,0.0
1492808517389816479,7294,1492808517391072956,/temperature,15.6527996063,0.0
1492808517463895595,7295,1492808517466072956,/temperature,15.6703214645,0.0
1492808517538305128,7296,1492808517540072956,/temperature,15.6703214645,0.0
1492808517613533077,7297,1492808517614072956,/temperature,15.6703214645,0.0
1492808517687632979,7298,1492808517689072956,/temperature,15.6615304947,0.0
1492808517761774963,7299,1492808517763072956,/temperature,15.6615304947,0.0
1492808517836803596,7300,1492808517837072956,/temperature,15.6615304947,0.0
1492808517910582428,7301,1492808517911072956,/temperature,15.6615304947,0.0
1492808517984229334,7302,1492808517986072956,/temperature,15.6615304947,0.0
1492808518058739002,7303,1492808518060072956,/temperature,15.6527996063,0.0
1492808518133830750,7304,1492808518134072956,/temperature,15.6527996063,0.0
1492808518207036521,7305,1492808518208072956,/temperature,15.6527996063,0.0
1492808518281695406,7306,1492808518283072956,/temperature,15.6527996063,0.0
1492808518355860488,7307,1492808518357072956,/temperature,15.6527996063,0.0
1492808518430061516,7308,1492808518431072956,/temperature,15.6527996063,0.0
1492808518504205737,7309,1492808518505072956,/temperature,15.6527996063,0.0
1492808518578343436,7310,1492808518580072956,/temperature,15.6527996063,0.0
1492808518653650839,7311,1492808518654072956,/temperature,15.6353387833,0.0
1492808518727519385,7312,1492808518728072956,/temperature,15.644068718,0.0
1492808518800786931,7313,1492808518802072956,/temperature,15.6527996063,0.0
1492808518874963416,7314,1492808518877072956,/temperature,15.644068718,0.0
1492808518950718849,7315,1492808518951072956,/temperature,15.6527996063,0.0
1492808519024646749,7316,1492808519025072956,/temperature,15.644068718,0.0
1492808519097967428,7317,1492808519100072956,/temperature,15.644068718,0.0
1492808519171921310,7318,1492808519174630950,/temperature,15.6527996063,0.0
1492808519246815677,7319,1492808519248630950,/temperature,15.644068718,0.0
1492808519321470961,7320,1492808519322630950,/temperature,15.644068718,0.0
1492808519395228096,7321,1492808519397630950,/temperature,15.644068718,0.0
1492808519470597645,7322,1492808519471630950,/temperature,15.644068718,0.0
1492808519544249263,7323,1492808519545630950,/temperature,15.644068718,0.0
1492808519618291251,7324,1492808519619630950,/temperature,15.644068718,0.0
1492808519692627076,7325,1492808519694630950,/temperature,15.6353387833,0.0
1492808519767659743,7326,1492808519768630950,/temperature,15.644068718,0.0
1492808519841766765,7327,1492808519842630950,/temperature,15.6353387833,0.0
1492808519915094497,7328,1492808519917630950,/temperature,15.6353387833,0.0
1492808519988805410,7329,1492808519991630950,/temperature,15.6353387833,0.0
1492808520064337404,7330,1492808520065630950,/temperature,15.6353387833,0.0
1492808520138316315,7331,1492808520139630950,/temperature,15.6353387833,0.0
1492808520212686752,7332,1492808520214630950,/temperature,15.6353387833,0.0
1492808520286597293,7333,1492808520288630950,/temperature,15.6353387833,0.0
1492808520361717207,7334,1492808520362630950,/temperature,15.6353387833,0.0
1492808520435462957,7335,1492808520436630950,/temperature,15.6266078949,0.0
1492808520509543486,7336,1492808520511630950,/temperature,15.6353387833,0.0
1492808520584426246,7337,1492808520585630950,/temperature,15.6353387833,0.0
1492808520658221049,7338,1492808520659630950,/temperature,15.6266078949,0.0
1492808520731823472,7339,1492808520733630950,/temperature,15.6353387833,0.0
1492808520806063894,7340,1492808520808630950,/temperature,15.6353387833,0.0
1492808520881054133,7341,1492808520882630950,/temperature,15.6353387833,0.0
1492808520956132666,7342,1492808520956630950,/temperature,15.6353387833,0.0
1492808521029506248,7343,1492808521030630950,/temperature,15.6353387833,0.0
1492808521102872112,7344,1492808521105630950,/temperature,15.6266078949,0.0
1492808521177988899,7345,1492808521179630950,/temperature,15.6178760529,0.0
1492808521251839874,7346,1492808521253630950,/temperature,15.6266078949,0.0
1492808521325810519,7347,1492808521328630950,/temperature,15.6266078949,0.0
1492808521400807700,7348,1492808521402630950,/temperature,15.6266078949,0.0
1492808521475838767,7349,1492808521476630950,/temperature,15.6178760529,0.0
1492808521548898976,7350,1492808521550630950,/temperature,15.6091451645,0.0
1492808521623677819,7351,1492808521625630950,/temperature,15.6266078949,0.0
1492808521698807812,7352,1492808521697940109,/temperature,15.6178760529,0.0
1492808521772712917,7353,1492808521771940109,/temperature,15.6178760529,0.0
1492808521846756840,7354,1492808521846940109,/temperature,15.6266078949,0.0
1492808521920007262,7355,1492808521920940109,/temperature,15.6091451645,0.0
1492808521995047022,7356,1492808521994940109,/temperature,15.6266078949,0.0
1492808522069308256,7357,1492808522068940109,/temperature,15.6178760529,0.0
1492808522143256523,7358,1492808522143940109,/temperature,15.6178760529,0.0
1492808522217204849,7359,1492808522217940109,/temperature,15.6091451645,0.0
1492808522291780018,7360,1492808522291940109,/temperature,15.6091451645,0.0
1492808522366468890,7361,1492808522365940109,/temperature,15.6091451645,0.0
1492808522440371290,7362,1492808522440940109,/temperature,15.6091451645,0.0
1492808522515524029,7363,1492808522514940109,/temperature,15.6178760529,0.0
1492808522589662201,7364,1492808522588940109,/temperature,15.6091451645,0.0
1492808522663601089,7365,1492808522662940109,/temperature,15.6091451645,0.0
1492808522737020605,7366,1492808522737940109,/temperature,15.6091451645,0.0
1492808522811983628,7367,1492808522811940109,/temperature,15.6178760529,0.0
1492808522886158828,7368,1492808522885940109,/temperature,15.6004133224,0.0
1492808522960037458,7369,1492808522960940109,/temperature,15.6004133224,0.0
1492808523033952978,7370,1492808523034940109,/temperature,15.6091451645,0.0
1492808523109374313,7371,1492808523108940109,/temperature,15.6091451645,0.0
1492808523183211686,7372,1492808523182940109,/temperature,15.6178760529,0.0
1492808523257511417,7373,1492808523257940109,/temperature,15.6091451645,0.0
1492808523330895625,7374,1492808523331940109,/temperature,15.6178760529,0.0
1492808523406472274,7375,1492808523405940109,/temperature,15.5916824341,0.0
1492808523480575967,7376,1492808523479940109,/temperature,15.6266078949,0.0
1492808523554434878,7377,1492808523554940109,/temperature,15.6091451645,0.0
1492808523629838438,7378,1492808523628940109,/temperature,15.6178760529,0.0
1492808523703426373,7379,1492808523702940109,/temperature,15.5916824341,0.0
1492808523776805682,7380,1492808523776940109,/temperature,15.6004133224,0.0
1492808523850861387,7381,1492808523851940109,/temperature,15.6091451645,0.0
1492808523925880083,7382,1492808523925940109,/temperature,15.6091451645,0.0
1492808524000150614,7383,1492808523999940109,/temperature,15.6091451645,0.0
1492808524073805035,7384,1492808524074940109,/temperature,15.6178760529,0.0
1492808524149597261,7385,1492808524148940109,/temperature,15.6091451645,0.0
1492808524222802113,7386,1492808524222803113,/temperature,15.6178760529,0.0
1492808524297054874,7387,1492808524296803113,/temperature,15.6178760529,0.0
1492808524371231264,7388,1492808524371803113,/temperature,15.6091451645,0.0
1492808524446638506,7389,1492808524445803113,/temperature,15.6178760529,0.0
1492808524520714587,7390,1492808524519803113,/temperature,15.6266078949,0.0
1492808524593894467,7391,1492808524593803113,/temperature,15.6266078949,0.0
1492808524667960609,7392,1492808524668803113,/temperature,15.6178760529,0.0
1492808524743158061,7393,1492808524742803113,/temperature,15.6266078949,0.0
1492808524817311641,7394,1492808524816803113,/temperature,15.6266078949,0.0
1492808524890823142,7395,1492808524890803113,/temperature,15.6178760529,0.0
1492808524966119953,7396,1492808524965803113,/temperature,15.6178760529,0.0
1492808525039886583,7397,1492808525039803113,/temperature,15.6178760529,0.0
1492808525114261187,7398,1492808525113803113,/temperature,15.6266078949,0.0
1492808525188097172,7399,1492808525188803113,/temperature,15.6178760529,0.0
1492808525263510584,7400,1492808525262803113,/temperature,15.6178760529,0.0
1492808525336990516,7401,1492808525336803113,/temperature,15.6266078949,0.0
1492808525411743203,7402,1492808525410803113,/temperature,15.6266078949,0.0
1492808525485790456,7403,1492808525485803113,/temperature,15.6091451645,0.0
1492808525559853674,7404,1492808525559803113,/temperature,15.6266078949,0.0
1492808525634130012,7405,1492808525633803113,/temperature,15.6266078949,0.0
1492808525708667416,7406,1492808525707803113,/temperature,15.6266078949,0.0
1492808525781836272,7407,1492808525782803113,/temperature,15.6266078949,0.0
1492808525857104928,7408,1492808525856803113,/temperature,15.6091451645,0.0
1492808525931233114,7409,1492808525930803113,/temperature,15.6266078949,0.0
1492808526004898824,7410,1492808526004803113,/temperature,15.6353387833,0.0
1492808526080819632,7411,1492808526079803113,/temperature,15.6266078949,0.0
1492808526154015627,7412,1492808526153803113,/temperature,15.6266078949,0.0
1492808526227908874,7413,1492808526227803113,/temperature,15.644068718,0.0
1492808526302166130,7414,1492808526302803113,/temperature,15.6266078949,0.0
1492808526377418123,7415,1492808526376803113,/temperature,15.6266078949,0.0
1492808526451021915,7416,1492808526450803113,/temperature,15.6266078949,0.0
1492808526525533663,7417,1492808526524803113,/temperature,15.6178760529,0.0
1492808526600624780,7418,1492808526599803113,/temperature,15.6178760529,0.0
1492808526674746796,7419,1492808526673803113,/temperature,15.6266078949,0.0
1492808526747922083,7420,1492808526749674079,/temperature,15.6266078949,0.0
1492808526821854359,7421,1492808526823674079,/temperature,15.6353387833,0.0
1492808526897646390,7422,1492808526898674079,/temperature,15.6353387833,0.0
1492808526971541395,7423,1492808526972674079,/temperature,15.6178760529,0.0
1492808527045262985,7424,1492808527046674079,/temperature,15.6178760529,0.0
1492808527119191005,7425,1492808527120674079,/temperature,15.6266078949,0.0
1492808527194449310,7426,1492808527195674079,/temperature,15.6266078949,0.0
1492808527268681056,7427,1492808527269674079,/temperature,15.6266078949,0.0
1492808527342449030,7428,1492808527343674079,/temperature,15.6178760529,0.0
1492808527416179451,7429,1492808527418674079,/temperature,15.6178760529,0.0
1492808527491010872,7430,1492808527492674079,/temperature,15.6178760529,0.0
1492808527564956625,7431,1492808527566674079,/temperature,15.6266078949,0.0
1492808527639165633,7432,1492808527640674079,/temperature,15.6353387833,0.0
1492808527713548035,7433,1492808527715674079,/temperature,15.6266078949,0.0
1492808527788570813,7434,1492808527789674079,/temperature,15.6178760529,0.0
1492808527862666246,7435,1492808527863674079,/temperature,15.6266078949,0.0
1492808527936771251,7436,1492808527937674079,/temperature,15.6266078949,0.0
1492808528010940787,7437,1492808528012674079,/temperature,15.6266078949,0.0
1492808528085632920,7438,1492808528086674079,/temperature,15.6266078949,0.0
1492808528159523009,7439,1492808528160674079,/temperature,15.6266078949,0.0
1492808528233883458,7440,1492808528234674079,/temperature,15.6178760529,0.0
1492808528307955439,7441,1492808528309674079,/temperature,15.6266078949,0.0
1492808528382779324,7442,1492808528383674079,/temperature,15.6353387833,0.0
1492808528456639120,7443,1492808528457674079,/temperature,15.6266078949,0.0
1492808528529834858,7444,1492808528532674079,/temperature,15.6178760529,0.0
1492808528605682537,7445,1492808528606674079,/temperature,15.6266078949,0.0
1492808528679825312,7446,1492808528680674079,/temperature,15.6266078949,0.0
1492808528753760552,7447,1492808528754674079,/temperature,15.6178760529,0.0
1492808528827117515,7448,1492808528829674079,/temperature,15.6266078949,0.0
1492808528902265958,7449,1492808528903674079,/temperature,15.6178760529,0.0
1492808528976247025,7450,1492808528977674079,/temperature,15.6266078949,0.0
1492808529050292572,7451,1492808529051674079,/temperature,15.6266078949,0.0
1492808529124775304,7452,1492808529126674079,/temperature,15.6178760529,0.0
1492808529199257552,7453,1492808529200674079,/temperature,15.6266078949,0.0
1492808529273610831,7454,1492808529273844001,/temperature,15.6178760529,0.0
1492808529349190697,7455,1492808529348844001,/temperature,15.6266078949,0.0
1492808529422301739,7456,1492808529422844001,/temperature,15.6266078949,0.0
1492808529496069149,7457,1492808529496844001,/temperature,15.6266078949,0.0
1492808529570025302,7458,1492808529570844001,/temperature,15.6178760529,0.0
1492808529644815386,7459,1492808529645844001,/temperature,15.6266078949,0.0
1492808529718991968,7460,1492808529719844001,/temperature,15.6266078949,0.0
1492808529793098775,7461,1492808529793844001,/temperature,15.6266078949,0.0
1492808529867196537,7462,1492808529867844001,/temperature,15.6266078949,0.0
1492808529942071531,7463,1492808529942844001,/temperature,15.6266078949,0.0
1492808530016102874,7464,1492808530016844001,/temperature,15.6266078949,0.0
1492808530090518077,7465,1492808530090844001,/temperature,15.6266078949,0.0
1492808530163813337,7466,1492808530164844001,/temperature,15.6266078949,0.0
1492808530239459922,7467,1492808530239844001,/temperature,15.6266078949,0.0
1492808530313299547,7468,1492808530313844001,/temperature,15.6266078949,0.0
1492808530387613427,7469,1492808530387844001,/temperature,15.6353387833,0.0
1492808530462634950,7470,1492808530462844001,/temperature,15.6353387833,0.0
1492808530536328040,7471,1492808530536844001,/temperature,15.6266078949,0.0
1492808530609885842,7472,1492808530610844001,/temperature,15.6266078949,0.0
1492808530684710973,7473,1492808530684844001,/temperature,15.6353387833,0.0
1492808530759741559,7474,1492808530759844001,/temperature,15.6266078949,0.0
1492808530833837375,7475,1492808530833844001,/temperature,15.6266078949,0.0
1492808530907266915,7476,1492808530907844001,/temperature,15.6266078949,0.0
1492808530981191199,7477,1492808530981844001,/temperature,15.6266078949,0.0
1492808531056400301,7478,1492808531056844001,/temperature,15.6266078949,0.0
1492808531130139857,7479,1492808531130844001,/temperature,15.6266078949,0.0
1492808531203937385,7480,1492808531204844001,/temperature,15.6266078949,0.0
1492808531278014076,7481,1492808531278844001,/temperature,15.6178760529,0.0
1492808531353104640,7482,1492808531353844001,/temperature,15.6266078949,0.0
1492808531427093868,7483,1492808531427844001,/temperature,15.6353387833,0.0
1492808531501255908,7484,1492808531501844001,/temperature,15.6266078949,0.0
1492808531576370587,7485,1492808531575844001,/temperature,15.6266078949,0.0
1492808531650412934,7486,1492808531650844001,/temperature,15.6353387833,0.0
1492808531724388662,7487,1492808531724844001,/temperature,15.6266078949,0.0
1492808531798389649,7488,1492808531799468992,/temperature,15.6353387833,0.0
1492808531873819052,7489,1492808531874468992,/temperature,15.6266078949,0.0
1492808531947565227,7490,1492808531948468992,/temperature,15.6353387833,0.0
1492808532021541054,7491,1492808532022468992,/temperature,15.6353387833,0.0
1492808532095441717,7492,1492808532096468992,/temperature,15.6353387833,0.0
1492808532170321101,7493,1492808532171468992,/temperature,15.644068718,0.0
1492808532244343643,7494,1492808532245468992,/temperature,15.6353387833,0.0
1492808532318565954,7495,1492808532319468992,/temperature,15.6353387833,0.0
1492808532392316767,7496,1492808532393468992,/temperature,15.6353387833,0.0
1492808532467652125,7497,1492808532468468992,/temperature,15.6353387833,0.0
1492808532541756772,7498,1492808532542468992,/temperature,15.644068718,0.0
1492808532614969606,7499,1492808532616468992,/temperature,15.6353387833,0.0
1492808532690329479,7500,1492808532690468992,/temperature,15.644068718,0.0
1492808532764510763,7501,1492808532765468992,/temperature,15.6353387833,0.0
1492808532838366303,7502,1492808532839468992,/temperature,15.6353387833,0.0
1492808532912386885,7503,1492808532913468992,/temperature,15.6353387833,0.0
1492808532987007477,7504,1492808532988468992,/temperature,15.6353387833,0.0
1492808533061554297,7505,1492808533062468992,/temperature,15.6527996063,0.0
1492808533135794026,7506,1492808533136468992,/temperature,15.644068718,0.0
1492808533209732719,7507,1492808533210468992,/temperature,15.644068718,0.0
1492808533284457406,7508,1492808533285468992,/temperature,15.6527996063,0.0
1492808533358039726,7509,1492808533359468992,/temperature,15.644068718,0.0
1492808533431977614,7510,1492808533433468992,/temperature,15.644068718,0.0
1492808533507067678,7511,1492808533507468992,/temperature,15.644068718,0.0
1492808533580924406,7512,1492808533582468992,/temperature,15.644068718,0.0
1492808533655717648,7513,1492808533656468992,/temperature,15.6353387833,0.0
1492808533728851199,7514,1492808533730468992,/temperature,15.644068718,0.0
1492808533804229454,7515,1492808533804468992,/temperature,15.644068718,0.0
1492808533877918583,7516,1492808533879468992,/temperature,15.6527996063,0.0
1492808533952196316,7517,1492808533953468992,/temperature,15.6615304947,0.0
1492808534026345877,7518,1492808534027468992,/temperature,15.6527996063,0.0
1492808534101139831,7519,1492808534102468992,/temperature,15.6527996063,0.0
1492808534175680883,7520,1492808534176468992,/temperature,15.6527996063,0.0
1492808534249209230,7521,1492808534250468992,/temperature,15.6615304947,0.0
1492808534323321463,7522,1492808534324736116,/temperature,15.6527996063,0.0
1492808534398687726,7523,1492808534399736116,/temperature,15.6527996063,0.0
1492808534471947712,7524,1492808534473736116,/temperature,15.6527996063,0.0
1492808534546084399,7525,1492808534547736116,/temperature,15.6615304947,0.0
1492808534621027331,7526,1492808534621736116,/temperature,15.6527996063,0.0
1492808534695739174,7527,1492808534696736116,/temperature,15.6527996063,0.0
1492808534769763245,7528,1492808534770736116,/temperature,15.644068718,0.0
1492808534843620695,7529,1492808534844736116,/temperature,15.6527996063,0.0
1492808534918464715,7530,1492808534918736116,/temperature,15.6527996063,0.0
1492808534992402335,7531,1492808534993736116,/temperature,15.6615304947,0.0
1492808535066275882,7532,1492808535067736116,/temperature,15.6615304947,0.0
1492808535141239642,7533,1492808535141736116,/temperature,15.644068718,0.0
1492808535215159124,7534,1492808535216736116,/temperature,15.644068718,0.0
1492808535289286697,7535,1492808535290736116,/temperature,15.644068718,0.0
1492808535363522105,7536,1492808535364736116,/temperature,15.6527996063,0.0
1492808535438411958,7537,1492808535438736116,/temperature,15.6527996063,0.0
1492808535512298785,7538,1492808535513736116,/temperature,15.6527996063,0.0
1492808535586183316,7539,1492808535587736116,/temperature,15.6615304947,0.0
1492808535660708165,7540,1492808535661736116,/temperature,15.6527996063,0.0
1492808535735762676,7541,1492808535735736116,/temperature,15.6527996063,0.0
1492808535809118931,7542,1492808535810736116,/temperature,15.6527996063,0.0
1492808535883071261,7543,1492808535884736116,/temperature,15.6527996063,0.0
1492808535957177870,7544,1492808535958736116,/temperature,15.6527996063,0.0
1492808536031931092,7545,1492808536032736116,/temperature,15.6527996063,0.0
1492808536105987913,7546,1492808536107736116,/temperature,15.6527996063,0.0
1492808536180824140,7547,1492808536181736116,/temperature,15.6527996063,0.0
1492808536256036533,7548,1492808536255736116,/temperature,15.6615304947,0.0
1492808536329172985,7549,1492808536330736116,/temperature,15.6527996063,0.0
1492808536403364738,7550,1492808536404736116,/temperature,15.6615304947,0.0
1492808536477258237,7551,1492808536478736116,/temperature,15.644068718,0.0
1492808536552591722,7552,1492808536552736116,/temperature,15.6527996063,0.0
1492808536626258711,7553,1492808536627736116,/temperature,15.6527996063,0.0
1492808536700273067,7554,1492808536701736116,/temperature,15.6615304947,0.0
1492808536774354021,7555,1492808536775736116,/temperature,15.644068718,0.0
1492808536849451231,7556,1492808536850317071,/temperature,15.6615304947,0.0
1492808536923678154,7557,1492808536924317071,/temperature,15.6527996063,0.0
1492808536997217018,7558,1492808536998317071,/temperature,15.644068718,0.0
1492808537071080329,7559,1492808537072317071,/temperature,15.6527996063,0.0
1492808537146097311,7560,1492808537147317071,/temperature,15.6527996063,0.0
1492808537220837315,7561,1492808537221317071,/temperature,15.6527996063,0.0
1492808537294514586,7562,1492808537295317071,/temperature,15.644068718,0.0
1492808537369494858,7563,1492808537369317071,/temperature,15.6527996063,0.0
1492808537443531391,7564,1492808537444317071,/temperature,15.644068718,0.0
1492808537517569332,7565,1492808537518317071,/temperature,15.6615304947,0.0
1492808537591486365,7566,1492808537592317071,/temperature,15.6615304947,0.0
1492808537666175908,7567,1492808537666317071,/temperature,15.6527996063,0.0
1492808537740856177,7568,1492808537741317071,/temperature,15.6615304947,0.0
1492808537813774675,7569,1492808537815317071,/temperature,15.6615304947,0.0
1492808537887977221,7570,1492808537889317071,/temperature,15.6615304947,0.0
1492808537963104447,7571,1492808537963317071,/temperature,15.6615304947,0.0
1492808538036747216,7572,1492808538038317071,/temperature,15.6615304947,0.0
1492808538111034028,7573,1492808538112317071,/temperature,15.6615304947,0.0
1492808538184838067,7574,1492808538186317071,/temperature,15.6615304947,0.0
1492808538260136991,7575,1492808538261317071,/temperature,15.6615304947,0.0
1492808538334034422,7576,1492808538335317071,/temperature,15.6615304947,0.0
1492808538408504268,7577,1492808538409317071,/temperature,15.6527996063,0.0
1492808538483359242,7578,1492808538483317071,/temperature,15.6615304947,0.0
1492808538556938454,7579,1492808538558317071,/temperature,15.6703214645,0.0
1492808538631717290,7580,1492808538632317071,/temperature,15.6527996063,0.0
1492808538704878477,7581,1492808538706317071,/temperature,15.6615304947,0.0
1492808538780029824,7582,1492808538780317071,/temperature,15.6527996063,0.0
1492808538854495654,7583,1492808538855317071,/temperature,15.6615304947,0.0
1492808538927816201,7584,1492808538929317071,/temperature,15.6615304947,0.0
1492808539002435160,7585,1492808539003317071,/temperature,15.6615304947,0.0
1492808539076994446,7586,1492808539077317071,/temperature,15.6615304947,0.0
1492808539151111317,7587,1492808539152317071,/temperature,15.6615304947,0.0
1492808539225722617,7588,1492808539226317071,/temperature,15.6615304947,0.0
1492808539300994546,7589,1492808539300317071,/temperature,15.6527996063,0.0
1492808539373984706,7590,1492808539375774930,/temperature,15.6615304947,0.0
1492808539448630738,7591,1492808539449774930,/temperature,15.6703214645,0.0
1492808539522778313,7592,1492808539523774930,/temperature,15.6615304947,0.0
1492808539596970584,7593,1492808539597774930,/temperature,15.6703214645,0.0
1492808539671832357,7594,1492808539672774930,/temperature,15.6615304947,0.0
1492808539745699708,7595,1492808539746774930,/temperature,15.6703214645,0.0
1492808539819672074,7596,1492808539820774930,/temperature,15.6877813339,0.0
1492808539894647006,7597,1492808539894774930,/temperature,15.6703214645,0.0
1492808539968693055,7598,1492808539969774930,/temperature,15.6615304947,0.0
1492808540042814366,7599,1492808540043774930,/temperature,15.6703214645,0.0
1492808540115954449,7600,1492808540117774930,/temperature,15.6703214645,0.0
1492808540191368749,7601,1492808540191774930,/temperature,15.6703214645,0.0
1492808540265154459,7602,1492808540266774930,/temperature,15.6703214645,0.0
1492808540339170504,7603,1492808540340774930,/temperature,15.6615304947,0.0
1492808540414070750,7604,1492808540414774930,/temperature,15.6703214645,0.0
1492808540488578236,7605,1492808540489774930,/temperature,15.6703214645,0.0
1492808540562505512,7606,1492808540563774930,/temperature,15.6615304947,0.0
1492808540636564605,7607,1492808540637774930,/temperature,15.6615304947,0.0
1492808540711645825,7608,1492808540711774930,/temperature,15.6703214645,0.0
1492808540785550355,7609,1492808540786774930,/temperature,15.6703214645,0.0
1492808540859603944,7610,1492808540860774930,/temperature,15.6703214645,0.0
1492808540933461974,7611,1492808540934774930,/temperature,15.6615304947,0.0
1492808541008672214,7612,1492808541008774930,/temperature,15.6703214645,0.0
1492808541082346884,7613,1492808541083774930,/temperature,15.6615304947,0.0
1492808541156539292,7614,1492808541157774930,/temperature,15.6703214645,0.0
1492808541230464280,7615,1492808541231774930,/temperature,15.6703214645,0.0
1492808541304923012,7616,1492808541305774930,/temperature,15.6703214645,0.0
1492808541378814835,7617,1492808541380774930,/temperature,15.6703214645,0.0
1492808541453766620,7618,1492808541454774930,/temperature,15.6615304947,0.0
1492808541528380772,7619,1492808541528774930,/temperature,15.6703214645,0.0
1492808541602311621,7620,1492808541602774930,/temperature,15.6703214645,0.0
1492808541675925740,7621,1492808541677774930,/temperature,15.6703214645,0.0
1492808541749738602,7622,1492808541751774930,/temperature,15.6703214645,0.0
1492808541824822892,7623,1492808541825774930,/temperature,15.6790513992,0.0
1492808541899506870,7624,1492808541899791072,/temperature,15.6703214645,0.0
1492808541973370101,7625,1492808541973791072,/temperature,15.6703214645,0.0
1492808542048634478,7626,1492808542047791072,/temperature,15.6790513992,0.0
1492808542122297441,7627,1492808542121791072,/temperature,15.6703214645,0.0
1492808542196547365,7628,1492808542196791072,/temperature,15.6790513992,0.0
1492808542270366556,7629,1492808542270791072,/temperature,15.6703214645,0.0
1492808542345231320,7630,1492808542344791072,/temperature,15.6703214645,0.0
1492808542419284771,7631,1492808542418791072,/temperature,15.6790513992,0.0
1492808542493246727,7632,1492808542493791072,/temperature,15.6615304947,0.0
1492808542567191562,7633,1492808542567791072,/temperature,15.6790513992,0.0
1492808542641955699,7634,1492808542641791072,/temperature,15.6703214645,0.0
1492808542715915089,7635,1492808542715791072,/temperature,15.6965112686,0.0
1492808542789843322,7636,1492808542790791072,/temperature,15.6703214645,0.0
1492808542864222016,7637,1492808542864791072,/temperature,15.6703214645,0.0
1492808542939146645,7638,1492808542938791072,/temperature,15.6790513992,0.0
1492808543013014948,7639,1492808543013791072,/temperature,15.6790513992,0.0
1492808543087342999,7640,1492808543087791072,/temperature,15.6790513992,0.0
1492808543162766690,7641,1492808543161791072,/temperature,15.6790513992,0.0
1492808543236628369,7642,1492808543235791072,/temperature,15.6790513992,0.0
1492808543310515060,7643,1492808543310791072,/temperature,15.6790513992,0.0
1492808543384514188,7644,1492808543384791072,/temperature,15.6790513992,0.0
1492808543459515338,7645,1492808543458791072,/temperature,15.6790513992,0.0
1492808543533014779,7646,1492808543532791072,/temperature,15.6877813339,0.0
1492808543607541542,7647,1492808543607791072,/temperature,15.6877813339,0.0
1492808543680966427,7648,1492808543681791072,/temperature,15.6703214645,0.0
1492808543756143167,7649,1492808543755791072,/temperature,15.6703214645,0.0
1492808543830836647,7650,1492808543829791072,/temperature,15.6790513992,0.0
1492808543903912844,7651,1492808543904791072,/temperature,15.6965112686,0.0
1492808543978082513,7652,1492808543978791072,/temperature,15.6790513992,0.0
1492808544053304122,7653,1492808544052791072,/temperature,15.6790513992,0.0
1492808544127041560,7654,1492808544126791072,/temperature,15.6877813339,0.0
1492808544201779224,7655,1492808544201791072,/temperature,15.6790513992,0.0
1492808544276260654,7656,1492808544275791072,/temperature,15.6877813339,0.0
1492808544350385726,7657,1492808544349791072,/temperature,15.6790513992,0.0
