%time,field.header.seq,field.header.stamp,field.header.frame_id,field.fluid_pressure,field.variance
1492808499629653755,81876,1492808499629018955,/fluid_pressure,105690.0,0.0
1492808499703758807,81877,1492808499703018955,/fluid_pressure,105719.992188,0.0
1492808499777649547,81878,1492808499777018955,/fluid_pressure,105730.007812,0.0
1492808499851117057,81879,1492808499852018955,/fluid_pressure,105710.0,0.0
1492808499926110502,81880,1492808499926018955,/fluid_pressure,105740.0,0.0
1492808500000437326,81881,1492808500000018955,/fluid_pressure,105719.992188,0.0
1492808500074590883,81882,1492808500074018955,/fluid_pressure,105750.0,0.0
1492808500147973591,81883,1492808500149018955,/fluid_pressure,105690.0,0.0
1492808500223286592,81884,1492808500223018955,/fluid_pressure,105710.0,0.0
1492808500297651473,81885,1492808500297018955,/fluid_pressure,105740.0,0.0
1492808500371583172,81886,1492808500371018955,/fluid_pressure,105769.992188,0.0
1492808500446016860,81887,1492808500446018955,/fluid_pressure,105750.0,0.0
1492808500520637696,81888,1492808500520018955,/fluid_pressure,105790.0,0.0
1492808500594670434,81889,1492808500594018955,/fluid_pressure,105719.992188,0.0
1492808500668715826,81890,1492808500668018955,/fluid_pressure,105750.0,0.0
1492808500743693685,81891,1492808500743018955,/fluid_pressure,105719.992188,0.0
1492808500817737904,81892,1492808500817018955,/fluid_pressure,105730.007812,0.0
1492808500891727008,81893,1492808500891018955,/fluid_pressure,105590.0,0.0
1492808500965477130,81894,1492808500965018955,/fluid_pressure,105669.992188,0.0
1492808501040789713,81895,1492808501040018955,/fluid_pressure,105710.0,0.0
1492808501114171966,81896,1492808501114018955,/fluid_pressure,105650.0,0.0
1492808501187810538,81897,1492808501188018955,/fluid_pressure,105719.992188,0.0
1492808501262298887,81898,1492808501262018955,/fluid_pressure,105700.0,0.0
1492808501337321898,81899,1492808501337018955,/fluid_pressure,105719.992188,0.0
1492808501411558247,81900,1492808501411018955,/fluid_pressure,105800.0,0.0
1492808501484881721,81901,1492808501486561929,/fluid_pressure,105760.0,0.0
1492808501559641938,81902,1492808501561561929,/fluid_pressure,105790.0,0.0
1492808501634524350,81903,1492808501635561929,/fluid_pressure,105800.0,0.0
1492808501707944156,81904,1492808501709561929,/fluid_pressure,105830.007812,0.0
1492808501782779447,81905,1492808501783561929,/fluid_pressure,105790.0,0.0
1492808501856477986,81906,1492808501858561929,/fluid_pressure,105719.992188,0.0
1492808501931550972,81907,1492808501932561929,/fluid_pressure,105730.007812,0.0
1492808502005229138,81908,1492808502006561929,/fluid_pressure,105769.992188,0.0
1492808502079295582,81909,1492808502080561929,/fluid_pressure,105690.0,0.0
1492808502153010737,81910,1492808502155561929,/fluid_pressure,105730.007812,0.0
1492808502228644786,81911,1492808502229561929,/fluid_pressure,105760.0,0.0
1492808502302464375,81912,1492808502303561929,/fluid_pressure,105740.0,0.0
1492808502376434424,81913,1492808502377561929,/fluid_pressure,105719.992188,0.0
1492808502450521588,81914,1492808502452561929,/fluid_pressure,105719.992188,0.0
1492808502525472413,81915,1492808502526561929,/fluid_pressure,105680.007812,0.0
1492808502599043964,81916,1492808502600561929,/fluid_pressure,105740.0,0.0
1492808502673568050,81917,1492808502674561929,/fluid_pressure,105710.0,0.0
1492808502748133237,81918,1492808502749561929,/fluid_pressure,105660.0,0.0
1492808502821854895,81919,1492808502823561929,/fluid_pressure,105650.0,0.0
1492808502896390590,81920,1492808502897561929,/fluid_pressure,105650.0,0.0
1492808502970410403,81921,1492808502971561929,/fluid_pressure,105650.0,0.0
1492808503045063386,81922,1492808503046561929,/fluid_pressure,105680.007812,0.0
1492808503119583930,81923,1492808503120561929,/fluid_pressure,105700.0,0.0
1492808503193538026,81924,1492808503194561929,/fluid_pressure,105710.0,0.0
1492808503267371413,81925,1492808503268561929,/fluid_pressure,105710.0,0.0
1492808503341969332,81926,1492808503343561929,/fluid_pressure,105800.0,0.0
1492808503416026990,81927,1492808503417561929,/fluid_pressure,105830.007812,0.0
1492808503489991490,81928,1492808503491561929,/fluid_pressure,105840.0,0.0
1492808503564405683,81929,1492808503565561929,/fluid_pressure,105869.992188,0.0
1492808503639192780,81930,1492808503640561929,/fluid_pressure,105880.007812,0.0
1492808503713142715,81931,1492808503714561929,/fluid_pressure,105840.0,0.0
1492808503787086816,81932,1492808503788561929,/fluid_pressure,105830.007812,0.0
1492808503861305421,81933,1492808503862561929,/fluid_pressure,105810.0,0.0
1492808503936998549,81934,1492808503937561929,/fluid_pressure,105769.992188,0.0
1492808504010195950,81935,1492808504011428033,/fluid_pressure,105700.0,0.0
1492808504084769988,81936,1492808504085428033,/fluid_pressure,105690.0,0.0
1492808504157885458,81937,1492808504160428033,/fluid_pressure,105719.992188,0.0
1492808504233691214,81938,1492808504234428033,/fluid_pressure,105680.007812,0.0
1492808504307371304,81939,1492808504308428033,/fluid_pressure,105719.992188,0.0
1492808504381700569,81940,1492808504382428033,/fluid_pressure,105669.992188,0.0
1492808504456277053,81941,1492808504457428033,/fluid_pressure,105719.992188,0.0
1492808504530604656,81942,1492808504531428033,/fluid_pressure,105750.0,0.0
1492808504604303073,81943,1492808504605428033,/fluid_pressure,105740.0,0.0
1492808504678550590,81944,1492808504679428033,/fluid_pressure,105719.992188,0.0
1492808504753904188,81945,1492808504754428033,/fluid_pressure,105790.0,0.0
1492808504827511966,81946,1492808504828428033,/fluid_pressure,105750.0,0.0
1492808504900868500,81947,1492808504902428033,/fluid_pressure,105750.0,0.0
1492808504975881012,81948,1492808504976428033,/fluid_pressure,105710.0,0.0
1492808505050089541,81949,1492808505051428033,/fluid_pressure,105690.0,0.0
1492808505124869573,81950,1492808505125428033,/fluid_pressure,105690.0,0.0
1492808505198935958,81951,1492808505199428033,/fluid_pressure,105719.992188,0.0
1492808505273197557,81952,1492808505274428033,/fluid_pressure,105680.007812,0.0
1492808505347130137,81953,1492808505348428033,/fluid_pressure,105730.007812,0.0
1492808505420937813,81954,1492808505422428033,/fluid_pressure,105769.992188,0.0
1492808505495250320,81955,1492808505496428033,/fluid_pressure,105780.007812,0.0
1492808505570410733,81956,1492808505571428033,/fluid_pressure,105740.0,0.0
1492808505644816954,81957,1492808505645428033,/fluid_pressure,105660.0,0.0
1492808505718345809,81958,1492808505719428033,/fluid_pressure,105710.0,0.0
1492808505792167954,81959,1492808505793428033,/fluid_pressure,105680.007812,0.0
1492808505867135981,81960,1492808505868428033,/fluid_pressure,105730.007812,0.0
1492808505941200301,81961,1492808505942428033,/fluid_pressure,105690.0,0.0
1492808506015206361,81962,1492808506016428033,/fluid_pressure,105790.0,0.0
1492808506089488354,81963,1492808506090428033,/fluid_pressure,105590.0,0.0
1492808506163908300,81964,1492808506165428033,/fluid_pressure,105680.007812,0.0
1492808506238366495,81965,1492808506239428033,/fluid_pressure,105710.0,0.0
1492808506312625946,81966,1492808506313428033,/fluid_pressure,105700.0,0.0
1492808506387349075,81967,1492808506387428033,/fluid_pressure,105700.0,0.0
1492808506461243434,81968,1492808506462428033,/fluid_pressure,105760.0,0.0
1492808506535098708,81969,1492808506536247884,/fluid_pressure,105780.007812,0.0
1492808506609264861,81970,1492808506610247884,/fluid_pressure,105790.0,0.0
1492808506684223091,81971,1492808506685247884,/fluid_pressure,105740.0,0.0
1492808506758540987,81972,1492808506759247884,/fluid_pressure,105810.0,0.0
1492808506832494889,81973,1492808506833247884,/fluid_pressure,105800.0,0.0
1492808506906581460,81974,1492808506907247884,/fluid_pressure,105760.0,0.0
1492808506981345262,81975,1492808506982247884,/fluid_pressure,105730.007812,0.0
1492808507055340025,81976,1492808507056247884,/fluid_pressure,105730.007812,0.0
1492808507129061442,81977,1492808507130247884,/fluid_pressure,105719.992188,0.0
1492808507204241893,81978,1492808507204247884,/fluid_pressure,105769.992188,0.0
1492808507278093228,81979,1492808507279247884,/fluid_pressure,105719.992188,0.0
1492808507352643692,81980,1492808507353247884,/fluid_pressure,105750.0,0.0
1492808507426693366,81981,1492808507427247884,/fluid_pressure,105750.0,0.0
1492808507501776105,81982,1492808507502247884,/fluid_pressure,105750.0,0.0
1492808507575665649,81983,1492808507576247884,/fluid_pressure,105790.0,0.0
1492808507649383113,81984,1492808507650247884,/fluid_pressure,105800.0,0.0
1492808507723204884,81985,1492808507724247884,/fluid_pressure,105750.0,0.0
1492808507798378218,81986,1492808507799247884,/fluid_pressure,105740.0,0.0
1492808507872718732,81987,1492808507873247884,/fluid_pressure,105750.0,0.0
1492808507946134639,81988,1492808507947247884,/fluid_pressure,105730.007812,0.0
1492808508020379185,81989,1492808508021247884,/fluid_pressure,105750.0,0.0
1492808508095641958,81990,1492808508096247884,/fluid_pressure,105700.0,0.0
1492808508168812104,81991,1492808508170247884,/fluid_pressure,105650.0,0.0
1492808508243290586,81992,1492808508244247884,/fluid_pressure,105650.0,0.0
1492808508318553880,81993,1492808508318247884,/fluid_pressure,105680.007812,0.0
1492808508392084982,81994,1492808508393247884,/fluid_pressure,105710.0,0.0
1492808508466714337,81995,1492808508467247884,/fluid_pressure,105750.0,0.0
1492808508540721892,81996,1492808508541247884,/fluid_pressure,105760.0,0.0
1492808508615739929,81997,1492808508616247884,/fluid_pressure,105800.0,0.0
1492808508689557564,81998,1492808508690247884,/fluid_pressure,105760.0,0.0
1492808508763114910,81999,1492808508764247884,/fluid_pressure,105850.0,0.0
1492808508838601459,82000,1492808508838247884,/fluid_pressure,105769.992188,0.0
1492808508911828821,82001,1492808508913247884,/fluid_pressure,105750.0,0.0
1492808508986544239,82002,1492808508987247884,/fluid_pressure,105740.0,0.0
1492808509059887464,82003,1492808509061865961,/fluid_pressure,105700.0,0.0
1492808509134911937,82004,1492808509136865961,/fluid_pressure,105719.992188,0.0
1492808509209668924,82005,1492808509210865961,/fluid_pressure,105719.992188,0.0
1492808509283229011,82006,1492808509284865961,/fluid_pressure,105740.0,0.0
1492808509357519721,82007,1492808509358865961,/fluid_pressure,105730.007812,0.0
1492808509432358856,82008,1492808509433865961,/fluid_pressure,105700.0,0.0
1492808509506540816,82009,1492808509507865961,/fluid_pressure,105800.0,0.0
1492808509580366522,82010,1492808509581865961,/fluid_pressure,105740.0,0.0
1492808509655708883,82011,1492808509655865961,/fluid_pressure,105760.0,0.0
1492808509729492678,82012,1492808509730865961,/fluid_pressure,105740.0,0.0
1492808509803245852,82013,1492808509804865961,/fluid_pressure,105690.0,0.0
1492808509876931067,82014,1492808509878865961,/fluid_pressure,105740.0,0.0
1492808509952857730,82015,1492808509952865961,/fluid_pressure,105680.007812,0.0
1492808510026411324,82016,1492808510027865961,/fluid_pressure,105660.0,0.0
1492808510099989376,82017,1492808510101865961,/fluid_pressure,105630.007812,0.0
1492808510174697833,82018,1492808510175865961,/fluid_pressure,105660.0,0.0
1492808510249871939,82019,1492808510250865961,/fluid_pressure,105650.0,0.0
1492808510322980561,82020,1492808510324865961,/fluid_pressure,105710.0,0.0
1492808510397843258,82021,1492808510398865961,/fluid_pressure,105740.0,0.0
1492808510471953702,82022,1492808510472865961,/fluid_pressure,105730.007812,0.0
1492808510546240437,82023,1492808510547865961,/fluid_pressure,105730.007812,0.0
1492808510620795373,82024,1492808510621865961,/fluid_pressure,105830.007812,0.0
1492808510694874032,82025,1492808510695865961,/fluid_pressure,105800.0,0.0
1492808510768943584,82026,1492808510769865961,/fluid_pressure,105790.0,0.0
1492808510843607489,82027,1492808510844865961,/fluid_pressure,105750.0,0.0
1492808510917857597,82028,1492808510918865961,/fluid_pressure,105769.992188,0.0
1492808510991165847,82029,1492808510992865961,/fluid_pressure,105750.0,0.0
1492808511066651483,82030,1492808511066865961,/fluid_pressure,105750.0,0.0
1492808511140739225,82031,1492808511141865961,/fluid_pressure,105769.992188,0.0
1492808511214315373,82032,1492808511215865961,/fluid_pressure,105710.0,0.0
1492808511287960297,82033,1492808511289865961,/fluid_pressure,105719.992188,0.0
1492808511362863425,82034,1492808511364865961,/fluid_pressure,105669.992188,0.0
1492808511437081721,82035,1492808511438865961,/fluid_pressure,105700.0,0.0
1492808511511430008,82036,1492808511512865961,/fluid_pressure,105630.007812,0.0
1492808511586183948,82037,1492808511586208974,/fluid_pressure,105650.0,0.0
1492808511660554211,82038,1492808511661208974,/fluid_pressure,105719.992188,0.0
1492808511734901117,82039,1492808511735208974,/fluid_pressure,105680.007812,0.0
1492808511808798709,82040,1492808511809208974,/fluid_pressure,105690.0,0.0
1492808511883261173,82041,1492808511883208974,/fluid_pressure,105710.0,0.0
1492808511957016815,82042,1492808511958208974,/fluid_pressure,105710.0,0.0
1492808512030909420,82043,1492808512032208974,/fluid_pressure,105760.0,0.0
1492808512105548924,82044,1492808512106208974,/fluid_pressure,105750.0,0.0
1492808512180287898,82045,1492808512180208974,/fluid_pressure,105769.992188,0.0
1492808512254723415,82046,1492808512255208974,/fluid_pressure,105769.992188,0.0
1492808512328316884,82047,1492808512329208974,/fluid_pressure,105719.992188,0.0
1492808512403276934,82048,1492808512403208974,/fluid_pressure,105790.0,0.0
1492808512477656788,82049,1492808512478208974,/fluid_pressure,105780.007812,0.0
1492808512551516777,82050,1492808512552208974,/fluid_pressure,105740.0,0.0
1492808512625546248,82051,1492808512626208974,/fluid_pressure,105760.0,0.0
1492808512700174652,82052,1492808512700208974,/fluid_pressure,105680.007812,0.0
1492808512774265731,82053,1492808512775208974,/fluid_pressure,105750.0,0.0
1492808512848003580,82054,1492808512849208974,/fluid_pressure,105690.0,0.0
1492808512922838646,82055,1492808512923208974,/fluid_pressure,105669.992188,0.0
1492808512997706802,82056,1492808512997208974,/fluid_pressure,105719.992188,0.0
1492808513071390374,82057,1492808513072208974,/fluid_pressure,105690.0,0.0
1492808513145667571,82058,1492808513146208974,/fluid_pressure,105740.0,0.0
1492808513219376768,82059,1492808513220208974,/fluid_pressure,105719.992188,0.0
1492808513294458544,82060,1492808513294208974,/fluid_pressure,105769.992188,0.0
1492808513368251491,82061,1492808513369208974,/fluid_pressure,105760.0,0.0
1492808513442446894,82062,1492808513443208974,/fluid_pressure,105719.992188,0.0
1492808513517433097,82063,1492808513517208974,/fluid_pressure,105750.0,0.0
1492808513591303240,82064,1492808513592208974,/fluid_pressure,105690.0,0.0
1492808513665719546,82065,1492808513666208974,/fluid_pressure,105730.007812,0.0
1492808513739650311,82066,1492808513740208974,/fluid_pressure,105669.992188,0.0
1492808513814681521,82067,1492808513814208974,/fluid_pressure,105630.007812,0.0
1492808513888670170,82068,1492808513889208974,/fluid_pressure,105680.007812,0.0
1492808513962752324,82069,1492808513963208974,/fluid_pressure,105660.0,0.0
1492808514037199810,82070,1492808514037208974,/fluid_pressure,105680.007812,0.0
1492808514111650630,82071,1492808514112910902,/fluid_pressure,105740.0,0.0
1492808514185690709,82072,1492808514187910902,/fluid_pressure,105719.992188,0.0
1492808514259595773,82073,1492808514261910902,/fluid_pressure,105710.0,0.0
1492808514334396076,82074,1492808514335910902,/fluid_pressure,105760.0,0.0
1492808514408459856,82075,1492808514409910902,/fluid_pressure,105740.0,0.0
1492808514482986956,82076,1492808514484910902,/fluid_pressure,105760.0,0.0
1492808514556262804,82077,1492808514558910902,/fluid_pressure,105769.992188,0.0
1492808514631183587,82078,1492808514632910902,/fluid_pressure,105740.0,0.0
1492808514705379451,82079,1492808514707910902,/fluid_pressure,105740.0,0.0
1492808514778932594,82080,1492808514781910902,/fluid_pressure,105730.007812,0.0
1492808514852930705,82081,1492808514855910902,/fluid_pressure,105719.992188,0.0
1492808514928003052,82082,1492808514929910902,/fluid_pressure,105740.0,0.0
1492808515001947176,82083,1492808515004910902,/fluid_pressure,105700.0,0.0
1492808515076136663,82084,1492808515078910902,/fluid_pressure,105680.007812,0.0
1492808515150968846,82085,1492808515152910902,/fluid_pressure,105660.0,0.0
1492808515225291634,82086,1492808515226910902,/fluid_pressure,105680.007812,0.0
1492808515299858564,82087,1492808515301910902,/fluid_pressure,105710.0,0.0
1492808515373810690,82088,1492808515375910902,/fluid_pressure,105650.0,0.0
1492808515447901176,82089,1492808515449910902,/fluid_pressure,105650.0,0.0
1492808515523037934,82090,1492808515523910902,/fluid_pressure,105690.0,0.0
1492808515596177971,82091,1492808515598910902,/fluid_pressure,105669.992188,0.0
1492808515670159665,82092,1492808515672910902,/fluid_pressure,105669.992188,0.0
1492808515745035748,82093,1492808515746910902,/fluid_pressure,105710.0,0.0
1492808515819565590,82094,1492808515820910902,/fluid_pressure,105730.007812,0.0
1492808515893394346,82095,1492808515895910902,/fluid_pressure,105700.0,0.0
1492808515967293078,82096,1492808515969910902,/fluid_pressure,105730.007812,0.0
1492808516042901010,82097,1492808516043910902,/fluid_pressure,105810.0,0.0
1492808516116679746,82098,1492808516118910902,/fluid_pressure,105750.0,0.0
1492808516190456675,82099,1492808516192910902,/fluid_pressure,105800.0,0.0
1492808516265623963,82100,1492808516266910902,/fluid_pressure,105819.992188,0.0
1492808516338925079,82101,1492808516340910902,/fluid_pressure,105810.0,0.0
1492808516413024115,82102,1492808516415910902,/fluid_pressure,105769.992188,0.0
1492808516486906601,82103,1492808516489910902,/fluid_pressure,105730.007812,0.0
1492808516561895150,82104,1492808516563910902,/fluid_pressure,105750.0,0.0
1492808516636214529,82105,1492808516638072956,/fluid_pressure,105700.0,0.0
1492808516710058321,82106,1492808516712072956,/fluid_pressure,105700.0,0.0
1492808516784129515,82107,1492808516786072956,/fluid_pressure,105690.0,0.0
1492808516858874724,82108,1492808516860072956,/fluid_pressure,105669.992188,0.0
1492808516933595920,82109,1492808516935072956,/fluid_pressure,105700.0,0.0
1492808517007763857,82110,1492808517009072956,/fluid_pressure,105680.007812,0.0
1492808517082719487,82111,1492808517083072956,/fluid_pressure,105660.0,0.0
1492808517156416944,82112,1492808517157072956,/fluid_pressure,105750.0,0.0
1492808517230443338,82113,1492808517232072956,/fluid_pressure,105750.0,0.0
1492808517304335727,82114,1492808517306072956,/fluid_pressure,105790.0,0.0
1492808517379020886,82115,1492808517380072956,/fluid_pressure,105819.992188,0.0
1492808517453153147,82116,1492808517454072956,/fluid_pressure,105819.992188,0.0
1492808517527465063,82117,1492808517529072956,/fluid_pressure,105850.0,0.0
1492808517601601383,82118,1492808517603072956,/fluid_pressure,105790.0,0.0
1492808517676755793,82119,1492808517677072956,/fluid_pressure,105810.0,0.0
1492808517749921189,82120,1492808517752072956,/fluid_pressure,105790.0,0.0
1492808517824654039,82121,1492808517826072956,/fluid_pressure,105800.0,0.0
1492808517899696813,82122,1492808517900072956,/fluid_pressure,105800.0,0.0
1492808517973246197,82123,1492808517974072956,/fluid_pressure,105760.0,0.0
1492808518047284391,82124,1492808518049072956,/fluid_pressure,105750.0,0.0
1492808518121721978,82125,1492808518123072956,/fluid_pressure,105730.007812,0.0
1492808518195937463,82126,1492808518197072956,/fluid_pressure,105710.0,0.0
1492808518270890804,82127,1492808518271072956,/fluid_pressure,105690.0,0.0
1492808518344890610,82128,1492808518346072956,/fluid_pressure,105640.0,0.0
1492808518418047262,82129,1492808518420072956,/fluid_pressure,105690.0,0.0
1492808518493426830,82130,1492808518494072956,/fluid_pressure,105669.992188,0.0
1492808518567568795,82131,1492808518568072956,/fluid_pressure,105710.0,0.0
1492808518641572455,82132,1492808518643072956,/fluid_pressure,105700.0,0.0
1492808518715611298,82133,1492808518717072956,/fluid_pressure,105719.992188,0.0
1492808518789915504,82134,1492808518791072956,/fluid_pressure,105680.007812,0.0
1492808518863941259,82135,1492808518866072956,/fluid_pressure,105680.007812,0.0
1492808518938439456,82136,1492808518940072956,/fluid_pressure,105700.0,0.0
1492808519013718199,82137,1492808519014072956,/fluid_pressure,105710.0,0.0
1492808519086887846,82138,1492808519088072956,/fluid_pressure,105790.0,0.0
1492808519160980512,82139,1492808519163630950,/fluid_pressure,105790.0,0.0
1492808519234938213,82140,1492808519237630950,/fluid_pressure,105780.007812,0.0
1492808519310655847,82141,1492808519311630950,/fluid_pressure,105750.0,0.0
1492808519384286690,82142,1492808519385630950,/fluid_pressure,105790.0,0.0
1492808519458591184,82143,1492808519460630950,/fluid_pressure,105800.0,0.0
1492808519533309281,82144,1492808519534630950,/fluid_pressure,105790.0,0.0
1492808519607258357,82145,1492808519608630950,/fluid_pressure,105750.0,0.0
1492808519681812074,82146,1492808519682630950,/fluid_pressure,105780.007812,0.0
1492808519755712747,82147,1492808519757630950,/fluid_pressure,105730.007812,0.0
1492808519830715606,82148,1492808519831630950,/fluid_pressure,105700.0,0.0
1492808519904061532,82149,1492808519905630950,/fluid_pressure,105710.0,0.0
1492808519978841207,82150,1492808519980630950,/fluid_pressure,105680.007812,0.0
1492808520052367871,82151,1492808520054630950,/fluid_pressure,105710.0,0.0
1492808520127488112,82152,1492808520128630950,/fluid_pressure,105669.992188,0.0
1492808520201821189,82153,1492808520202630950,/fluid_pressure,105700.0,0.0
1492808520275747366,82154,1492808520277630950,/fluid_pressure,105719.992188,0.0
1492808520349839508,82155,1492808520351630950,/fluid_pressure,105690.0,0.0
1492808520424546442,82156,1492808520425630950,/fluid_pressure,105710.0,0.0
1492808520498526212,82157,1492808520499630950,/fluid_pressure,105750.0,0.0
1492808520572494134,82158,1492808520574630950,/fluid_pressure,105710.0,0.0
1492808520647037186,82159,1492808520648630950,/fluid_pressure,105680.007812,0.0
1492808520720851015,82160,1492808520722630950,/fluid_pressure,105750.0,0.0
1492808520795284287,82161,1492808520796630950,/fluid_pressure,105769.992188,0.0
1492808520869188573,82162,1492808520871630950,/fluid_pressure,105790.0,0.0
1492808520944847745,82163,1492808520945630950,/fluid_pressure,105780.007812,0.0
1492808521018441966,82164,1492808521019630950,/fluid_pressure,105760.0,0.0
1492808521092795991,82165,1492808521094630950,/fluid_pressure,105710.0,0.0
1492808521165964286,82166,1492808521168630950,/fluid_pressure,105780.007812,0.0
1492808521240946880,82167,1492808521242630950,/fluid_pressure,105719.992188,0.0
1492808521314988499,82168,1492808521316630950,/fluid_pressure,105710.0,0.0
1492808521389832881,82169,1492808521391630950,/fluid_pressure,105680.007812,0.0
1492808521463669291,82170,1492808521465630950,/fluid_pressure,105750.0,0.0
1492808521537880018,82171,1492808521539630950,/fluid_pressure,105719.992188,0.0
1492808521612652773,82172,1492808521613630950,/fluid_pressure,105690.0,0.0
1492808521686798855,82173,1492808521686940109,/fluid_pressure,105650.0,0.0
1492808521761810791,82174,1492808521760940109,/fluid_pressure,105690.0,0.0
1492808521835842894,82175,1492808521834940109,/fluid_pressure,105710.0,0.0
1492808521909062565,82176,1492808521908940109,/fluid_pressure,105690.0,0.0
1492808521983032245,82177,1492808521983940109,/fluid_pressure,105690.0,0.0
1492808522058385192,82178,1492808522057940109,/fluid_pressure,105740.0,0.0
1492808522132109968,82179,1492808522131940109,/fluid_pressure,105730.007812,0.0
1492808522206434981,82180,1492808522206940109,/fluid_pressure,105760.0,0.0
1492808522281047021,82181,1492808522280940109,/fluid_pressure,105769.992188,0.0
1492808522355803263,82182,1492808522354940109,/fluid_pressure,105800.0,0.0
1492808522429194438,82183,1492808522428940109,/fluid_pressure,105750.0,0.0
1492808522503789215,82184,1492808522503940109,/fluid_pressure,105810.0,0.0
1492808522578782151,82185,1492808522577940109,/fluid_pressure,105750.0,0.0
1492808522652852780,82186,1492808522651940109,/fluid_pressure,105750.0,0.0
1492808522726090846,82187,1492808522726940109,/fluid_pressure,105780.007812,0.0
1492808522799953601,82188,1492808522800940109,/fluid_pressure,105700.0,0.0
1492808522875331459,82189,1492808522874940109,/fluid_pressure,105690.0,0.0
1492808522949237828,82190,1492808522948940109,/fluid_pressure,105680.007812,0.0
1492808523023022354,82191,1492808523022940109,/fluid_pressure,105669.992188,0.0
1492808523097403088,82192,1492808523097940109,/fluid_pressure,105690.0,0.0
1492808523172381622,82193,1492808523171940109,/fluid_pressure,105630.007812,0.0
1492808523246537306,82194,1492808523245940109,/fluid_pressure,105719.992188,0.0
1492808523319927151,82195,1492808523320940109,/fluid_pressure,105669.992188,0.0
1492808523395550994,82196,1492808523394940109,/fluid_pressure,105790.0,0.0
1492808523469654760,82197,1492808523468940109,/fluid_pressure,105710.0,0.0
1492808523543564780,82198,1492808523542940109,/fluid_pressure,105780.007812,0.0
1492808523616995438,82199,1492808523617940109,/fluid_pressure,105730.007812,0.0
1492808523692381657,82200,1492808523691940109,/fluid_pressure,105730.007812,0.0
1492808523765999126,82201,1492808523765940109,/fluid_pressure,105769.992188,0.0
1492808523839902418,82202,1492808523839940109,/fluid_pressure,105730.007812,0.0
1492808523913819646,82203,1492808523914940109,/fluid_pressure,105750.0,0.0
1492808523989125913,82204,1492808523988940109,/fluid_pressure,105730.007812,0.0
1492808524062779908,82205,1492808524062940109,/fluid_pressure,105719.992188,0.0
1492808524137091228,82206,1492808524137940109,/fluid_pressure,105730.007812,0.0
1492808524212645364,82207,1492808524211803113,/fluid_pressure,105800.0,0.0
1492808524286089840,82208,1492808524285803113,/fluid_pressure,105680.007812,0.0
1492808524360330666,82209,1492808524359803113,/fluid_pressure,105669.992188,0.0
1492808524434651334,82210,1492808524434803113,/fluid_pressure,105700.0,0.0
1492808524509875513,82211,1492808524508803113,/fluid_pressure,105750.0,0.0
1492808524583907329,82212,1492808524582803113,/fluid_pressure,105719.992188,0.0
1492808524657260146,82213,1492808524656803113,/fluid_pressure,105690.0,0.0
1492808524731125625,82214,1492808524731803113,/fluid_pressure,105700.0,0.0
1492808524806425920,82215,1492808524805803113,/fluid_pressure,105760.0,0.0
1492808524879944273,82216,1492808524879803113,/fluid_pressure,105719.992188,0.0
1492808524954100781,82217,1492808524954803113,/fluid_pressure,105780.007812,0.0
1492808525029040010,82218,1492808525028803113,/fluid_pressure,105700.0,0.0
1492808525103404884,82219,1492808525102803113,/fluid_pressure,105780.007812,0.0
1492808525177381694,82220,1492808525176803113,/fluid_pressure,105719.992188,0.0
1492808525251542848,82221,1492808525251803113,/fluid_pressure,105769.992188,0.0
1492808525326235128,82222,1492808525325803113,/fluid_pressure,105760.0,0.0
1492808525400801808,82223,1492808525399803113,/fluid_pressure,105740.0,0.0
1492808525473874214,82224,1492808525473803113,/fluid_pressure,105810.0,0.0
1492808525548002258,82225,1492808525548803113,/fluid_pressure,105750.0,0.0
1492808525623321723,82226,1492808525622803113,/fluid_pressure,105740.0,0.0
1492808525697657919,82227,1492808525696803113,/fluid_pressure,105719.992188,0.0
1492808525771005622,82228,1492808525770803113,/fluid_pressure,105740.0,0.0
1492808525845092319,82229,1492808525845803113,/fluid_pressure,105790.0,0.0
1492808525920249905,82230,1492808525919803113,/fluid_pressure,105660.0,0.0
1492808525994969344,82231,1492808525993803113,/fluid_pressure,105730.007812,0.0
1492808526068862808,82232,1492808526067803113,/fluid_pressure,105750.0,0.0
1492808526143187506,82233,1492808526142803113,/fluid_pressure,105719.992188,0.0
1492808526217048979,82234,1492808526216803113,/fluid_pressure,105730.007812,0.0
1492808526291119818,82235,1492808526290803113,/fluid_pressure,105669.992188,0.0
1492808526365460980,82236,1492808526365803113,/fluid_pressure,105710.0,0.0
1492808526440075454,82237,1492808526439803113,/fluid_pressure,105740.0,0.0
1492808526514734974,82238,1492808526513803113,/fluid_pressure,105690.0,0.0
1492808526588333018,82239,1492808526587803113,/fluid_pressure,105780.007812,0.0
1492808526662744092,82240,1492808526662803113,/fluid_pressure,105750.0,0.0
1492808526737029787,82241,1492808526738674079,/fluid_pressure,105780.007812,0.0
1492808526810885533,82242,1492808526812674079,/fluid_pressure,105769.992188,0.0
1492808526885714184,82243,1492808526886674079,/fluid_pressure,105840.0,0.0
1492808526960960871,82244,1492808526961674079,/fluid_pressure,105769.992188,0.0
1492808527034430620,82245,1492808527035674079,/fluid_pressure,105750.0,0.0
1492808527108299921,82246,1492808527109674079,/fluid_pressure,105750.0,0.0
1492808527182522727,82247,1492808527183674079,/fluid_pressure,105850.0,0.0
1492808527257632469,82248,1492808527258674079,/fluid_pressure,105800.0,0.0
1492808527331538420,82249,1492808527332674079,/fluid_pressure,105790.0,0.0
1492808527405340165,82250,1492808527406674079,/fluid_pressure,105790.0,0.0
1492808527478993203,82251,1492808527481674079,/fluid_pressure,105719.992188,0.0
1492808527554191802,82252,1492808527555674079,/fluid_pressure,105769.992188,0.0
1492808527628191433,82253,1492808527629674079,/fluid_pressure,105700.0,0.0
1492808527702855429,82254,1492808527703674079,/fluid_pressure,105730.007812,0.0
1492808527776651100,82255,1492808527778674079,/fluid_pressure,105680.007812,0.0
1492808527851733530,82256,1492808527852674079,/fluid_pressure,105750.0,0.0
1492808527925823394,82257,1492808527926674079,/fluid_pressure,105669.992188,0.0
1492808527998981212,82258,1492808528000674079,/fluid_pressure,105690.0,0.0
1492808528074742871,82259,1492808528075674079,/fluid_pressure,105719.992188,0.0
1492808528148749838,82260,1492808528149674079,/fluid_pressure,105719.992188,0.0
1492808528223037191,82261,1492808528223674079,/fluid_pressure,105750.0,0.0
1492808528295944547,82262,1492808528297674079,/fluid_pressure,105719.992188,0.0
1492808528372008301,82263,1492808528372674079,/fluid_pressure,105790.0,0.0
1492808528445605502,82264,1492808528446674079,/fluid_pressure,105830.007812,0.0
1492808528518923359,82265,1492808528520674079,/fluid_pressure,105780.007812,0.0
1492808528593529540,82266,1492808528595674079,/fluid_pressure,105810.0,0.0
1492808528667939900,82267,1492808528669674079,/fluid_pressure,105800.0,0.0
1492808528742756876,82268,1492808528743674079,/fluid_pressure,105780.007812,0.0
1492808528816114218,82269,1492808528817674079,/fluid_pressure,105810.0,0.0
1492808528891529675,82270,1492808528892674079,/fluid_pressure,105730.007812,0.0
1492808528965147632,82271,1492808528966674079,/fluid_pressure,105750.0,0.0
1492808529039193748,82272,1492808529040674079,/fluid_pressure,105730.007812,0.0
1492808529113741345,82273,1492808529114674079,/fluid_pressure,105750.0,0.0
1492808529188321091,82274,1492808529189674079,/fluid_pressure,105690.0,0.0
1492808529262578711,82275,1492808529262844001,/fluid_pressure,105690.0,0.0
1492808529336536701,82276,1492808529336844001,/fluid_pressure,105690.0,0.0
1492808529410331736,82277,1492808529411844001,/fluid_pressure,105719.992188,0.0
1492808529485146595,82278,1492808529485844001,/fluid_pressure,105740.0,0.0
1492808529559103858,82279,1492808529559844001,/fluid_pressure,105710.0,0.0
1492808529632915424,82280,1492808529633844001,/fluid_pressure,105710.0,0.0
1492808529708126590,82281,1492808529708844001,/fluid_pressure,105780.007812,0.0
1492808529782210763,82282,1492808529782844001,/fluid_pressure,105800.0,0.0
1492808529856434658,82283,1492808529856844001,/fluid_pressure,105769.992188,0.0
1492808529930050928,82284,1492808529930844001,/fluid_pressure,105810.0,0.0
1492808530005269378,82285,1492808530005844001,/fluid_pressure,105830.007812,0.0
1492808530079560498,82286,1492808530079844001,/fluid_pressure,105780.007812,0.0
1492808530153029997,82287,1492808530153844001,/fluid_pressure,105790.0,0.0
1492808530227332019,82288,1492808530227844001,/fluid_pressure,105760.0,0.0
1492808530302504823,82289,1492808530302844001,/fluid_pressure,105790.0,0.0
1492808530376709987,82290,1492808530376844001,/fluid_pressure,105740.0,0.0
1492808530450761575,82291,1492808530450844001,/fluid_pressure,105700.0,0.0
1492808530525565621,82292,1492808530525844001,/fluid_pressure,105719.992188,0.0
1492808530599862160,82293,1492808530599844001,/fluid_pressure,105700.0,0.0
1492808530673797271,82294,1492808530673844001,/fluid_pressure,105750.0,0.0
1492808530747838821,82295,1492808530747844001,/fluid_pressure,105750.0,0.0
1492808530823093987,82296,1492808530822844001,/fluid_pressure,105750.0,0.0
1492808530896287685,82297,1492808530896844001,/fluid_pressure,105710.0,0.0
1492808530970450155,82298,1492808530970844001,/fluid_pressure,105730.007812,0.0
1492808531044627356,82299,1492808531044844001,/fluid_pressure,105790.0,0.0
1492808531119210112,82300,1492808531119844001,/fluid_pressure,105710.0,0.0
1492808531192998022,82301,1492808531193844001,/fluid_pressure,105760.0,0.0
1492808531267152412,82302,1492808531267844001,/fluid_pressure,105750.0,0.0
1492808531341165436,82303,1492808531341844001,/fluid_pressure,105730.007812,0.0
1492808531416063051,82304,1492808531416844001,/fluid_pressure,105730.007812,0.0
1492808531490346794,82305,1492808531490844001,/fluid_pressure,105769.992188,0.0
1492808531564315271,82306,1492808531564844001,/fluid_pressure,105780.007812,0.0
1492808531639500811,82307,1492808531639844001,/fluid_pressure,105800.0,0.0
1492808531713411367,82308,1492808531713844001,/fluid_pressure,105719.992188,0.0
1492808531787535330,82309,1492808531788468992,/fluid_pressure,105710.0,0.0
1492808531861752262,82310,1492808531862468992,/fluid_pressure,105750.0,0.0
1492808531936571279,82311,1492808531937468992,/fluid_pressure,105750.0,0.0
1492808532010696466,82312,1492808532011468992,/fluid_pressure,105719.992188,0.0
1492808532084531200,82313,1492808532085468992,/fluid_pressure,105740.0,0.0
1492808532158307412,82314,1492808532159468992,/fluid_pressure,105710.0,0.0
1492808532233477962,82315,1492808532234468992,/fluid_pressure,105700.0,0.0
1492808532307738209,82316,1492808532308468992,/fluid_pressure,105710.0,0.0
1492808532381445360,82317,1492808532382468992,/fluid_pressure,105700.0,0.0
1492808532456583974,82318,1492808532456468992,/fluid_pressure,105680.007812,0.0
1492808532530908594,82319,1492808532531468992,/fluid_pressure,105750.0,0.0
1492808532604136600,82320,1492808532605468992,/fluid_pressure,105719.992188,0.0
1492808532678215747,82321,1492808532679468992,/fluid_pressure,105719.992188,0.0
1492808532753659809,82322,1492808532754468992,/fluid_pressure,105810.0,0.0
1492808532827343088,82323,1492808532828468992,/fluid_pressure,105810.0,0.0
1492808532901472977,82324,1492808532902468992,/fluid_pressure,105769.992188,0.0
1492808532975055953,82325,1492808532976468992,/fluid_pressure,105760.0,0.0
1492808533050513405,82326,1492808533051468992,/fluid_pressure,105730.007812,0.0
1492808533124743626,82327,1492808533125468992,/fluid_pressure,105769.992188,0.0
1492808533198851780,82328,1492808533199468992,/fluid_pressure,105819.992188,0.0
1492808533272552171,82329,1492808533273468992,/fluid_pressure,105750.0,0.0
1492808533347009047,82330,1492808533348468992,/fluid_pressure,105660.0,0.0
1492808533420950094,82331,1492808533422468992,/fluid_pressure,105750.0,0.0
1492808533495095751,82332,1492808533496468992,/fluid_pressure,105690.0,0.0
1492808533570015449,82333,1492808533570468992,/fluid_pressure,105660.0,0.0
1492808533644641181,82334,1492808533645468992,/fluid_pressure,105730.007812,0.0
1492808533717884543,82335,1492808533719468992,/fluid_pressure,105710.0,0.0
1492808533792160635,82336,1492808533793468992,/fluid_pressure,105730.007812,0.0
1492808533867146186,82337,1492808533868468992,/fluid_pressure,105700.0,0.0
1492808533941215226,82338,1492808533942468992,/fluid_pressure,105760.0,0.0
1492808534015359149,82339,1492808534016468992,/fluid_pressure,105740.0,0.0
1492808534088916794,82340,1492808534090468992,/fluid_pressure,105790.0,0.0
1492808534164765278,82341,1492808534165468992,/fluid_pressure,105740.0,0.0
1492808534238399832,82342,1492808534239468992,/fluid_pressure,105819.992188,0.0
1492808534312456307,82343,1492808534313736116,/fluid_pressure,105769.992188,0.0
1492808534387691393,82344,1492808534387736116,/fluid_pressure,105769.992188,0.0
1492808534461098864,82345,1492808534462736116,/fluid_pressure,105790.0,0.0
1492808534535185843,82346,1492808534536736116,/fluid_pressure,105730.007812,0.0
1492808534609118656,82347,1492808534610736116,/fluid_pressure,105780.007812,0.0
1492808534684680790,82348,1492808534684736116,/fluid_pressure,105760.0,0.0
1492808534758804618,82349,1492808534759736116,/fluid_pressure,105740.0,0.0
1492808534832713127,82350,1492808534833736116,/fluid_pressure,105730.007812,0.0
1492808534906433239,82351,1492808534907736116,/fluid_pressure,105669.992188,0.0
1492808534981601697,82352,1492808534982736116,/fluid_pressure,105700.0,0.0
1492808535055470394,82353,1492808535056736116,/fluid_pressure,105719.992188,0.0
1492808535129264353,82354,1492808535130736116,/fluid_pressure,105730.007812,0.0
1492808535203200605,82355,1492808535204736116,/fluid_pressure,105690.0,0.0
1492808535278419151,82356,1492808535279736116,/fluid_pressure,105719.992188,0.0
1492808535352672916,82357,1492808535353736116,/fluid_pressure,105719.992188,0.0
1492808535426540518,82358,1492808535427736116,/fluid_pressure,105750.0,0.0
1492808535501339644,82359,1492808535501736116,/fluid_pressure,105780.007812,0.0
1492808535575286641,82360,1492808535576736116,/fluid_pressure,105800.0,0.0
1492808535649833152,82361,1492808535650736116,/fluid_pressure,105850.0,0.0
1492808535723888883,82362,1492808535724736116,/fluid_pressure,105740.0,0.0
1492808535798132896,82363,1492808535798736116,/fluid_pressure,105810.0,0.0
1492808535872186565,82364,1492808535873736116,/fluid_pressure,105740.0,0.0
1492808535946373717,82365,1492808535947736116,/fluid_pressure,105760.0,0.0
1492808536020009304,82366,1492808536021736116,/fluid_pressure,105700.0,0.0
1492808536095066139,82367,1492808536095736116,/fluid_pressure,105769.992188,0.0
1492808536168891721,82368,1492808536170736116,/fluid_pressure,105710.0,0.0
1492808536243679086,82369,1492808536244736116,/fluid_pressure,105750.0,0.0
1492808536317116140,82370,1492808536318736116,/fluid_pressure,105680.007812,0.0
1492808536392469185,82371,1492808536393736116,/fluid_pressure,105719.992188,0.0
1492808536466304070,82372,1492808536467736116,/fluid_pressure,105760.0,0.0
1492808536540433532,82373,1492808536541736116,/fluid_pressure,105740.0,0.0
1492808536615084961,82374,1492808536615736116,/fluid_pressure,105730.007812,0.0
1492808536689331091,82375,1492808536690736116,/fluid_pressure,105760.0,0.0
1492808536763423107,82376,1492808536764736116,/fluid_pressure,105750.0,0.0
1492808536837452727,82377,1492808536838317071,/fluid_pressure,105750.0,0.0
1492808536912719880,82378,1492808536912317071,/fluid_pressure,105769.992188,0.0
1492808536986399223,82379,1492808536987317071,/fluid_pressure,105740.0,0.0
1492808537060182172,82380,1492808537061317071,/fluid_pressure,105800.0,0.0
1492808537135317603,82381,1492808537135317071,/fluid_pressure,105810.0,0.0
1492808537208944973,82382,1492808537209317071,/fluid_pressure,105730.007812,0.0
1492808537283541585,82383,1492808537284317071,/fluid_pressure,105780.007812,0.0
1492808537357644122,82384,1492808537358317071,/fluid_pressure,105740.0,0.0
1492808537432618049,82385,1492808537432317071,/fluid_pressure,105769.992188,0.0
1492808537506662820,82386,1492808537507317071,/fluid_pressure,105760.0,0.0
1492808537580566523,82387,1492808537581317071,/fluid_pressure,105760.0,0.0
1492808537654106757,82388,1492808537655317071,/fluid_pressure,105740.0,0.0
1492808537728823960,82389,1492808537729317071,/fluid_pressure,105700.0,0.0
1492808537802828820,82390,1492808537804317071,/fluid_pressure,105719.992188,0.0
1492808537877033901,82391,1492808537878317071,/fluid_pressure,105700.0,0.0
1492808537951100474,82392,1492808537952317071,/fluid_pressure,105700.0,0.0
1492808538026075405,82393,1492808538026317071,/fluid_pressure,105719.992188,0.0
1492808538100049672,82394,1492808538101317071,/fluid_pressure,105760.0,0.0
1492808538173979791,82395,1492808538175317071,/fluid_pressure,105719.992188,0.0
1492808538249365601,82396,1492808538249317071,/fluid_pressure,105780.007812,0.0
1492808538323036996,82397,1492808538323317071,/fluid_pressure,105750.0,0.0
1492808538397472987,82398,1492808538398317071,/fluid_pressure,105719.992188,0.0
1492808538471471093,82399,1492808538472317071,/fluid_pressure,105780.007812,0.0
1492808538546115143,82400,1492808538546317071,/fluid_pressure,105790.0,0.0
1492808538620916568,82401,1492808538621317071,/fluid_pressure,105800.0,0.0
1492808538693929717,82402,1492808538695317071,/fluid_pressure,105819.992188,0.0
1492808538768107871,82403,1492808538769317071,/fluid_pressure,105740.0,0.0
1492808538843553836,82404,1492808538843317071,/fluid_pressure,105760.0,0.0
1492808538917112979,82405,1492808538918317071,/fluid_pressure,105730.007812,0.0
1492808538991621536,82406,1492808538992317071,/fluid_pressure,105740.0,0.0
1492808539065135791,82407,1492808539066317071,/fluid_pressure,105719.992188,0.0
1492808539140123831,82408,1492808539140317071,/fluid_pressure,105700.0,0.0
1492808539214796067,82409,1492808539215317071,/fluid_pressure,105769.992188,0.0
1492808539288406746,82410,1492808539289317071,/fluid_pressure,105719.992188,0.0
1492808539363152066,82411,1492808539363774930,/fluid_pressure,105780.007812,0.0
1492808539437554974,82412,1492808539438774930,/fluid_pressure,105780.007812,0.0
1492808539511810263,82413,1492808539512774930,/fluid_pressure,105800.0,0.0
1492808539584824617,82414,1492808539586774930,/fluid_pressure,105790.0,0.0
1492808539660739250,82415,1492808539660774930,/fluid_pressure,105800.0,0.0
1492808539734721660,82416,1492808539735774930,/fluid_pressure,105760.0,0.0
1492808539808816204,82417,1492808539809774930,/fluid_pressure,105719.992188,0.0
1492808539882706997,82418,1492808539883774930,/fluid_pressure,105790.0,0.0
1492808539957771092,82419,1492808539957774930,/fluid_pressure,105780.007812,0.0
1492808540031868822,82420,1492808540032774930,/fluid_pressure,105740.0,0.0
1492808540105128970,82421,1492808540106774930,/fluid_pressure,105760.0,0.0
1492808540180688916,82422,1492808540180774930,/fluid_pressure,105740.0,0.0
1492808540254123221,82423,1492808540254774930,/fluid_pressure,105760.0,0.0
1492808540328130872,82424,1492808540329774930,/fluid_pressure,105669.992188,0.0
1492808540402064171,82425,1492808540403774930,/fluid_pressure,105690.0,0.0
1492808540477683540,82426,1492808540477774930,/fluid_pressure,105710.0,0.0
1492808540551649346,82427,1492808540552774930,/fluid_pressure,105730.007812,0.0
1492808540625511310,82428,1492808540626774930,/fluid_pressure,105730.007812,0.0
1492808540699635718,82429,1492808540700774930,/fluid_pressure,105680.007812,0.0
1492808540774747644,82430,1492808540774774930,/fluid_pressure,105710.0,0.0
1492808540848783711,82431,1492808540849774930,/fluid_pressure,105769.992188,0.0
1492808540922591909,82432,1492808540923774930,/fluid_pressure,105710.0,0.0
1492808540996673469,82433,1492808540997774930,/fluid_pressure,105740.0,0.0
1492808541071438144,82434,1492808541071774930,/fluid_pressure,105760.0,0.0
1492808541145750840,82435,1492808541146774930,/fluid_pressure,105790.0,0.0
1492808541219631886,82436,1492808541220774930,/fluid_pressure,105730.007812,0.0
1492808541293938936,82437,1492808541294774930,/fluid_pressure,105740.0,0.0
1492808541367959096,82438,1492808541368774930,/fluid_pressure,105719.992188,0.0
1492808541442651862,82439,1492808541443774930,/fluid_pressure,105750.0,0.0
1492808541516388044,82440,1492808541517774930,/fluid_pressure,105740.0,0.0
1492808541591452049,82441,1492808541591774930,/fluid_pressure,105780.007812,0.0
1492808541665021925,82442,1492808541665774930,/fluid_pressure,105769.992188,0.0
1492808541738896898,82443,1492808541740774930,/fluid_pressure,105719.992188,0.0
1492808541813837691,82444,1492808541814774930,/fluid_pressure,105750.0,0.0
1492808541888636423,82445,1492808541887791072,/fluid_pressure,105780.007812,0.0
1492808541962278460,82446,1492808541962791072,/fluid_pressure,105750.0,0.0
1492808542036596330,82447,1492808542036791072,/fluid_pressure,105740.0,0.0
1492808542111478975,82448,1492808542110791072,/fluid_pressure,105740.0,0.0
1492808542185543914,82449,1492808542184791072,/fluid_pressure,105750.0,0.0
1492808542259472119,82450,1492808542259791072,/fluid_pressure,105700.0,0.0
1492808542333250167,82451,1492808542333791072,/fluid_pressure,105719.992188,0.0
1492808542408460791,82452,1492808542407791072,/fluid_pressure,105650.0,0.0
1492808542482287746,82453,1492808542481791072,/fluid_pressure,105700.0,0.0
1492808542556105225,82454,1492808542556791072,/fluid_pressure,105719.992188,0.0
1492808542630964738,82455,1492808542630791072,/fluid_pressure,105719.992188,0.0
1492808542705076953,82456,1492808542704791072,/fluid_pressure,105750.0,0.0
1492808542778982956,82457,1492808542778791072,/fluid_pressure,105730.007812,0.0
1492808542853287247,82458,1492808542853791072,/fluid_pressure,105750.0,0.0
1492808542928262360,82459,1492808542927791072,/fluid_pressure,105769.992188,0.0
1492808543002098633,82460,1492808543001791072,/fluid_pressure,105760.0,0.0
1492808543076386857,82461,1492808543076791072,/fluid_pressure,105750.0,0.0
1492808543150748816,82462,1492808543150791072,/fluid_pressure,105790.0,0.0
1492808543225606902,82463,1492808543224791072,/fluid_pressure,105769.992188,0.0
1492808543299705128,82464,1492808543298791072,/fluid_pressure,105740.0,0.0
1492808543373629021,82465,1492808543373791072,/fluid_pressure,105750.0,0.0
1492808543447323910,82466,1492808543447791072,/fluid_pressure,105730.007812,0.0
1492808543522219136,82467,1492808543521791072,/fluid_pressure,105690.0,0.0
1492808543596634157,82468,1492808543595791072,/fluid_pressure,105690.0,0.0
1492808543670157939,82469,1492808543670791072,/fluid_pressure,105780.007812,0.0
1492808543744901799,82470,1492808543744791072,/fluid_pressure,105769.992188,0.0
1492808543819847877,82471,1492808543818791072,/fluid_pressure,105769.992188,0.0
1492808543893037488,82472,1492808543892791072,/fluid_pressure,105710.0,0.0
1492808543967114449,82473,1492808543967791072,/fluid_pressure,105669.992188,0.0
1492808544042255383,82474,1492808544041791072,/fluid_pressure,105710.0,0.0
1492808544116056165,82475,1492808544115791072,/fluid_pressure,105710.0,0.0
1492808544190892692,82476,1492808544189791072,/fluid_pressure,105730.007812,0.0
1492808544264297963,82477,1492808544264791072,/fluid_pressure,105700.0,0.0
1492808544339376130,82478,1492808544338791072,/fluid_pressure,105690.0,0.0
