%time,field.header.seq,field.header.stamp,field.header.frame_id,field.status.status,field.status.service,field.latitude,field.longitude,field.altitude,field.position_covariance0,field.position_covariance1,field.position_covariance2,field.position_covariance3,field.position_covariance4,field.position_covariance5,field.position_covariance6,field.position_covariance7,field.position_covariance8,field.position_covariance_type
1492808500409693584,6079,1492808500409218072,robot_frame,0,1,33.4610918333,-117.7061295,-35.7,0.7744,0.0,0.0,0.0,0.7744,0.0,0.0,0.0,3.0976,1
1492808501409176879,6080,1492808501409014940,robot_frame,0,1,33.4610936667,-117.706129,-36.0,0.7744,0.0,0.0,0.0,0.7744,0.0,0.0,0.0,3.0976,1
1492808502410860047,6081,1492808502410701036,robot_frame,0,1,33.4610946667,-117.706130667,-35.8,0.7744,0.0,0.0,0.0,0.7744,0.0,0.0,0.0,3.0976,1
1492808503409807930,6082,1492808503409562110,robot_frame,0,1,33.4610948333,-117.706132,-35.9,0.7744,0.0,0.0,0.0,0.7744,0.0,0.0,0.0,3.0976,1
1492808504410502468,6083,1492808504410315990,robot_frame,0,1,33.4610966667,-117.706133,-36.2,0.7744,0.0,0.0,0.0,0.7744,0.0,0.0,0.0,3.0976,1
1492808505409484006,6084,1492808505409162044,robot_frame,0,1,33.4610975,-117.706133333,-36.1,0.7744,0.0,0.0,0.0,0.7744,0.0,0.0,0.0,3.0976,1
1492808506412116434,6085,1492808506411922931,robot_frame,0,1,33.4610986667,-117.706134,-35.9,0.7744,0.0,0.0,0.0,0.7744,0.0,0.0,0.0,3.0976,1
1492808507411015333,6086,1492808507410819053,robot_frame,0,1,33.4610995,-117.706134,-35.9,0.7744,0.0,0.0,0.0,0.7744,0.0,0.0,0.0,3.0976,1
1492808508410795997,6087,1492808508410654067,robot_frame,0,1,33.4610993333,-117.706134,-35.9,0.7744,0.0,0.0,0.0,0.7744,0.0,0.0,0.0,3.0976,1
1492808509411815045,6088,1492808509411571025,robot_frame,0,1,33.4610986667,-117.706134333,-35.9,0.7744,0.0,0.0,0.0,0.7744,0.0,0.0,0.0,3.0976,1
1492808510408686451,6089,1492808510408411026,robot_frame,0,1,33.4610975,-117.706135333,-35.9,0.7744,0.0,0.0,0.0,0.7744,0.0,0.0,0.0,3.0976,1
1492808511411562377,6090,1492808511411223888,robot_frame,0,1,33.4610965,-117.7061355,-35.5,0.7744,0.0,0.0,0.0,0.7744,0.0,0.0,0.0,3.0976,1
1492808512412279431,6091,1492808512412034034,robot_frame,0,1,33.4610956667,-117.7061355,-35.5,0.7744,0.0,0.0,0.0,0.7744,0.0,0.0,0.0,3.0976,1
1492808513411025162,6092,1492808513410782098,robot_frame,0,1,33.461095,-117.706134333,-35.6,0.7744,0.0,0.0,0.0,0.7744,0.0,0.0,0.0,3.0976,1
1492808514410838133,6093,1492808514410665988,robot_frame,0,1,33.4610933333,-117.706133667,-35.7,0.7744,0.0,0.0,0.0,0.7744,0.0,0.0,0.0,3.0976,1
1492808515410675595,6094,1492808515410471916,robot_frame,0,1,33.4610926667,-117.706133,-35.7,0.7744,0.0,0.0,0.0,0.7744,0.0,0.0,0.0,3.0976,1
1492808516412535696,6095,1492808516412266016,robot_frame,0,1,33.4610918333,-117.706132667,-35.9,0.7744,0.0,0.0,0.0,0.7744,0.0,0.0,0.0,3.0976,1
1492808517414410150,6096,1492808517414150953,robot_frame,0,1,33.461091,-117.706132,-35.9,0.7744,0.0,0.0,0.0,0.7744,0.0,0.0,0.0,3.0976,1
1492808518412187075,6097,1492808518411943912,robot_frame,0,1,33.46109,-117.706132333,-36.0,0.7744,0.0,0.0,0.0,0.7744,0.0,0.0,0.0,3.0976,1
1492808519411983145,6098,1492808519411660909,robot_frame,0,1,33.4610886667,-117.706132167,-35.7,0.7744,0.0,0.0,0.0,0.7744,0.0,0.0,0.0,3.0976,1
1492808520411629048,6099,1492808520411479949,robot_frame,0,1,33.4610878333,-117.706132167,-35.8,0.7744,0.0,0.0,0.0,0.7744,0.0,0.0,0.0,3.0976,1
1492808521407600381,6100,1492808521407291889,robot_frame,0,1,33.4610871667,-117.706132,-35.7,0.7744,0.0,0.0,0.0,0.7744,0.0,0.0,0.0,3.0976,1
1492808522412307632,6101,1492808522412003993,robot_frame,0,1,33.4610865,-117.706132,-35.8,0.7744,0.0,0.0,0.0,0.7744,0.0,0.0,0.0,3.0976,1
1492808523412890640,6102,1492808523412739038,robot_frame,0,1,33.4610855,-117.706132,-35.8,0.7744,0.0,0.0,0.0,0.7744,0.0,0.0,0.0,3.0976,1
1492808524412814718,6103,1492808524412533044,robot_frame,0,1,33.4610843333,-117.706132333,-35.8,0.7744,0.0,0.0,0.0,0.7744,0.0,0.0,0.0,3.0976,1
1492808525413616330,6104,1492808525413378000,robot_frame,0,1,33.4610835,-117.706132667,-35.7,0.7744,0.0,0.0,0.0,0.7744,0.0,0.0,0.0,3.0976,1
1492808526411419437,6105,1492808526411164045,robot_frame,0,1,33.4610828333,-117.706132667,-35.7,0.7744,0.0,0.0,0.0,0.7744,0.0,0.0,0.0,3.0976,1
1492808527411199886,6106,1492808527411000013,robot_frame,0,1,33.4610818333,-117.706132667,-35.7,0.7744,0.0,0.0,0.0,0.7744,0.0,0.0,0.0,3.0976,1
1492808528409038907,6107,1492808528408802032,robot_frame,0,1,33.4610816667,-117.706133333,-35.7,0.7744,0.0,0.0,0.0,0.7744,0.0,0.0,0.0,3.0976,1
1492808529414819767,6108,1492808529414537906,robot_frame,0,1,33.4610811667,-117.706134,-35.8,0.7744,0.0,0.0,0.0,0.7744,0.0,0.0,0.0,3.0976,1
1492808530412576459,6109,1492808530412321090,robot_frame,0,1,33.4610806667,-117.706134667,-35.9,0.7744,0.0,0.0,0.0,0.7744,0.0,0.0,0.0,3.0976,1
1492808531412361924,6110,1492808531412142992,robot_frame,0,1,33.4610791667,-117.7061355,-36.0,0.7744,0.0,0.0,0.0,0.7744,0.0,0.0,0.0,3.0976,1
1492808532407360305,6111,1492808532406976938,robot_frame,0,1,33.4610788333,-117.706135167,-35.9,0.7744,0.0,0.0,0.0,0.7744,0.0,0.0,0.0,3.0976,1
1492808533411799496,6112,1492808533411639928,robot_frame,0,1,33.461078,-117.706136,-36.0,0.7744,0.0,0.0,0.0,0.7744,0.0,0.0,0.0,3.0976,1
1492808534412628779,6113,1492808534412414073,robot_frame,0,1,33.461077,-117.706136167,-36.0,0.7744,0.0,0.0,0.0,0.7744,0.0,0.0,0.0,3.0976,1
1492808535412460869,6114,1492808535412230014,robot_frame,0,1,33.4610778333,-117.706136333,-36.1,0.7744,0.0,0.0,0.0,0.7744,0.0,0.0,0.0,3.0976,1
1492808536411227160,6115,1492808536410984039,robot_frame,0,1,33.4610788333,-117.706136167,-36.1,0.7744,0.0,0.0,0.0,0.7744,0.0,0.0,0.0,3.0976,1
1492808537412024206,6116,1492808537411802053,robot_frame,0,1,33.4610796667,-117.706135333,-36.1,0.7744,0.0,0.0,0.0,0.7744,0.0,0.0,0.0,3.0976,1
1492808538410824385,6117,1492808538410645961,robot_frame,0,1,33.4610791667,-117.706134,-36.2,0.7744,0.0,0.0,0.0,0.7744,0.0,0.0,0.0,3.0976,1
1492808539407962584,6118,1492808539407578945,robot_frame,0,1,33.4610798333,-117.706132667,-36.2,0.7744,0.0,0.0,0.0,0.7744,0.0,0.0,0.0,3.0976,1
1492808540410516778,6119,1492808540410284996,robot_frame,0,1,33.4610821667,-117.706130833,-36.0,0.7744,0.0,0.0,0.0,0.7744,0.0,0.0,0.0,3.0976,1
1492808541410315861,6120,1492808541410084962,robot_frame,0,1,33.461082,-117.706130333,-36.2,0.7744,0.0,0.0,0.0,0.7744,0.0,0.0,0.0,3.0976,1
1492808542411040950,6121,1492808542410862922,robot_frame,0,1,33.4610831667,-117.706128333,-36.1,0.7744,0.0,0.0,0.0,0.7744,0.0,0.0,0.0,3.0976,1
1492808543412154201,6122,1492808543411752939,robot_frame,0,1,33.4610843333,-117.706127833,-36.1,0.7744,0.0,0.0,0.0,0.7744,0.0,0.0,0.0,3.0976,1
