%time,field.transforms0.header.seq,field.transforms0.header.stamp,field.transforms0.header.frame_id,field.transforms0.child_frame_id,field.transforms0.transform.translation.x,field.transforms0.transform.translation.y,field.transforms0.transform.translation.z,field.transforms0.transform.rotation.x,field.transforms0.transform.rotation.y,field.transforms0.transform.rotation.z,field.transforms0.transform.rotation.w
1492808499924605008,0,1492808499923767328,odom,robot_frame,3.58942743174e-11,-1.66032492507e-10,-0.317480018006,0.0731413126905,-0.128343446134,0.908680509079,0.390484366693
1492808500024434490,0,1492808500005078077,odom,robot_frame,9.04389396671e-05,6.41332051275e-05,-0.318472378837,0.0706025027614,-0.127731310049,0.908955547724,0.390512242189
1492808500124592532,0,1492808500106663942,odom,robot_frame,0.0004305082489,0.00034408884757,-0.321147598275,0.0674288717713,-0.127329189372,0.909286437024,0.390434117657
1492808500224499860,0,1492808500223484993,odom,robot_frame,0.00107247974714,0.000785539160005,-0.317476144807,0.0651161894088,-0.127792719682,0.90951348009,0.390146295905
1492808500324607367,0,1492808500304776430,odom,robot_frame,0.00161560590715,0.00104659952986,-0.320352583501,0.0650293530703,-0.128850041112,0.909500590702,0.38984294999
1492808500424525638,0,1492808500406520367,odom,robot_frame,0.00231808485589,0.000953282987779,-0.322518708954,0.0662479376785,-0.130921589391,0.909276661782,0.389469768433
1492808500524529292,0,1492808500523396969,odom,robot_frame,0.00303628045834,3.0617785771e-05,-0.325542069306,0.0686069012616,-0.133904976224,0.908857920037,0.389024204424
1492808500624493871,0,1492808500604609013,odom,robot_frame,0.00330198518253,-0.00122665556863,-0.318132438711,0.0700574070659,-0.135688406473,0.908654736862,0.388622162573
1492808500724452479,0,1492808500706212759,odom,robot_frame,0.00290650781323,-0.00284486159761,-0.320584778237,0.070410287623,-0.136878671642,0.908725546465,0.387974872702
1492808500824441150,0,1492808500823046923,odom,robot_frame,0.00122097882788,-0.00464193599861,-0.319501831548,0.0678710745206,-0.136095034841,0.909468808271,0.386960134273
1492808500924416148,0,1492808500904192448,odom,robot_frame,-0.000615835922897,-0.0061461429995,-0.305306798812,0.0649841492884,-0.134295701258,0.910232025397,0.386289250311
1492808501024435235,0,1492808501005696058,odom,robot_frame,-0.00339518901688,-0.00739111273833,-0.314565703537,0.0618061169784,-0.131167873404,0.911101426788,0.3858356943
1492808501124468397,0,1492808501114237070,odom,robot_frame,-0.00602270680764,-0.00961350067198,-0.311357569983,0.0601135618379,-0.127762230383,0.911591283165,0.386088726368
1492808501224472485,0,1492808501203917980,odom,robot_frame,-0.00755204418773,-0.0115762016616,-0.319371839539,0.0611054686901,-0.124029465011,0.911632620151,0.387051391137
1492808501324466870,0,1492808501305624008,odom,robot_frame,-0.00815485600368,-0.0147358405931,-0.318501622201,0.0648972839683,-0.121626004328,0.910981316283,0.388726766494
1492808501424473691,0,1492808501411597967,odom,robot_frame,-0.00774901747329,-0.0175795765518,-0.32666369122,0.0690455353452,-0.120303603385,0.910124485081,0.390426918536
1492808501524463193,0,1492808501524096727,odom,robot_frame,-0.00657593434055,-0.0207347960792,-0.323201037478,0.0737218596062,-0.121017913651,0.909063702649,0.391820030777
1492808501624456202,0,1492808501605527878,odom,robot_frame,-0.00550006345563,-0.0220634518425,-0.325928341617,0.0756091107202,-0.122524322682,0.90853932379,0.392208299063
1492808501724457528,0,1492808501707971096,odom,robot_frame,-0.004052638184,-0.0228838474525,-0.329725712907,0.0759237555538,-0.124969335688,0.908259548844,0.392024030404
1492808501824437746,0,1492808501823892117,odom,robot_frame,-0.00248979724617,-0.0234901381943,-0.325145787007,0.072978623449,-0.127516174795,0.908589381297,0.390997547153
1492808501924449419,0,1492808501905045271,odom,robot_frame,-0.00145553463549,-0.023930771525,-0.317674567068,0.0696815946083,-0.128454589727,0.909204857465,0.389859488678
1492808502024452881,0,1492808502006598234,odom,robot_frame,-9.99907946604e-05,-0.0234137934071,-0.323584550391,0.0651938432996,-0.12890366224,0.910150864174,0.388276979874
1492808502124436045,0,1492808502123528481,odom,robot_frame,0.00191793908454,-0.0239353868608,-0.314478700251,0.0604546329906,-0.128920415661,0.911108634022,0.386789116685
1492808502224474222,0,1492808502204853058,odom,robot_frame,0.00338968909177,-0.0239657176526,-0.318529251307,0.0579997392284,-0.128788196053,0.911427578352,0.386457501191
1492808502324452278,0,1492808502306452990,odom,robot_frame,0.00544981297758,-0.0248578075828,-0.320464691707,0.0562880461846,-0.128705681559,0.911417701762,0.386761265261
1492808502424431058,0,1492808502423108578,odom,robot_frame,0.00798243720457,-0.0272070373463,-0.317411741396,0.0567393850375,-0.129217029151,0.910944475966,0.387638701976
1492808502524431489,0,1492808502504292727,odom,robot_frame,0.00939639807947,-0.0289522989852,-0.317268632546,0.0581168366651,-0.130069801304,0.910573264949,0.388021403075
1492808502624446561,0,1492808502605745792,odom,robot_frame,0.0105396894786,-0.0308725319676,-0.320437516623,0.0607712441012,-0.131811412563,0.910109408741,0.388115281236
1492808502724420221,0,1492808502707123995,odom,robot_frame,0.0112805936901,-0.033353199483,-0.317251781817,0.0637324062379,-0.133974214226,0.909722770805,0.387806099225
1492808502824422267,0,1492808502823766708,odom,robot_frame,0.0118101700597,-0.0364633047552,-0.311382212421,0.0668950828846,-0.135797933914,0.909384532588,0.387432240425
1492808502924413101,0,1492808502904981136,odom,robot_frame,0.012095141067,-0.0382696656848,-0.311627047412,0.0685820296358,-0.135649195148,0.90926084968,0.387479687603
1492808503024470668,0,1492808503006609678,odom,robot_frame,0.0126366153952,-0.0401637096976,-0.313208425715,0.0697883491298,-0.133296842336,0.909254322412,0.388095497686
1492808503124440200,0,1492808503123425722,odom,robot_frame,0.0137861386813,-0.0417413324738,-0.3167394862,0.0694373630755,-0.127754034773,0.909490823035,0.389466047331
1492808503224478460,0,1492808503204710245,odom,robot_frame,0.0150112653274,-0.0427141172407,-0.3182827459,0.0681602783416,-0.123508805179,0.909689062308,0.390596417567
1492808503324445429,0,1492808503306331873,odom,robot_frame,0.0172945318851,-0.043667883072,-0.319831783268,0.0660259405912,-0.119081123455,0.909860323275,0.391936797629
1492808503424635168,0,1492808503423231840,odom,robot_frame,0.0208334384969,-0.042917282132,-0.329986070895,0.0638635033768,-0.116620616053,0.909994058298,0.392723692576
1492808503524438956,0,1492808503504548311,odom,robot_frame,0.0233947786656,-0.0424770421374,-0.330891881245,0.062842922453,-0.117058001498,0.910162626246,0.392367410939
1492808503624438604,0,1492808503606095314,odom,robot_frame,0.0263569140809,-0.0407830868668,-0.333070067397,0.0626705176826,-0.119899969443,0.910383307494,0.391022553028
1492808503724433451,0,1492808503713162899,odom,robot_frame,0.0290709422034,-0.0391556904064,-0.330745324107,0.063966193062,-0.124287100589,0.910512719906,0.389137031984
1492808503824415161,0,1492808503804168463,odom,robot_frame,0.0310059123992,-0.0379969591915,-0.32877828143,0.0657455576078,-0.129721899967,0.910262221839,0.387649890773
1492808503924453436,0,1492808503905665398,odom,robot_frame,0.0327239227536,-0.0375345656772,-0.325666508016,0.0675070217843,-0.133893321461,0.909989237869,0.386568192483
1492808504024424568,0,1492808504010241032,odom,robot_frame,0.0340559252188,-0.0382563871341,-0.316459610615,0.0680349439168,-0.135690893478,0.90992596477,0.385997365887
1492808504124450713,0,1492808504103951931,odom,robot_frame,0.0349724237171,-0.0391270757076,-0.315488171283,0.0677399058883,-0.134925765057,0.910122458671,0.385854186575
1492808504224422658,0,1492808504205510855,odom,robot_frame,0.0363599761653,-0.0403460197672,-0.31975306229,0.0675906809352,-0.13229595924,0.910325652091,0.386311384979
1492808504324473991,0,1492808504307411909,odom,robot_frame,0.0387536633792,-0.0423406263727,-0.31849962966,0.0677161657676,-0.128927549491,0.910266585642,0.387565415046
1492808504424388270,0,1492808504423831463,odom,robot_frame,0.042268107366,-0.0451330065184,-0.315116011016,0.0671601910493,-0.12548806603,0.909961914392,0.389501692395
1492808504524455099,0,1492808504505063057,odom,robot_frame,0.0452503509152,-0.0459729166104,-0.320234199141,0.0647402128889,-0.123966986008,0.9100196294,0.390262943824
1492808504624436171,0,1492808504606832027,odom,robot_frame,0.0489009690768,-0.0474283379883,-0.320578430361,0.0594175384886,-0.12320997782,0.909298342711,0.393020840959
1492808504724448716,0,1492808504723700285,odom,robot_frame,0.0520913816387,-0.0497175739121,-0.318847777121,0.053767523093,-0.124108843967,0.908247461545,0.395970449538
1492808504824428169,0,1492808504805010557,odom,robot_frame,0.0528626264603,-0.0505525167034,-0.326843328909,0.0493247107497,-0.124636319111,0.907759586174,0.397498923995
1492808504924446423,0,1492808504906549454,odom,robot_frame,0.0552856705343,-0.054959871454,-0.3217660786,0.0457549169256,-0.125434398676,0.90699359067,0.399418734776
1492808505024438418,0,1492808505023401737,odom,robot_frame,0.0592093131195,-0.0602955711495,-0.319803020697,0.0480069177687,-0.126297046857,0.905346162292,0.402607399615
1492808505124446308,0,1492808505104737997,odom,robot_frame,0.0628576310272,-0.0638438306028,-0.318228533064,0.0535932165439,-0.126787594173,0.903582472521,0.405698642414
1492808505224426885,0,1492808505206337690,odom,robot_frame,0.0681350251331,-0.0668116660616,-0.318786276336,0.0637165440216,-0.127944084702,0.900559098427,0.41056524871
1492808505324412007,0,1492808505323163748,odom,robot_frame,0.0749008778316,-0.0688201244099,-0.315244630473,0.0755467913268,-0.130165599518,0.89638130908,0.41695341197
1492808505424430214,0,1492808505420847893,odom,robot_frame,0.0818633642942,-0.0682139898506,-0.32360166912,0.0790340891053,-0.130998775132,0.893751363456,0.421665073243
1492808505524450673,0,1492808505505984783,odom,robot_frame,0.0866467213541,-0.0670309877984,-0.324509570507,0.0779110378598,-0.131619438233,0.892088076433,0.425188261297
1492808505624488051,0,1492808505607469559,odom,robot_frame,0.0901945864185,-0.0642903968653,-0.319983333277,0.0706996909702,-0.130692289451,0.89119685406,0.428589834794
1492808505724509561,0,1492808505718383074,odom,robot_frame,0.093702423682,-0.0601510641732,-0.317480018239,0.0607597495688,-0.13077407261,0.890216284165,0.432112673007
1492808505824563250,0,1492808505805422544,odom,robot_frame,0.0959136480918,-0.0566499295612,-0.314257733761,0.0483951456172,-0.128190013548,0.890344900427,0.434178751887
1492808505924469624,0,1492808505907180071,odom,robot_frame,0.0972491470535,-0.0516286028438,-0.319731095948,0.0385128881481,-0.127390830938,0.889615175141,0.436890345278
1492808506024388190,0,1492808506023983002,odom,robot_frame,0.0989419344701,-0.0469810319429,-0.325930143212,0.032263598491,-0.127131660841,0.888057471158,0.44062515696
1492808506124502171,0,1492808506105434179,odom,robot_frame,0.108728251928,-0.0516129288537,-0.30580189634,0.0324049507868,-0.1272301828,0.886423166879,0.443865259926
1492808506224447360,0,1492808506207078934,odom,robot_frame,0.111440509513,-0.0493668292372,-0.316953620253,0.0391709148309,-0.128518748846,0.883245280223,0.449250871551
1492808506324456369,0,1492808506323919058,odom,robot_frame,0.119809100245,-0.0510914604412,-0.317202738905,0.0518934269379,-0.13059427917,0.878097494961,0.457380580951
1492808506424461109,0,1492808506405058622,odom,robot_frame,0.125077479386,-0.0513196805636,-0.317465236363,0.0608200512618,-0.132145904679,0.874236932572,0.463193444436
1492808506524426505,0,1492808506506573677,odom,robot_frame,0.13175027967,-0.0488003995356,-0.324637274252,0.0691473230434,-0.133848388495,0.869835349278,0.469776246483
1492808506624461855,0,1492808506623462915,odom,robot_frame,0.137334032639,-0.0424245484614,-0.325913631256,0.0721575599107,-0.135200272831,0.86621012202,0.475598777631
1492808506724441635,0,1492808506704688072,odom,robot_frame,0.139018735405,-0.0355665346976,-0.320501069051,0.0688583817752,-0.135441724168,0.864856637298,0.478473676951
1492808506824451821,0,1492808506806271791,odom,robot_frame,0.146062060319,-0.0267838302205,-0.327239593676,0.0598447804649,-0.13487485899,0.863886151144,0.481589132482
1492808506924475777,0,1492808506923053265,odom,robot_frame,0.151114164277,-0.0151291143544,-0.322181584334,0.0462080212353,-0.133360479854,0.862392369558,0.486167874416
1492808507024472726,0,1492808507004361629,odom,robot_frame,0.15574747767,-0.00755492002696,-0.319078717942,0.0382492434001,-0.131892111023,0.860729420629,0.490190096689
1492808507124535368,0,1492808507106185436,odom,robot_frame,0.162251141256,0.00132893741568,-0.319356973517,0.0323220029783,-0.130047835015,0.857956772261,0.495936513742
1492808507224663215,0,1492808507223097801,odom,robot_frame,0.170061891354,0.0114045998789,-0.323996295244,0.0310854848168,-0.128102077677,0.854268281364,0.502841181472
1492808507324635510,0,1492808507304296494,odom,robot_frame,0.178199822773,0.0157157533292,-0.318964429534,0.0325696477651,-0.127228999351,0.851872551284,0.507015932824
1492808507424442085,0,1492808507405847073,odom,robot_frame,0.185891001922,0.0250456365924,-0.322319128737,0.0358498266348,-0.127085739495,0.849088996735,0.511480087951
1492808507524449333,0,1492808507522661209,odom,robot_frame,0.195495846037,0.0356731116315,-0.321608563777,0.0402797605681,-0.128303829973,0.845621122546,0.516566147949
1492808507624534994,0,1492808507603893757,odom,robot_frame,0.202308571695,0.0446113342251,-0.325484310299,0.0428095885631,-0.130009127173,0.842867283995,0.520422623979
1492808507724389759,0,1492808507723257065,odom,robot_frame,0.21289291459,0.0547080136954,-0.321561651023,0.0457357998127,-0.132681231985,0.838385011141,0.526701528751
1492808507824642079,0,1492808507807081938,odom,robot_frame,0.220998053387,0.0610347297599,-0.320275149362,0.0471156120698,-0.138214079112,0.834583510866,0.531175442603
1492808507924444455,0,1492808507923990965,odom,robot_frame,0.232787097121,0.0685876856689,-0.320265186974,0.046510786366,-0.143555965485,0.830112253089,0.536788672381
1492808508024628366,0,1492808508020406008,odom,robot_frame,0.242188194289,0.0744297593743,-0.321561650547,0.0450362536821,-0.14591083136,0.827513440627,0.540280733256
1492808508124635128,0,1492808508106784344,odom,robot_frame,0.24960808912,0.0814629799705,-0.316590225585,0.0420674505865,-0.145795870641,0.825959707503,0.542922144775
1492808508224527282,0,1492808508223755121,odom,robot_frame,0.259876527026,0.0903672220561,-0.312820794633,0.0422625180497,-0.143987095206,0.823376475887,0.547295875134
1492808508324431272,0,1492808508318598032,odom,robot_frame,0.268959153658,0.0961448979264,-0.314419591076,0.0445284839666,-0.142243148826,0.820516275927,0.551848839508
1492808508424461579,0,1492808508406737804,odom,robot_frame,0.278561082194,0.10057639802,-0.318141615415,0.049126861024,-0.14161338391,0.816782248782,0.557134596932
1492808508524474469,0,1492808508523573399,odom,robot_frame,0.293486623671,0.106187681272,-0.323504365303,0.0515381065876,-0.140567750062,0.811759806004,0.564473691652
1492808508624451008,0,1492808508615771055,odom,robot_frame,0.306369619066,0.111325820852,-0.326663691547,0.0498256256204,-0.139894188153,0.808595711784,0.569315376604
1492808508724511208,0,1492808508706464767,odom,robot_frame,0.31728823149,0.117676116799,-0.322705301465,0.0443233819524,-0.137354554424,0.806583897642,0.573229081831
1492808508824560140,0,1492808508823354721,odom,robot_frame,0.336007885126,0.127454197684,-0.332345208182,0.0335313235647,-0.133579954744,0.804623468962,0.577592520057
1492808508924472611,0,1492808508911860943,odom,robot_frame,0.34856763777,0.133197682653,-0.321561651954,0.0258744952641,-0.131917322321,0.80287735326,0.580789364735
1492808509024448984,0,1492808509006187439,odom,robot_frame,0.363215554221,0.141408685242,-0.320433279288,0.0188199873791,-0.130212391498,0.800989530603,0.584043074645
1492808509124555108,0,1492808509122936726,odom,robot_frame,0.38324471793,0.150275375286,-0.316057448878,0.0163571284762,-0.132485489125,0.797970296773,0.587727355997
1492808509224444769,0,1492808509209577084,odom,robot_frame,0.396213483737,0.159506172307,-0.318499628873,0.0180325281944,-0.134951684178,0.796173812203,0.589550787996
1492808509324642649,0,1492808509305759668,odom,robot_frame,0.41087796728,0.168952413328,-0.320735045487,0.0222780639189,-0.138566439246,0.794382856664,0.590981308352
1492808509424528575,0,1492808509422580957,odom,robot_frame,0.429570619846,0.178201431163,-0.319949033006,0.0291138176997,-0.142000941522,0.792005617557,0.593055832097
1492808509524465804,0,1492808509524123430,odom,robot_frame,0.445082232763,0.185335333542,-0.326713664912,0.0354789489577,-0.145422091035,0.788709077951,0.596264748227
1492808509624786764,0,1492808509605494738,odom,robot_frame,0.45759126837,0.189700104968,-0.320377453022,0.0397528415245,-0.148395778867,0.785273618977,0.59978641844
1492808509724486175,0,1492808509722250462,odom,robot_frame,0.477850533569,0.191514311859,-0.322273007873,0.044085303735,-0.152898131127,0.779614231552,0.60570644495
1492808509824594191,0,1492808509823789120,odom,robot_frame,0.492533655243,0.195351166208,-0.315387477152,0.0447845783939,-0.154962067631,0.775586512374,0.610284082176
1492808509924440634,0,1492808509905005932,odom,robot_frame,0.508236804696,0.192788934726,-0.320875326137,0.0438550663119,-0.154772117609,0.773232488957,0.613379036804
1492808510024446830,0,1492808510006663084,odom,robot_frame,0.522209528967,0.198225747283,-0.315537509721,0.0413790691485,-0.15188089849,0.771606960285,0.616313770858
1492808510124435370,0,1492808510123305321,odom,robot_frame,0.538621670542,0.204767463681,-0.310104622351,0.0381674678,-0.146379121517,0.770937482453,0.618685538327
1492808510224463550,0,1492808510204488993,odom,robot_frame,0.552775810121,0.2071058543,-0.313626643502,0.0357950956691,-0.142194605314,0.770793654373,0.619981086585
1492808510324405884,0,1492808510323013067,odom,robot_frame,0.574894436468,0.211562278725,-0.317480018281,0.0329659248423,-0.13858966366,0.76987355158,0.622093937845
1492808510424460322,0,1492808510422675133,odom,robot_frame,0.59572981173,0.215774587142,-0.3212000821,0.0312817267476,-0.136360128886,0.768454165394,0.624424186359
1492808510524528629,0,1492808510503982782,odom,robot_frame,0.613387098537,0.218055891038,-0.319674319324,0.0292133447823,-0.136605248823,0.766788905891,0.626514453371
1492808510624419351,0,1492808510620817900,odom,robot_frame,0.641644654579,0.226594643768,-0.329725712172,0.0257880152491,-0.138121415664,0.763987258674,0.62974671209
1492808510724465851,0,1492808510707078457,odom,robot_frame,0.662008927507,0.228299837498,-0.326344726401,0.0216472865618,-0.138843001956,0.762158459452,0.631956089042
1492808510824622175,0,1492808510823934555,odom,robot_frame,0.689092978089,0.229983339351,-0.324324501896,0.0199938905528,-0.141079745116,0.759298231046,0.634951136851
1492808510924445212,0,1492808510917769909,odom,robot_frame,0.710331182262,0.229595265896,-0.323601669836,0.0220050163979,-0.142750204808,0.75722024469,0.636989528417
1492808511024508271,0,1492808511006755114,odom,robot_frame,0.730470001829,0.227462546477,-0.321407105216,0.0263275061372,-0.146438609285,0.754922227161,0.63871357201
1492808511124447310,0,1492808511123585939,odom,robot_frame,0.756036843947,0.224296366983,-0.321327292898,0.0317916992417,-0.149237739298,0.752447095494,0.640734542156
1492808511224455313,0,1492808511214284897,odom,robot_frame,0.774805546291,0.222931784298,-0.317480018538,0.0326898153571,-0.149256307092,0.751183736377,0.642165808002
1492808511324443671,0,1492808511306467772,odom,robot_frame,0.794255483019,0.221485595545,-0.318533102913,0.0306056969504,-0.147255452364,0.750482239866,0.643549167281
1492808511424445800,0,1492808511423409462,odom,robot_frame,0.817405284445,0.222115169205,-0.313456954057,0.0238938071229,-0.142959242669,0.749815427799,0.64557614977
1492808511524442818,0,1492808511511460066,odom,robot_frame,0.835990435122,0.221888778835,-0.30931755049,0.0192003510514,-0.141028877492,0.748854325648,0.64727073253
1492808511624452437,0,1492808511606176376,odom,robot_frame,0.856390538046,0.222100717906,-0.31150302331,0.0155214154931,-0.139171389797,0.747741111285,0.649055960929
1492808511724418276,0,1492808511722932577,odom,robot_frame,0.880992004684,0.223661054859,-0.319740454489,0.0158386790829,-0.139799338629,0.745821701608,0.651118476604
1492808511824424192,0,1492808511808823109,odom,robot_frame,0.902504890112,0.218887201014,-0.315439202492,0.0182876620574,-0.140547927825,0.744668360823,0.652212291964
1492808511924436222,0,1492808511905801773,odom,robot_frame,0.924841400175,0.215972599517,-0.318233038556,0.0229681604961,-0.142485219231,0.743387523724,0.653104444539
1492808512024447213,0,1492808512022608519,odom,robot_frame,0.951528892778,0.210044796437,-0.319770331692,0.0297922675746,-0.145546246532,0.741795047277,0.653963927712
1492808512124406278,0,1492808512124033928,odom,robot_frame,0.975130741559,0.203350004651,-0.322141308941,0.0353066551819,-0.148975857182,0.740060700799,0.654881510816
1492808512224431450,0,1492808512205298185,odom,robot_frame,0.994977059023,0.196673000803,-0.32418286275,0.0379429395057,-0.151351204979,0.738560217947,0.655882573758
1492808512324429470,0,1492808512306866646,odom,robot_frame,1.01971434722,0.188026939805,-0.32418265182,0.0376211613266,-0.152440783068,0.736864652983,0.657553753743
1492808512424393856,0,1492808512423615932,odom,robot_frame,1.05031575274,0.175666943597,-0.325572039833,0.031342841636,-0.149402272925,0.735718744586,0.659859466847
1492808512524441879,0,1492808512504804373,odom,robot_frame,1.07057585475,0.16793122622,-0.3244948725,0.0247493564822,-0.145174311046,0.735470916614,0.661358011656
1492808512624437112,0,1492808512606369972,odom,robot_frame,1.09551828704,0.15860221741,-0.320198232318,0.0158228081581,-0.138713784805,0.73536498468,0.663133820547
1492808512724427904,0,1492808512723290682,odom,robot_frame,1.12510944569,0.145741216872,-0.314223547661,0.00715253634406,-0.131740883937,0.735022750222,0.66508250419
1492808512824436343,0,1492808512804561615,odom,robot_frame,1.14029013082,0.14670759287,-0.32162022774,0.00428551265428,-0.129087111628,0.734489151547,0.666216059738
1492808512924409559,0,1492808512922863007,odom,robot_frame,1.17377440453,0.124507421815,-0.313397589224,0.00362872579636,-0.127960894029,0.73343013271,0.667602488297
1492808513024425813,0,1492808513023033857,odom,robot_frame,1.19628590335,0.123681165314,-0.318789941777,0.00632953926336,-0.130285535196,0.732166256398,0.668519400798
1492808513124471916,0,1492808513104247093,odom,robot_frame,1.21810346578,0.112154294447,-0.31568014774,0.0101996786498,-0.134224947466,0.730888591895,0.669090050943
1492808513224442394,0,1492808513219396114,odom,robot_frame,1.24725534259,0.103423178467,-0.318499628908,0.0171307731143,-0.139958374821,0.729188153359,0.669628872533
1492808513324448851,0,1492808513307226419,odom,robot_frame,1.2702703214,0.0948808862328,-0.323726693209,0.0228794417436,-0.148332969463,0.72719239377,0.66982466643
1492808513424417743,0,1492808513423895359,odom,robot_frame,1.2995154765,0.0818659309497,-0.323306786273,0.031409286127,-0.156752473507,0.725074615002,0.669857388908
1492808513524446991,0,1492808513517322063,odom,robot_frame,1.32107219446,0.0732663883112,-0.321561651172,0.0372517845807,-0.160172164649,0.724191477366,0.669704327541
1492808513624411661,0,1492808513606742620,odom,robot_frame,1.3379676867,0.0747743161634,-0.315831430459,0.0419318548834,-0.163797688978,0.723222277247,0.669598069236
1492808513724392565,0,1492808513723544359,odom,robot_frame,1.36816026973,0.0547914232946,-0.321578980032,0.0451710754059,-0.164199296926,0.722776274676,0.669770573855
1492808513824441947,0,1492808513814724922,odom,robot_frame,1.37731770377,0.0713411214293,-0.309317551649,0.0437279443203,-0.162329197185,0.722693452776,0.670411270745
1492808513924460111,0,1492808513906444550,odom,robot_frame,1.40294303319,0.0542830191131,-0.31507932356,0.0394803569862,-0.157382229764,0.723040021287,0.671479904974
1492808514024442515,0,1492808514023203850,odom,robot_frame,1.431089616,0.0443166470743,-0.314318744059,0.0300229557343,-0.149843701394,0.723489114763,0.673207982797
1492808514124393207,0,1492808514111685991,odom,robot_frame,1.45632281601,0.0310411786785,-0.320541242305,0.0212606264599,-0.144497028689,0.723707829405,0.67447429315
1492808514224469430,0,1492808514206009865,odom,robot_frame,1.48261012612,0.0169226114275,-0.31899780727,0.0110777677766,-0.135789419875,0.72462183178,0.675545496187
1492808514324548482,0,1492808514307512283,odom,robot_frame,1.51180197609,0.00148964294391,-0.31827476547,0.0026787802992,-0.129609876314,0.724945808747,0.676496621187
1492808514424448079,0,1492808514408488989,odom,robot_frame,1.53839824688,-0.00903078882024,-0.320541242535,-0.00164015032943,-0.126604652642,0.724563140244,0.67747828573
1492808514524428149,0,1492808514505873680,odom,robot_frame,1.56319023034,-0.0179090961957,-0.322596430346,-0.000524201878,-0.127492600647,0.723568565241,0.678375923355
1492808514624646397,0,1492808514622768164,odom,robot_frame,1.59352258983,-0.0327068463515,-0.323177629154,0.00663278544996,-0.133044614549,0.721551878888,0.679424773444
1492808514724494192,0,1492808514705411911,odom,robot_frame,1.61598985125,-0.0483471888461,-0.320541242822,0.0136083837493,-0.138265170137,0.720032695442,0.679890044135
1492808514824451917,0,1492808514805716753,odom,robot_frame,1.64228036345,-0.0639343238591,-0.319037867458,0.0227253107532,-0.145920077853,0.718185611379,0.680000234366
1492808514924431425,0,1492808514907314539,odom,robot_frame,1.66895385546,-0.079553124353,-0.317197360256,0.0297162341784,-0.152455157561,0.71694856304,0.679602183865
1492808515024431125,0,1492808515024030685,odom,robot_frame,1.7003189905,-0.099066978526,-0.315855798827,0.0333316344282,-0.157555352843,0.716448707673,0.678797880234
1492808515124526230,0,1492808515105224609,odom,robot_frame,1.72120743064,-0.111995266788,-0.313745410015,0.0329406550164,-0.159019819425,0.716483142585,0.67843902944
1492808515224472399,0,1492808515206940413,odom,robot_frame,1.74715271913,-0.128839110069,-0.311616496498,0.03002266525,-0.158490998163,0.716695198977,0.678474196146
1492808515324414444,0,1492808515323728800,odom,robot_frame,1.77851065397,-0.159807728391,-0.317735917969,0.0242885021733,-0.154551596886,0.717008817472,0.679280669701
1492808515424456124,0,1492808515404924393,odom,robot_frame,1.79996675409,-0.168762546137,-0.31193604673,0.0196882150595,-0.150144996493,0.717371806566,0.680034223669
1492808515524433242,0,1492808515522905111,odom,robot_frame,1.82980854779,-0.191690390912,-0.315439201873,0.0127210937994,-0.144465700148,0.717688232875,0.681095760995
1492808515624434941,0,1492808515623327017,odom,robot_frame,1.85749140482,-0.214328216202,-0.314691070292,0.00808269028343,-0.135548894822,0.718894339077,0.681727288931
1492808515724472699,0,1492808515704545975,odom,robot_frame,1.88032240282,-0.233064220447,-0.315002834408,0.00657279447254,-0.13218122259,0.719259697039,0.682019362616
1492808515824396887,0,1492808515819607973,odom,robot_frame,1.91067352735,-0.252984674174,-0.319521631737,0.00841458191119,-0.130983544986,0.719365857483,0.682118222042
1492808515924437899,0,1492808515922936201,odom,robot_frame,1.93897211476,-0.279350076071,-0.317142823095,0.014401228585,-0.135282682022,0.718311975838,0.682289605613
1492808516024450669,0,1492808516004234076,odom,robot_frame,1.96212590733,-0.289764554463,-0.319822691899,0.0184009972082,-0.138753488311,0.717308910824,0.682551682465
1492808516124401182,0,1492808516116688967,odom,robot_frame,1.99516584074,-0.306184682138,-0.321561650551,0.0220604748349,-0.142363479734,0.716222011734,0.6828411272
1492808516224476211,0,1492808516207360744,odom,robot_frame,2.02423530827,-0.321660854673,-0.326281684133,0.0225631140445,-0.145293323228,0.715568408778,0.682892823559
1492808516324459177,0,1492808516303801060,odom,robot_frame,2.05291256588,-0.339174775349,-0.327929684484,0.0220293824311,-0.146957772424,0.715321493875,0.682812770703
1492808516424408305,0,1492808516413062096,odom,robot_frame,2.08210397517,-0.357856577263,-0.323601670205,0.0214606555147,-0.147996014884,0.715182763424,0.682751956969
1492808516524412676,0,1492808516507028103,odom,robot_frame,2.10696987482,-0.374404516206,-0.319389517553,0.021187794546,-0.148528802428,0.715068356724,0.682764613482
1492808516624461776,0,1492808516623900890,odom,robot_frame,2.13786039906,-0.398947994849,-0.322106314697,0.0205820081323,-0.148330360461,0.715238592683,0.682647962454
1492808516724449734,0,1492808516710052013,odom,robot_frame,2.16033013244,-0.412988554395,-0.316459610722,0.0192133484002,-0.147360560618,0.715879748993,0.682225693886
1492808516824410816,0,1492808516806850672,odom,robot_frame,2.18585112547,-0.430759118738,-0.316019823917,0.0167805512609,-0.145028781276,0.717273729425,0.68132478509
1492808516924441062,0,1492808516923727274,odom,robot_frame,2.21757614674,-0.451986775036,-0.315553764065,0.0133475317479,-0.141381144381,0.71916520188,0.680172498573
1492808517024474767,0,1492808517007644892,odom,robot_frame,2.24152585815,-0.468709483368,-0.3144195913,0.0121603310658,-0.139408167468,0.719906322377,0.679817899289
1492808517124447123,0,1492808517106637001,odom,robot_frame,2.26984046965,-0.491150342651,-0.313225817717,0.0123151132577,-0.137834927054,0.720031466413,0.680003351642
1492808517224561603,0,1492808517223664522,odom,robot_frame,2.30096996163,-0.50552979664,-0.324149593345,0.0149742514719,-0.137858246406,0.719133455836,0.680894961347
1492808517324458013,0,1492808517305017471,odom,robot_frame,2.32348878133,-0.522286244167,-0.325665570401,0.0176131029534,-0.138583171398,0.718129900015,0.681743302067
1492808517424423839,0,1492808517406625986,odom,robot_frame,2.35178065885,-0.542046422667,-0.329685347691,0.0217212203007,-0.140276700629,0.716721253118,0.682760046559
1492808517524420116,0,1492808517523468256,odom,robot_frame,2.38222147466,-0.56653016102,-0.331024927855,0.0262772889503,-0.142601259048,0.715342912626,0.683563385765
1492808517624462389,0,1492808517604720831,odom,robot_frame,2.39766934816,-0.581841671326,-0.325719144023,0.0277480760583,-0.14361676942,0.714996811371,0.683654757569
1492808517724441954,0,1492808517706267595,odom,robot_frame,2.4259029799,-0.601884421629,-0.328191308601,0.0270488074893,-0.144016700348,0.715415914763,0.683160025863
1492808517824593589,0,1492808517823077917,odom,robot_frame,2.45490860129,-0.621173102859,-0.325816722858,0.0224781425385,-0.1432979278,0.717066442867,0.681744932882
1492808517924420473,0,1492808517904254198,odom,robot_frame,2.47752150272,-0.635837464462,-0.326597428817,0.0179496278915,-0.142434906832,0.718469166659,0.680582224815
1492808518024499754,0,1492808518005820036,odom,robot_frame,2.50505412296,-0.654034487648,-0.321666078608,0.0120238123487,-0.141520494842,0.719913323027,0.679376320463
1492808518124473637,0,1492808518122805119,odom,robot_frame,2.53509948318,-0.674712309524,-0.319484457597,0.0065186909366,-0.141270282679,0.720728049322,0.678639295076
1492808518224447411,0,1492808518204138994,odom,robot_frame,2.55603043845,-0.690301617488,-0.31723376151,0.00507727847406,-0.142018625716,0.720674448948,0.67855233389
1492808518324520967,0,1492808518305700064,odom,robot_frame,2.58274964701,-0.711753933451,-0.314873925581,0.00631223880151,-0.143837256905,0.72018003205,0.678683814897
1492808518424446689,0,1492808518418078899,odom,robot_frame,2.61105667785,-0.735656938625,-0.315439201767,0.0110377875312,-0.145631576596,0.71977058787,0.678675115192
1492808518524426811,0,1492808518524080515,odom,robot_frame,2.64111051937,-0.759127694441,-0.314406508057,0.0183138783998,-0.148462973538,0.719241067889,0.678465646593
1492808518624415183,0,1492808518605307341,odom,robot_frame,2.66151978059,-0.776077959212,-0.319275300979,0.0228772537707,-0.148711699625,0.719303110882,0.678206824155
1492808518724465671,0,1492808518715636015,odom,robot_frame,2.68780891074,-0.791626214448,-0.318499629809,0.027195192105,-0.147980746865,0.719654820712,0.67783409409
1492808518824627318,0,1492808518823931932,odom,robot_frame,2.70917578733,-0.801689792528,-0.315981225331,0.0283663389392,-0.145956262939,0.719920933538,0.677942452999
1492808518924437277,0,1492808518905214071,odom,robot_frame,2.72767573339,-0.813444726278,-0.315916959047,0.0271356681052,-0.144419451038,0.71985409765,0.678392773971
1492808519024475178,0,1492808519013623953,odom,robot_frame,2.75597742239,-0.832717889127,-0.317480018336,0.0236405637101,-0.142414470633,0.719334927837,0.679497243479
1492808519124471714,0,1492808519123422384,odom,robot_frame,2.79167838907,-0.855180690397,-0.326661789159,0.0198902460859,-0.139941115944,0.718774745636,0.680722944534
1492808519224458534,0,1492808519204752922,odom,robot_frame,2.8141755592,-0.872479214564,-0.326677813896,0.0185532429269,-0.139463372863,0.718439379788,0.681212597047
1492808519324434528,0,1492808519310673952,odom,robot_frame,2.84219106973,-0.899134762601,-0.321561651516,0.0189643889836,-0.140281295532,0.718548173884,0.680918520737
1492808519424431267,0,1492808519402786970,odom,robot_frame,2.86995557461,-0.916831784812,-0.325673623524,0.0207439356435,-0.142592420638,0.719376684601,0.679510321013
1492808519524418341,0,1492808519504375219,odom,robot_frame,2.89963918544,-0.937276919124,-0.32607287094,0.022252766717,-0.145019809101,0.721020918048,0.677202263049
1492808519624435589,0,1492808519607275009,odom,robot_frame,2.92852927337,-0.956677253545,-0.321561651019,0.0213161692261,-0.145957692349,0.723122543182,0.674785714516
1492808519724424260,0,1492808519707497835,odom,robot_frame,2.95618840655,-0.977096740386,-0.323701585381,0.0174192872264,-0.144659823394,0.725065159316,0.673090349563
1492808519824466106,0,1492808519804003239,odom,robot_frame,2.98393387702,-0.99526036984,-0.317825352379,0.0109011097525,-0.141189956803,0.726065643462,0.672885757977
1492808519924466995,0,1492808519905532122,odom,robot_frame,3.0091232262,-1.01401976293,-0.317444765274,0.00504257099858,-0.137882382375,0.725645790936,0.674092877284
1492808520024423023,0,1492808520007090330,odom,robot_frame,3.03798164645,-1.04005853897,-0.314038703707,0.00318731322535,-0.136952170525,0.723898192967,0.676169616474
1492808520124412184,0,1492808520124031782,odom,robot_frame,3.06317749931,-1.06095566714,-0.318214150119,0.007881706843,-0.13972972785,0.721108299252,0.678539831256
1492808520224453723,0,1492808520205397129,odom,robot_frame,3.08767855262,-1.08785855636,-0.316592104436,0.0146129850245,-0.143465518308,0.719397931385,0.67946355461
1492808520324441896,0,1492808520306933165,odom,robot_frame,3.11426286327,-1.11370583887,-0.3202583964,0.0240671970843,-0.148356583254,0.718020705206,0.679600883699
1492808520424489491,0,1492808520423694849,odom,robot_frame,3.13966501997,-1.13809541108,-0.320144725641,0.0341532693278,-0.153410753418,0.717535112872,0.678558808598
1492808520524403695,0,1492808520504928827,odom,robot_frame,3.15709041478,-1.14982820919,-0.321992282088,0.0376405725254,-0.154933523807,0.718022453349,0.67751202719
1492808520624506537,0,1492808520606513500,odom,robot_frame,3.17159780206,-1.14322524402,-0.31931104354,0.0371703215703,-0.154069079739,0.719233706905,0.676449525622
1492808520724478318,0,1492808520723523378,odom,robot_frame,3.20047478585,-1.15997815515,-0.321651939319,0.0319381188358,-0.150351366101,0.720621238973,0.676076514322
1492808520824467535,0,1492808520804772139,odom,robot_frame,3.22377578398,-1.17738598916,-0.323827896114,0.0273846824003,-0.147133938951,0.721105937456,0.676467227694
1492808520924434759,0,1492808520906377792,odom,robot_frame,3.25385960292,-1.20090605558,-0.326104742282,0.0215729584084,-0.142863691209,0.721116188773,0.677581002898
1492808521024466730,0,1492808521018470049,odom,robot_frame,3.2856385373,-1.22776332731,-0.322582059348,0.0167985899165,-0.140011854521,0.720525895184,0.67893808432
1492808521124441630,0,1492808521104301691,odom,robot_frame,3.30978348916,-1.25347565908,-0.317189792883,0.013828407058,-0.13761460348,0.720289761001,0.679745287784
1492808521224495666,0,1492808521205859661,odom,robot_frame,3.33512058687,-1.26140600863,-0.323549085031,0.0122840202517,-0.137377517588,0.719923103431,0.680211177249
1492808521324459303,0,1492808521314908981,odom,robot_frame,3.36469795011,-1.29279589506,-0.317480018433,0.0126323177277,-0.138775159127,0.719532020385,0.680334881803
1492808521424614105,0,1492808521404097319,odom,robot_frame,3.38801547934,-1.31627529436,-0.313955259154,0.0139169315095,-0.141515215064,0.718750170546,0.680571785533
1492808521524440069,0,1492808521505573034,odom,robot_frame,3.41085593253,-1.33402670465,-0.320870837245,0.0164212920538,-0.144838247853,0.717191984107,0.681460109661
1492808521624456000,0,1492808521612694979,odom,robot_frame,3.44037824357,-1.36690893171,-0.315439202328,0.0195725507774,-0.147807746399,0.714581953005,0.683478176535
1492808521724486576,0,1492808521723752260,odom,robot_frame,3.47054491932,-1.39756228303,-0.312144237417,0.0231146635648,-0.150540956027,0.71097558383,0.686525201347
1492808521824708170,0,1492808521805057049,odom,robot_frame,3.49233289461,-1.42412281791,-0.317141769769,0.0251113648738,-0.151078881867,0.708779627982,0.68860440731
1492808521924429372,0,1492808521909038067,odom,robot_frame,3.51663653454,-1.4425538312,-0.315439202549,0.0266710544249,-0.150550187713,0.706997978104,0.690490517525
1492808522024462483,0,1492808522023484230,odom,robot_frame,3.54305702898,-1.46453114921,-0.317776912033,0.0273816626968,-0.149355850336,0.706665388512,0.691062300519
1492808522124579018,0,1492808522104697943,odom,robot_frame,3.56505297459,-1.48514335477,-0.3232160048,0.0272716436844,-0.148716254817,0.707090544639,0.690769639377
1492808522224478222,0,1492808522206573963,odom,robot_frame,3.5869893801,-1.50153996302,-0.322582059599,0.02665346004,-0.148412518836,0.707596215833,0.690341156718
1492808522324439447,0,1492808522307778120,odom,robot_frame,3.61299071798,-1.52427793238,-0.324649789711,0.025788896494,-0.148589589638,0.707177090839,0.690765248736
1492808522424582988,0,1492808522404278994,odom,robot_frame,3.64003006686,-1.55098198693,-0.328198474575,0.0249033662771,-0.149085133415,0.705334822479,0.692572186519
1492808522524496204,0,1492808522505988598,odom,robot_frame,3.66666993541,-1.57889749098,-0.327728666408,0.0238799401384,-0.149331610274,0.702329600555,0.695602581088
1492808522624445041,0,1492808522607621670,odom,robot_frame,3.69143211615,-1.60578172376,-0.321759183768,0.0226737559577,-0.148924388097,0.698860737365,0.699214628844
1492808522724446114,0,1492808522704094887,odom,robot_frame,3.71641340642,-1.63690070354,-0.321660723344,0.0215397890016,-0.147863290823,0.695767580777,0.702552459434
1492808522824440455,0,1492808522805690050,odom,robot_frame,3.7408004652,-1.66732000227,-0.316428026362,0.0205213781539,-0.146419414689,0.69351202324,0.705110843529
1492808522924440911,0,1492808522907297134,odom,robot_frame,3.76636286117,-1.69842043648,-0.315317713867,0.0191021311271,-0.144657928241,0.69221092837,0.706790791556
1492808523024438985,0,1492808523024032116,odom,robot_frame,3.79576590414,-1.73344253996,-0.313397513413,0.0159025633975,-0.141977445742,0.6914607159,0.708146589164
1492808523124446617,0,1492808523105361938,odom,robot_frame,3.81770643441,-1.75461859879,-0.315480828833,0.0127053147894,-0.139915700055,0.6909793571,0.709090755768
1492808523224565486,0,1492808523206968069,odom,robot_frame,3.84462342583,-1.79637275279,-0.309461421362,0.00767479390356,-0.13721469976,0.689990984666,0.71065157763
1492808523324434244,0,1492808523323772430,odom,robot_frame,3.87442039613,-1.823247994,-0.313415419127,0.00118857872276,-0.134562529745,0.68769391338,0.713420349001
1492808523424469300,0,1492808523405151606,odom,robot_frame,3.88365979852,-1.8042613564,-0.325731817907,-0.00260716101034,-0.133587257158,0.685439333599,0.715765721023
1492808523524447420,0,1492808523506748438,odom,robot_frame,3.92209342365,-1.87078138225,-0.317333840808,-0.00536704737558,-0.133996898467,0.681852690257,0.71909174296
1492808523624448961,0,1492808523623564959,odom,robot_frame,3.94610815931,-1.89723037222,-0.319463510304,-0.00457541442323,-0.137103018716,0.676882277017,0.72319583164
1492808523724463004,0,1492808523704812288,odom,robot_frame,3.96416620808,-1.92260384882,-0.319428460049,-0.00166288812444,-0.140164883811,0.673618749625,0.725664399225
1492808523824441501,0,1492808523806337595,odom,robot_frame,3.98145608736,-1.94821776942,-0.323628820246,0.00387746737451,-0.144203183948,0.670021994755,0.728190176761
1492808523924453217,0,1492808523913831949,odom,robot_frame,4.00645322256,-1.98594172765,-0.321561651096,0.00996530730206,-0.147035522904,0.667266333781,0.730093752512
1492808524024460966,0,1492808524004397869,odom,robot_frame,4.02507869372,-2.01179570793,-0.319791172481,0.014114030755,-0.148586113659,0.665392108411,0.73142074282
1492808524124722504,0,1492808524106076479,odom,robot_frame,4.04437677022,-2.04017872904,-0.319201758932,0.0152209322148,-0.147679352391,0.663898770022,0.732937620309
1492808524224459221,0,1492808524212704897,odom,robot_frame,4.07272612685,-2.08310024109,-0.326663691047,0.0123829626984,-0.145087716291,0.661930836402,0.735284832318
1492808524324461540,0,1492808524304290056,odom,robot_frame,4.07999446479,-2.10183752131,-0.314422954767,0.00751637413098,-0.141382591189,0.659335973255,0.738397278841
1492808524424430531,0,1492808524405896902,odom,robot_frame,4.10121569206,-2.13640968997,-0.313164306014,0.00246978433508,-0.138749442719,0.655220967751,0.742581965665
1492808524524438466,0,1492808524509931087,odom,robot_frame,4.12394517644,-2.16382929209,-0.321561649943,-0.000892160399988,-0.137839709569,0.650029168104,0.74730281622
1492808524624544297,0,1492808524603976011,odom,robot_frame,4.14435119815,-2.20441020631,-0.318603061614,-0.00207926187921,-0.138493011756,0.644948661175,0.751569415832
1492808524724418119,0,1492808524705567837,odom,robot_frame,4.16662965432,-2.24716358646,-0.315705422845,-0.00149866803313,-0.140296060782,0.640368081732,0.755144680987
1492808524824434638,0,1492808524807068348,odom,robot_frame,4.18664672025,-2.27590997119,-0.32259012682,-0.000638045112584,-0.141991998096,0.636820936693,0.757823831748
1492808524924440763,0,1492808524923825026,odom,robot_frame,4.21141587171,-2.31785945029,-0.318685483146,-0.000739898220027,-0.142681132019,0.633679927866,0.76032315244
1492808525024473241,0,1492808525005063295,odom,robot_frame,4.22775210183,-2.34369377777,-0.324838350255,-0.0014629855162,-0.142462664832,0.631796278737,0.761928940897
1492808525124466449,0,1492808525106677294,odom,robot_frame,4.24770339473,-2.37880579226,-0.324613076288,-0.00291890618988,-0.141673122886,0.629046188973,0.764343573517
1492808525224508955,0,1492808525223442554,odom,robot_frame,4.27093230114,-2.42402756982,-0.318071428298,-0.004264180736,-0.141147903855,0.624614675023,0.76805962903
1492808525324431879,0,1492808525304792166,odom,robot_frame,4.28329885701,-2.45178640596,-0.323434327462,-0.00417306472082,-0.141579663338,0.620917391382,0.770973007011
1492808525424444985,0,1492808525406317949,odom,robot_frame,4.30085918804,-2.49311501821,-0.320561924386,-0.00295674904651,-0.1427746452,0.615859631539,0.774805506282
1492808525524427262,0,1492808525507778168,odom,robot_frame,4.31821518081,-2.53385870961,-0.328179579835,-0.00173838902981,-0.143645544874,0.611026629914,0.778466051268
1492808525624405732,0,1492808525623348951,odom,robot_frame,4.33207320824,-2.57463109306,-0.320541243572,-0.00143994437129,-0.143728984059,0.606193229602,0.782220988012
1492808525724438004,0,1492808525705740690,odom,robot_frame,4.34370005955,-2.60402899563,-0.318486195402,-0.00212321593549,-0.143657579616,0.603484230028,0.784324407296
1492808525824432026,0,1492808525807411194,odom,robot_frame,4.36140082141,-2.6429160352,-0.320259373537,-0.00444762492859,-0.142904932027,0.600455682344,0.786772757902
1492808525924454940,0,1492808525920311928,odom,robot_frame,4.37783633343,-2.68299740784,-0.31237797801,-0.00851700092971,-0.142119191839,0.596492488899,0.789890059878
1492808526024497978,0,1492808526005371571,odom,robot_frame,4.3882494546,-2.71090323672,-0.319408295271,-0.0120523380267,-0.140243172715,0.593499355388,0.792429876273
1492808526124455137,0,1492808526106913805,odom,robot_frame,4.40184143944,-2.7463952102,-0.321554599759,-0.0153794843324,-0.138814165335,0.589183203018,0.795837453407
1492808526224389882,0,1492808526223614693,odom,robot_frame,4.42222063873,-2.79582716087,-0.319642245755,-0.0171092017281,-0.137604095508,0.5834939717,0.80019196016
1492808526324433512,0,1492808526304924011,odom,robot_frame,4.44092867374,-2.84254344066,-0.313759286376,-0.0166813797899,-0.137283736374,0.579434809267,0.803199980768
1492808526424435130,0,1492808526406471968,odom,robot_frame,4.45298189871,-2.87854734801,-0.319000143393,-0.014566962438,-0.137790085176,0.574295570807,0.806837216162
1492808526524452475,0,1492808526514637947,odom,robot_frame,4.46634863636,-2.93095386906,-0.315439202591,-0.0112459800391,-0.139508324013,0.568659123821,0.810578655258
1492808526624463513,0,1492808526604456902,odom,robot_frame,4.48262666505,-2.96704042067,-0.325179161964,-0.00836299892027,-0.142695454344,0.563400553387,0.813724697918
1492808526724461672,0,1492808526706082106,odom,robot_frame,4.48733198753,-3.00460167,-0.322564596214,-0.00640200554099,-0.145766276489,0.55795416877,0.8169445223
1492808526824433936,0,1492808526810898066,odom,robot_frame,4.49758112493,-3.04734983558,-0.323601670041,-0.00617523488026,-0.147868014933,0.552899825757,0.819999206897
1492808526924490005,0,1492808526904026031,odom,robot_frame,4.51396377129,-3.10370145954,-0.331015817495,-0.00835796190824,-0.147651813375,0.548916295124,0.822690699733
1492808527024440475,0,1492808527005563021,odom,robot_frame,4.51813113072,-3.12657759492,-0.323699012948,-0.0127367039436,-0.144621076796,0.545561647354,0.825399908805
1492808527124437603,0,1492808527108341932,odom,robot_frame,4.52857950654,-3.16596663872,-0.321561651009,-0.0183472147534,-0.13949285494,0.542549269846,0.828157842999
1492808527224500590,0,1492808527224111080,odom,robot_frame,4.53777528435,-3.19981996748,-0.331459121398,-0.0245455282834,-0.13235433777,0.538798469054,0.83161051945
1492808527324434148,0,1492808527305472136,odom,robot_frame,4.55103944782,-3.24165819316,-0.325872212752,-0.0275782642452,-0.128451446036,0.535770511094,0.834080106941
1492808527424450017,0,1492808527406987667,odom,robot_frame,4.55915074139,-3.27525325977,-0.325611805882,-0.0292122353498,-0.126157448636,0.531114228506,0.837346176762
1492808527524421013,0,1492808527523851395,odom,robot_frame,4.56925877895,-3.35172815438,-0.317591280976,-0.0281022904109,-0.128204159742,0.524042149804,0.841518734151
1492808527624461967,0,1492808527605090141,odom,robot_frame,4.57320951991,-3.35938756882,-0.323145966441,-0.0260882709499,-0.132210048857,0.518568637712,0.844349733867
1492808527724431622,0,1492808527706559181,odom,robot_frame,4.57736507592,-3.41386152247,-0.319534049206,-0.0230113564985,-0.139148335495,0.511427229938,0.847673525998
1492808527824429470,0,1492808527823390007,odom,robot_frame,4.58094551586,-3.46612558791,-0.315061267997,-0.0205101442939,-0.146906562649,0.503694178495,0.851052272414
1492808527924457161,0,1492808527904642820,odom,robot_frame,4.58881308583,-3.51554892628,-0.323317227092,-0.0201843609226,-0.149894358748,0.49949376656,0.853012455921
1492808528024450974,0,1492808528006175995,odom,robot_frame,4.59673583729,-3.51858272966,-0.315750863811,-0.0211277232238,-0.150545221198,0.495515919993,0.85519221741
1492808528124447980,0,1492808528107886314,odom,robot_frame,4.60117692523,-3.55980501561,-0.320165133069,-0.0232354983145,-0.147750473478,0.492798200797,0.857193001894
1492808528224469716,0,1492808528222954988,odom,robot_frame,4.6087512348,-3.59624734183,-0.321561651255,-0.0271472413238,-0.142331066795,0.489904308556,0.859650314472
1492808528324439293,0,1492808528306103230,odom,robot_frame,4.61554820006,-3.62781487418,-0.318815338605,-0.0280951155738,-0.137436047565,0.487916383478,0.861544891485
1492808528424441080,0,1492808528407670259,odom,robot_frame,4.61737933076,-3.66651223249,-0.326421414333,-0.0287312742094,-0.134802557298,0.484218287162,0.864022820767
1492808528524487254,0,1492808528518951893,odom,robot_frame,4.61881249881,-3.72089922975,-0.324623672777,-0.0279680443881,-0.134772415743,0.478562725471,0.867197729608
1492808528624485891,0,1492808528605431557,odom,robot_frame,4.62276513507,-3.75751181826,-0.327566285692,-0.0269753665957,-0.137624965662,0.473541075725,0.869534673274
1492808528724493677,0,1492808528706997395,odom,robot_frame,4.62345228763,-3.80593028744,-0.326093616441,-0.0260606485793,-0.141209406133,0.46800242439,0.871983071499
1492808528824437898,0,1492808528823722124,odom,robot_frame,4.627327009,-3.86322605383,-0.327603385353,-0.0265847061029,-0.144297567171,0.4627458035,0.874264140208
1492808528924479037,0,1492808528905007839,odom,robot_frame,4.62688451824,-3.88443823325,-0.319361125706,-0.028049753651,-0.145028603449,0.460168615502,0.875456886893
1492808529024584890,0,1492808529006540298,odom,robot_frame,4.62841165099,-3.93419802898,-0.321417774604,-0.0310289767617,-0.144155654792,0.457704298312,0.876791380603
1492808529124465715,0,1492808529123481989,odom,robot_frame,4.63167009633,-3.98312123369,-0.321625660789,-0.0360564550341,-0.140045366036,0.45494872081,0.878697268083
1492808529224439916,0,1492808529204665184,odom,robot_frame,4.64400460944,-4.01951523232,-0.315598265038,-0.0394840348123,-0.136379991806,0.452568864529,0.880353867311
1492808529324471776,0,1492808529306301594,odom,robot_frame,4.64755626256,-4.06398455707,-0.316426208101,-0.0424739661147,-0.132281902464,0.448748171169,0.882792466753
1492808529424412402,0,1492808529423224211,odom,robot_frame,4.65078433632,-4.11749182929,-0.31902446443,-0.0424998939623,-0.130375094709,0.443337943692,0.885803342382
1492808529524459475,0,1492808529504530668,odom,robot_frame,4.65195295588,-4.15673020344,-0.321469828011,-0.0403974356839,-0.131263957263,0.439465726558,0.887697975606
1492808529624464413,0,1492808529606220961,odom,robot_frame,4.65229012888,-4.21983989263,-0.31966956355,-0.0361412990429,-0.134889174736,0.434564089148,0.889748711416
1492808529724448591,0,1492808529708179951,odom,robot_frame,4.65139989903,-4.26513378372,-0.324623672435,-0.0314117299666,-0.140603564639,0.429785256334,0.891363323381
1492808529824468750,0,1492808529804227829,odom,robot_frame,4.64870572561,-4.30749324315,-0.327398781949,-0.0279459135728,-0.146559320726,0.425528034072,0.892561081182
1492808529924437810,0,1492808529905722380,odom,robot_frame,4.63708352224,-4.33375219733,-0.324443423337,-0.0268602266063,-0.150563245866,0.421903489135,0.893647963729
1492808530024435909,0,1492808530007311106,odom,robot_frame,4.63900267326,-4.40165367683,-0.32973775845,-0.0283824730539,-0.151313552086,0.418979901141,0.894848862445
1492808530124507198,0,1492808530103916407,odom,robot_frame,4.63297440528,-4.41693602469,-0.324629697806,-0.0315155003956,-0.149011862891,0.416610950414,0.896235211285
1492808530224427899,0,1492808530205443144,odom,robot_frame,4.62805983077,-4.46536627204,-0.325978722827,-0.034530586638,-0.145384363053,0.414535935357,0.897680892001
1492808530324449185,0,1492808530306962013,odom,robot_frame,4.62402397344,-4.50521023208,-0.325730707139,-0.0365335840695,-0.141571199773,0.412565926244,0.899117483498
1492808530424424357,0,1492808530423787832,odom,robot_frame,4.61945405005,-4.55215927348,-0.32187708307,-0.0381323447362,-0.136747157303,0.41023135938,0.900864235629
1492808530524457971,0,1492808530505172253,odom,robot_frame,4.61723592304,-4.59108032976,-0.318123806603,-0.0390704235623,-0.13371561578,0.408516495698,0.902057597298
1492808530624421640,0,1492808530606722116,odom,robot_frame,4.60974310073,-4.64405589198,-0.316679597968,-0.0400845492137,-0.131159099988,0.405924895973,0.90355713612
1492808530724462768,0,1492808530723599911,odom,robot_frame,4.60661538757,-4.68889513679,-0.323272990354,-0.0409879242402,-0.130603088318,0.401840172365,0.905421061861
1492808530824584458,0,1492808530822917938,odom,robot_frame,4.59681446802,-4.74770439538,-0.321561651314,-0.0408757166307,-0.132251484435,0.397817153383,0.906962090238
1492808530924652137,0,1492808530906387329,odom,robot_frame,4.58676323078,-4.79801925941,-0.317715714891,-0.0409871602461,-0.135456346956,0.394202012059,0.908061894616
1492808531024684630,0,1492808531023228645,odom,robot_frame,4.57846993436,-4.85313430216,-0.320739111933,-0.0405494593103,-0.139556322303,0.389449086712,0.909510408469
1492808531124658900,0,1492808531119257927,odom,robot_frame,4.57056129141,-4.89434619467,-0.317480018702,-0.0402529059395,-0.141321614998,0.386479318042,0.9105172384
1492808531224441767,0,1492808531205926180,odom,robot_frame,4.56218996003,-4.93995800575,-0.322834503606,-0.0403505650078,-0.141712754915,0.384565859593,0.911261996702
1492808531324440476,0,1492808531307283878,odom,robot_frame,4.5545331794,-4.98146093783,-0.322207984337,-0.0403893413161,-0.140846598039,0.382942813325,0.912077704284
1492808531424389839,0,1492808531424014807,odom,robot_frame,4.54483270175,-5.02741543774,-0.319626807164,-0.0405829255221,-0.139086345214,0.380929274605,0.913181746686
1492808531524423094,0,1492808531505326986,odom,robot_frame,4.53736585644,-5.06562295029,-0.32386631474,-0.0408855458038,-0.137975667148,0.379299567029,0.91401472957
1492808531624405457,0,1492808531606792212,odom,robot_frame,4.5259846265,-5.11160978271,-0.32550493313,-0.0414227011202,-0.137237383366,0.376415746181,0.915292983949
1492808531724397551,0,1492808531723624468,odom,robot_frame,4.50726842579,-5.16557810765,-0.31868629166,-0.0421545974544,-0.137495118532,0.371879044095,0.917073638732
1492808531824413951,0,1492808531804836512,odom,robot_frame,4.49548175723,-5.20399376354,-0.317750595407,-0.0426520282356,-0.138302988461,0.368469305628,0.9183046655
1492808531924447193,0,1492808531906326056,odom,robot_frame,4.48184686342,-5.25425524851,-0.322166413326,-0.0435759599771,-0.138855563493,0.364467246132,0.919773828012
1492808532024617440,0,1492808532010622025,odom,robot_frame,4.46722014421,-5.30071821096,-0.318499629606,-0.0447628491865,-0.138557576586,0.361224214758,0.92104025535
1492808532124491690,0,1492808532104189634,odom,robot_frame,4.45374843142,-5.34461165739,-0.320655998023,-0.0463468021406,-0.136088525614,0.359504432619,0.922002413259
1492808532224467557,0,1492808532205765247,odom,robot_frame,4.44182578487,-5.39118666152,-0.317874312588,-0.048210225445,-0.131758406626,0.359019744859,0.922724400483
1492808532324430534,0,1492808532307773113,odom,robot_frame,4.42998966999,-5.43852594468,-0.317480018349,-0.0499872466273,-0.127026924763,0.359044621812,0.923283485777
1492808532424832660,0,1492808532403960466,odom,robot_frame,4.41771756264,-5.48886635333,-0.316881558218,-0.0513978019505,-0.123408419369,0.358630432015,0.923857587086
1492808532524488119,0,1492808532505615950,odom,robot_frame,4.40348798826,-5.55089892616,-0.315412892003,-0.0517221644802,-0.122902289863,0.356783015522,0.924621936082
1492808532624431255,0,1492808532607130289,odom,robot_frame,4.3900777808,-5.5932134925,-0.318583003214,-0.0506590183533,-0.125562307376,0.35321745986,0.92569173966
1492808532724466638,0,1492808532703769207,odom,robot_frame,4.37343060792,-5.64507955475,-0.319276902818,-0.0483989801485,-0.130273533093,0.348361134985,0.927001005894
1492808532824455548,0,1492808532805422783,odom,robot_frame,4.36222651773,-5.68442467377,-0.329630568376,-0.0455752011754,-0.135407356872,0.343050121615,0.928388045379
1492808532924492223,0,1492808532906924963,odom,robot_frame,4.33555270948,-5.7225522769,-0.32376956432,-0.0425157731361,-0.140942494895,0.338204485892,0.929486604471
1492808533024571421,0,1492808533023821115,odom,robot_frame,4.31132303531,-5.76389340167,-0.323821898748,-0.0399595833617,-0.146320904491,0.334317625509,0.930174795337
1492808533124491704,0,1492808533105357170,odom,robot_frame,4.29034021716,-5.77323450713,-0.32056943417,-0.0396745281556,-0.148127817529,0.333155906127,0.930317807904
1492808533224399086,0,1492808533206923246,odom,robot_frame,4.27419432379,-5.85888746193,-0.328867936144,-0.041139315555,-0.147906236057,0.332968604575,0.930356496413
1492808533324514557,0,1492808533323684216,odom,robot_frame,4.25799651087,-5.86146443686,-0.322301217864,-0.045547354589,-0.143302088327,0.333518324265,0.93067474305
1492808533424400995,0,1492808533420996904,odom,robot_frame,4.24448141625,-5.89803910864,-0.321561651045,-0.0508583599884,-0.137582492915,0.333487195777,0.931273738014
1492808533524463215,0,1492808533506396055,odom,robot_frame,4.24064160515,-5.93952445888,-0.315536128067,-0.0542516472155,-0.130480297055,0.333244253267,0.932190923856
1492808533624426627,0,1492808533607985020,odom,robot_frame,4.2283888026,-5.99853880072,-0.312647225931,-0.0577500210455,-0.123919031131,0.33164874939,0.933444222126
1492808533724423609,0,1492808533717878103,odom,robot_frame,4.20642809062,-6.02962321439,-0.317480017787,-0.0590377386357,-0.119985082844,0.328668653437,0.934930500925
1492808533824458438,0,1492808533805942535,odom,robot_frame,4.19019124835,-6.06529956368,-0.319772099079,-0.0576382523723,-0.119653477001,0.325908049313,0.936026079069
1492808533924408198,0,1492808533907315969,odom,robot_frame,4.1664963985,-6.14171898681,-0.317127854406,-0.054352543096,-0.123062419384,0.322582110034,0.936932347761
1492808534024439054,0,1492808534024049520,odom,robot_frame,4.14482177454,-6.19098900135,-0.320745271228,-0.0492398941736,-0.131210837065,0.319372936481,0.9372086622
1492808534124441269,0,1492808534105344296,odom,robot_frame,4.13365535701,-6.230862344,-0.32609955141,-0.0462671358915,-0.136832604713,0.318056935956,0.937003722465
1492808534224426497,0,1492808534206938744,odom,robot_frame,4.1047784585,-6.25637040117,-0.321509122376,-0.0440841321884,-0.14156961328,0.317529865462,0.936583908908
1492808534324414923,0,1492808534323781252,odom,robot_frame,4.08403684184,-6.30694089973,-0.323839334456,-0.0445296674,-0.14139182028,0.318177540918,0.936369859796
1492808534424563738,0,1492808534405085087,odom,robot_frame,4.07014453775,-6.33472418019,-0.323922040692,-0.0464997901031,-0.137985434148,0.318848634824,0.936553969376
1492808534524399098,0,1492808534506659269,odom,robot_frame,4.05429125147,-6.38010861474,-0.326289243043,-0.0497806678989,-0.132701088464,0.319387382309,0.936965317526
1492808534624397768,0,1492808534623459101,odom,robot_frame,4.03497422797,-6.42960576831,-0.324616042479,-0.0534067721894,-0.128319029731,0.318978522516,0.937515144126
1492808534724487981,0,1492808534704724789,odom,robot_frame,4.02084995274,-6.47013729009,-0.322507090635,-0.0549334588976,-0.127613791049,0.317924210223,0.937881246204
1492808534824465437,0,1492808534806377172,odom,robot_frame,4.00145894598,-6.52152203974,-0.320469035543,-0.0552619398315,-0.129545642403,0.315743107164,0.938333807778
1492808534924469275,0,1492808534907893896,odom,robot_frame,3.98293031883,-6.58500738132,-0.313412444286,-0.054136297589,-0.133504690981,0.312937498517,0.938784256787
1492808535024461406,0,1492808535004398346,odom,robot_frame,3.95823724789,-6.63114262011,-0.317003704895,-0.052360163416,-0.13763151376,0.310032448648,0.939252820327
1492808535124450941,0,1492808535106107950,odom,robot_frame,3.93377714319,-6.67996582838,-0.320138708856,-0.0504971972137,-0.141179039143,0.307810213645,0.939559143618
1492808535224420066,0,1492808535207676888,odom,robot_frame,3.91864888917,-6.70170161329,-0.315591042628,-0.0490729421851,-0.143009580379,0.306695497851,0.939722287627
1492808535324485208,0,1492808535304233074,odom,robot_frame,3.89689123053,-6.74800224002,-0.319385715195,-0.048578946496,-0.142332364485,0.30667864888,0.939856260445
1492808535424441056,0,1492808535405794382,odom,robot_frame,3.8780839314,-6.78321618458,-0.320094192403,-0.0489910803395,-0.139468551198,0.307545296615,0.939981003959
1492808535524427889,0,1492808535507246017,odom,robot_frame,3.85819455763,-6.83271660424,-0.324764260683,-0.0500794646592,-0.135233819675,0.309041908186,0.940051573171
1492808535624432789,0,1492808535603867769,odom,robot_frame,3.8410857528,-6.87461384673,-0.327267924667,-0.0514564178131,-0.130826980311,0.310919016619,0.939981863332
1492808535724391890,0,1492808535723781109,odom,robot_frame,3.81129612695,-6.94078010026,-0.32054124358,-0.0530120907704,-0.127120772735,0.313039689286,0.939700048049
1492808535824456798,0,1492808535807016134,odom,robot_frame,3.80596978485,-6.95851550681,-0.327880936193,-0.0531353554013,-0.125453704343,0.314212465001,0.939525693587
1492808535924435345,0,1492808535923749924,odom,robot_frame,3.77091196203,-7.04372910547,-0.321607290247,-0.0529881467766,-0.125476525141,0.314841544081,0.939320339426
1492808536024402701,0,1492808536020036936,odom,robot_frame,3.74225697823,-7.11182282715,-0.316459610726,-0.0520802112654,-0.12750221884,0.314327107283,0.939270624161
1492808536124437043,0,1492808536106503248,odom,robot_frame,3.73384555174,-7.14012985118,-0.323851656753,-0.0516298799341,-0.130861101589,0.313163807032,0.939222102356
1492808536224520942,0,1492808536223402739,odom,robot_frame,3.70468564701,-7.20105165366,-0.318300518256,-0.0502898720403,-0.137326023282,0.311165401882,0.939035986941
1492808536324427862,0,1492808536317166090,odom,robot_frame,3.68571551634,-7.23684848047,-0.314419591411,-0.0486839254524,-0.142456406813,0.310112965855,0.938704424177
1492808536424442594,0,1492808536406063080,odom,robot_frame,3.66149411153,-7.29144575726,-0.318816491194,-0.0480198744967,-0.147225697422,0.30969433082,0.938140771489
1492808536524427538,0,1492808536507541418,odom,robot_frame,3.63342178513,-7.35276426888,-0.323894678709,-0.0472531304081,-0.150341270839,0.310301073947,0.937484873188
1492808536624469708,0,1492808536615164995,odom,robot_frame,3.6328947694,-7.34877907239,-0.319521632522,-0.0473718603546,-0.15029913522,0.311878894937,0.936961915817
1492808536724417387,0,1492808536705601215,odom,robot_frame,3.61289993342,-7.39124849447,-0.323276579178,-0.0479690770489,-0.146783310287,0.313654333555,0.936896251733
1492808536824555739,0,1492808536807167053,odom,robot_frame,3.60173493303,-7.41873522943,-0.323562807164,-0.049362241139,-0.140041730674,0.315421335834,0.937262537243
1492808536924418896,0,1492808536912750959,odom,robot_frame,3.58487993731,-7.46114943314,-0.323601670428,-0.0517643482243,-0.130933128628,0.316999512013,0.937916988579
1492808537024421701,0,1492808537005308390,odom,robot_frame,3.55887027959,-7.52107862841,-0.32098665668,-0.0527119163849,-0.123548694237,0.318192673251,0.938461824856
1492808537124448030,0,1492808537106891870,odom,robot_frame,3.5521613843,-7.54015396643,-0.32736878336,-0.0533244265509,-0.119104848399,0.3192760642,0.93863376002
1492808537224450787,0,1492808537223663092,odom,robot_frame,3.4999225585,-7.6533533416,-0.319426764158,-0.0528850558961,-0.119951462748,0.320590437249,0.93810265376
1492808537324398585,0,1492808537304936886,odom,robot_frame,3.50661700931,-7.654224026,-0.324491555852,-0.0523513054195,-0.123567604301,0.321688264027,0.937287068499
1492808537424445944,0,1492808537406577587,odom,robot_frame,3.47784603906,-7.71874606655,-0.320195890106,-0.0517903717336,-0.130129383015,0.323614753697,0.935765778526
1492808537524430012,0,1492808537508129120,odom,robot_frame,3.46233820549,-7.76120320231,-0.322592089884,-0.0515470756424,-0.136895079885,0.325739937695,0.934075012559
1492808537624483650,0,1492808537604607821,odom,robot_frame,3.44607983716,-7.80615310849,-0.323026291927,-0.0512310773413,-0.142879913987,0.327407899868,0.932611802412
1492808537724408951,0,1492808537706228495,odom,robot_frame,3.4374333963,-7.84473351962,-0.321879759508,-0.050278086038,-0.147601702822,0.327930507953,0.931744296114
1492808537824419002,0,1492808537807720184,odom,robot_frame,3.44275150216,-7.86779498961,-0.318656031223,-0.0486566720637,-0.15030836128,0.327448784823,0.931567076549
1492808537924439382,0,1492808537904163122,odom,robot_frame,3.4428512767,-7.88970627403,-0.317337843499,-0.0469224090193,-0.149960718166,0.326525473365,0.932036043178
1492808538024435531,0,1492808538005709410,odom,robot_frame,3.43040342518,-7.92494058312,-0.318260193696,-0.0453636646669,-0.146593586092,0.326238013669,0.932749278682
1492808538124462531,0,1492808538107209921,odom,robot_frame,3.40780452282,-7.97904606039,-0.322790795862,-0.0447905494488,-0.140083155408,0.327416079208,0.933364466501
1492808538224435907,0,1492808538224094868,odom,robot_frame,3.38033080176,-8.02132401508,-0.319275806133,-0.0455109986388,-0.130818859761,0.330915458423,0.933439946815
1492808538324429695,0,1492808538323091984,odom,robot_frame,3.36744790516,-8.06435724171,-0.321561650666,-0.0470760001824,-0.125599776786,0.334443666366,0.932821515782
1492808538424429220,0,1492808538407027483,odom,robot_frame,3.3382091756,-8.11708086777,-0.318455157212,-0.0471490604719,-0.123717338438,0.337336942931,0.932027238443
1492808538524435181,0,1492808538523697615,odom,robot_frame,3.34924498366,-8.14039059048,-0.324634621095,-0.046489142778,-0.127789148524,0.33995080977,0.930560121679
1492808538624464638,0,1492808538620825052,odom,robot_frame,3.33739404986,-8.18402834376,-0.326663691473,-0.0443103523101,-0.134092369386,0.340712482671,0.929500313772
1492808538724471996,0,1492808538706756830,odom,robot_frame,3.32324592195,-8.22887035065,-0.328964043836,-0.0435685668541,-0.141448788926,0.34043622778,0.928545741958
1492808538824520754,0,1492808538823725224,odom,robot_frame,3.30478846536,-8.26071883032,-0.321767299672,-0.0418793580456,-0.149618915813,0.339945869018,0.927522024287
1492808538924438661,0,1492808538917020082,odom,robot_frame,3.29728897612,-8.28179600244,-0.319521632164,-0.0417055900227,-0.1519700339,0.340324494157,0.927008625221
1492808539024448746,0,1492808539006635427,odom,robot_frame,3.2852799678,-8.32005369721,-0.320989171544,-0.0424800971341,-0.150990496753,0.341872951857,0.926563649204
1492808539124450923,0,1492808539123652220,odom,robot_frame,3.28102041579,-8.35326890828,-0.320367474313,-0.0435872493658,-0.147045118994,0.345373784267,0.925848169958
1492808539224422468,0,1492808539214838982,odom,robot_frame,3.26597665942,-8.39795818836,-0.323601669956,-0.0439666465715,-0.144209709327,0.348432442656,0.925129897166
1492808539324568532,0,1492808539306727171,odom,robot_frame,3.26201249091,-8.43218596791,-0.319183850976,-0.0432638087116,-0.142095901684,0.351426277976,0.924357381497
1492808539424559580,0,1492808539423521757,odom,robot_frame,3.24032404429,-8.49306415886,-0.327225946184,-0.0414202829424,-0.141786707378,0.354404615872,0.923351643752
1492808539524427769,0,1492808539511743069,odom,robot_frame,3.22444058873,-8.53609504899,-0.326663692072,-0.0398915011038,-0.142301048233,0.356116711758,0.922680858921
1492808539624495935,0,1492808539606187820,odom,robot_frame,3.20603519142,-8.57968295757,-0.326368138856,-0.0390322729063,-0.142282446189,0.357850133866,0.922049602175
1492808539724384723,0,1492808539723073721,odom,robot_frame,3.18650135231,-8.63805924661,-0.328008915894,-0.0404890384477,-0.138679740453,0.360610303554,0.921460132791
1492808539824404511,0,1492808539808845043,odom,robot_frame,3.16042086211,-8.68138191293,-0.318499630162,-0.0434028971437,-0.134413233113,0.362876267623,0.921070076422
1492808539924482325,0,1492808539905867338,odom,robot_frame,3.16184341092,-8.70352230928,-0.325304929186,-0.0470406046449,-0.129066276262,0.365357103477,0.920675439439
1492808540024450529,0,1492808540007547617,odom,robot_frame,3.14491708932,-8.7542074983,-0.323742879977,-0.0499810136329,-0.126235763971,0.366895400229,0.920301143899
1492808540124467651,0,1492808540105221987,odom,robot_frame,3.12655240065,-8.80193798635,-0.322582058939,-0.0501658281965,-0.128434735712,0.366760051624,0.920040745226
1492808540224522610,0,1492808540205676556,odom,robot_frame,3.10239063728,-8.86583517367,-0.320593702097,-0.0476323834641,-0.134888913473,0.36522279703,0.919863275491
1492808540324629457,0,1492808540307199955,odom,robot_frame,3.07903274317,-8.91552130105,-0.323786698244,-0.0431848231439,-0.143042685277,0.363694716723,0.919456368876
1492808540424403170,0,1492808540423960924,odom,robot_frame,3.06517432767,-8.96821878368,-0.316404465291,-0.037727453783,-0.149885902973,0.364034855333,0.918471273053
1492808540524453496,0,1492808540505239487,odom,robot_frame,3.05167066441,-9.00138484183,-0.318975761224,-0.0352175266854,-0.150713251218,0.366202732177,0.917573321685
1492808540624425592,0,1492808540606773138,odom,robot_frame,3.03792488475,-9.03868741929,-0.322702990485,-0.034277125858,-0.147376739076,0.37064905603,0.916364803278
1492808540724430790,0,1492808540723569870,odom,robot_frame,3.02906438296,-9.02253564097,-0.315407231078,-0.0364542730426,-0.13989957802,0.37628042913,0.9151569443
1492808540824475731,0,1492808540804870844,odom,robot_frame,3.01706305531,-9.06510413691,-0.318402563896,-0.0393384864353,-0.134874522451,0.378904862158,0.914708943933
1492808540924393603,0,1492808540922611952,odom,robot_frame,2.98893120931,-9.13755459749,-0.317480018523,-0.0443861275633,-0.129986132639,0.380009586355,0.914727386318
1492808541024459637,0,1492808541023328781,odom,robot_frame,2.97713392167,-9.17934385081,-0.320638850196,-0.047607137122,-0.127081081095,0.379488585463,0.915189801531
1492808541124443888,0,1492808541104677200,odom,robot_frame,2.96534960773,-9.21148788722,-0.322719965001,-0.0492066871073,-0.126478412268,0.378644412781,0.915538268913
1492808541224448414,0,1492808541219667912,odom,robot_frame,2.93636702625,-9.30627539365,-0.319521632076,-0.0501319766813,-0.125959522921,0.378064828234,0.915799087766
1492808541324435817,0,1492808541323251963,odom,robot_frame,2.91817026438,-9.35819258211,-0.320768079789,-0.0491251286695,-0.126961212771,0.378306488502,0.915615515892
1492808541424533863,0,1492808541404504538,odom,robot_frame,2.89895947708,-9.42050876947,-0.318645030496,-0.047065604278,-0.130354768774,0.378733649214,0.915070099011
1492808541524457248,0,1492808541516442060,odom,robot_frame,2.87984323139,-9.47350952138,-0.320541242454,-0.0425136900131,-0.137813859641,0.379598928134,0.91384056597
1492808541624424590,0,1492808541623199463,odom,robot_frame,2.8563427325,-9.53527330056,-0.324833427114,-0.0386096056525,-0.14704100664,0.380563907901,0.912172874362
1492808541724442905,0,1492808541704415321,odom,robot_frame,2.84388836783,-9.57183137929,-0.32412148824,-0.0358020906701,-0.151995615703,0.381659295976,0.911016863129
1492808541824429259,0,1492808541813894033,odom,robot_frame,2.84252740302,-9.59517840468,-0.321561651309,-0.0336905573087,-0.154143865836,0.383101987916,0.910130475167
1492808541924435812,0,1492808541907487869,odom,robot_frame,2.82067167655,-9.65610588681,-0.32525649082,-0.0335418369032,-0.152479642692,0.38395922149,0.910055064254
1492808542024512909,0,1492808542024088144,odom,robot_frame,2.81690952204,-9.67924476382,-0.323482635913,-0.0352562950019,-0.147287214609,0.384788200748,0.910495200778
1492808542124430910,0,1492808542111526966,odom,robot_frame,2.81041294095,-9.7044936455,-0.320541243183,-0.0375812115712,-0.142918569897,0.385577503911,0.910764471965
1492808542224465274,0,1492808542206796646,odom,robot_frame,2.79162577921,-9.76127015376,-0.321766461778,-0.0400753363381,-0.137644034886,0.387234024481,0.910767751604
1492808542324444622,0,1492808542323443890,odom,robot_frame,2.7659474071,-9.8400824585,-0.316181822872,-0.0445929757551,-0.129407149577,0.390467092715,0.9103849217
1492808542424459012,0,1492808542408477068,odom,robot_frame,2.74249095803,-9.91030999137,-0.311357569549,-0.0484794962167,-0.123026948379,0.393004752838,0.909978775942
1492808542524452238,0,1492808542506229162,odom,robot_frame,2.75533057539,-9.89318301348,-0.315786630139,-0.0523725350573,-0.116000413211,0.395218423418,0.909727112654
1492808542624454145,0,1492808542623155355,odom,robot_frame,2.75086340134,-9.90429397522,-0.317155388543,-0.0549494229216,-0.111920678634,0.395972672098,0.909758190711
1492808542724639327,0,1492808542705132008,odom,robot_frame,2.76228277243,-9.87162682109,-0.321561650292,-0.0544502861912,-0.112378595535,0.395573156512,0.909905542046
1492808542824765697,0,1492808542806068897,odom,robot_frame,2.72503171882,-9.96565396964,-0.319905345551,-0.0511200414417,-0.116484098556,0.394789951997,0.909922573601
1492808542924440382,0,1492808542907593012,odom,robot_frame,2.70747342215,-10.0154454384,-0.322786889539,-0.0450610663371,-0.124930715664,0.393945444517,0.90948820956
1492808543024466212,0,1492808543004047155,odom,robot_frame,2.67641248239,-10.0848727793,-0.322645002919,-0.0375411133482,-0.136636508451,0.393320083552,0.908416447034
1492808543124500437,0,1492808543105660677,odom,robot_frame,2.65395807874,-10.1322986326,-0.322445645703,-0.0307502634678,-0.148736926661,0.392937775174,0.906935307938
1492808543224416811,0,1492808543207246065,odom,robot_frame,2.63262845103,-10.2137781876,-0.327568372077,-0.0267602167801,-0.157652215587,0.393274891869,0.905408487449
1492808543324436967,0,1492808543323924541,odom,robot_frame,2.6547707224,-10.1305931047,-0.32127092607,-0.0273030359708,-0.159440743648,0.39524344769,0.904221107114
1492808543424531255,0,1492808543405085802,odom,robot_frame,2.64812599654,-10.160140464,-0.322435904085,-0.0298968085136,-0.155698014788,0.39727740272,0.903899869632
1492808543524431441,0,1492808543522279024,odom,robot_frame,2.68229276804,-10.1299766141,-0.3154392028,-0.0376662095334,-0.144711228147,0.400639592797,0.903951234188
1492808543624424138,0,1492808543607959270,odom,robot_frame,2.66696976879,-10.1803243556,-0.315236151387,-0.0420221067349,-0.132820222107,0.403468745395,0.904326214722
1492808543724750459,0,1492808543704401970,odom,robot_frame,2.65410607602,-10.1857296222,-0.323474039324,-0.0483688751903,-0.122037227829,0.405727742615,0.904517753175
1492808543824603883,0,1492808543819871902,odom,robot_frame,2.64898543388,-10.195147962,-0.323601669425,-0.0545655819826,-0.115042011283,0.407080633276,0.90447404104
1492808543924433428,0,1492808543907393932,odom,robot_frame,2.62008462928,-10.2853761418,-0.316740308022,-0.0567945132765,-0.112165969114,0.407683099929,0.904426707184
1492808544024539872,0,1492808544003918886,odom,robot_frame,2.59815354286,-10.3532232385,-0.312089025321,-0.0568495663271,-0.113483553553,0.40749130863,0.904345311965
1492808544124444116,0,1492808544115950108,odom,robot_frame,2.60505692507,-10.3107116815,-0.317480017441,-0.0528556926492,-0.118463213493,0.406519167425,0.904386482274
1492808544224469376,0,1492808544207425356,odom,robot_frame,2.59026607277,-10.3534344254,-0.320029441513,-0.0479094158094,-0.126110707948,0.405078530712,0.904274383787
1492808544324479801,0,1492808544304006577,odom,robot_frame,2.56170377448,-10.4352692301,-0.318074121442,-0.0407562441521,-0.135467640743,0.40369023407,0.903892494598
