# Time	x	y	z	roll	pitch	yaw	vx	vy	vz	
-4.4310776	0.0000000	-0.0000000	-0.3174800	-0.1821221	-0.2353223	2.3514447	0.0000000	-0.0000000	0.0000000
-4.3312681	0.0000904	0.0000641	-0.3184724	-0.1828741	-0.2301364	2.3512201	0.0010134	-0.0037427	0.0054601
-4.2311009	0.0004305	0.0003441	-0.3211476	-0.1845305	-0.2239181	2.3512395	0.0027054	-0.0082729	0.0126221
-4.1311734	0.0010725	0.0007855	-0.3174761	-0.1872241	-0.2199326	2.3518816	0.0035084	-0.0118193	0.0210060
-4.0310948	0.0016156	0.0010466	-0.3203526	-0.1893645	-0.2205343	2.3527311	0.0022761	-0.0110142	0.0253760
-3.9311470	0.0023181	0.0009533	-0.3225187	-0.1924636	-0.2243323	2.3539636	-0.0006527	-0.0082661	0.0322896
-3.8311716	0.0030363	0.0000306	-0.3255421	-0.1964655	-0.2309397	2.3555732	-0.0047417	-0.0024545	0.0393515
-3.7312187	0.0033020	-0.0012267	-0.3181324	-0.1988715	-0.2349342	2.3568451	-0.0035875	0.0036422	0.0402667
-3.6312307	0.0029065	-0.0028449	-0.3205848	-0.2010395	-0.2363732	2.3585116	-0.0000623	0.0127805	0.0273609
-3.5312794	0.0012210	-0.0046419	-0.3195018	-0.2016997	-0.2308242	2.3605006	0.0050987	0.0235593	0.0069246
-3.4312817	-0.0006158	-0.0061461	-0.3053068	-0.2005921	-0.2239219	2.3615204	0.0071301	0.0296485	-0.0031552
-3.3312668	-0.0033952	-0.0073911	-0.3145657	-0.1971250	-0.2155060	2.3618150	0.0018225	0.0363134	-0.0277174
-3.2312259	-0.0060227	-0.0096135	-0.3113576	-0.1918717	-0.2097886	2.3606002	-0.0088889	0.0383752	-0.0394306
-3.1312090	-0.0075520	-0.0115762	-0.3193718	-0.1838465	-0.2089400	2.3579113	-0.0212639	0.0358684	-0.0454160
-3.0312310	-0.0081549	-0.0147358	-0.3185016	-0.1760634	-0.2144387	2.3539514	-0.0302297	0.0280811	-0.0356671
-2.9312305	-0.0077490	-0.0175796	-0.3266637	-0.1700168	-0.2214245	2.3500610	-0.0330078	0.0182267	-0.0256083
-2.8312579	-0.0065759	-0.0207348	-0.3232010	-0.1674603	-0.2309169	2.3471500	-0.0265720	0.0072801	-0.0057706
-2.7312640	-0.0055001	-0.0220635	-0.3259283	-0.1687705	-0.2356734	2.3465708	-0.0198690	0.0001354	0.0016108
-2.6312271	-0.0040526	-0.0228838	-0.3297257	-0.1732101	-0.2381435	2.3474355	-0.0122864	-0.0076184	0.0075286
-2.5312748	-0.0024898	-0.0234901	-0.3251458	-0.1805435	-0.2344748	2.3501528	-0.0069742	-0.0105864	0.0128529
-2.4312538	-0.0014555	-0.0239308	-0.3176746	-0.1851053	-0.2288608	2.3527717	-0.0048818	-0.0123255	0.0166524
-2.3312494	-0.0001000	-0.0234138	-0.3235846	-0.1897215	-0.2205569	2.3562001	-0.0057722	-0.0139548	0.0120692
-2.2312502	0.0019179	-0.0239354	-0.3144787	-0.1936494	-0.2114640	2.3592701	-0.0097592	-0.0155428	0.0224121
-2.1312177	0.0033897	-0.0239657	-0.3185293	-0.1953051	-0.2067370	2.3598478	-0.0154959	-0.0134457	0.0211516
-2.0312522	0.0054498	-0.0248578	-0.3204647	-0.1963569	-0.2035636	2.3590694	-0.0224153	-0.0093480	0.0231311
-1.9310879	0.0079824	-0.0272070	-0.3174117	-0.1967915	-0.2049844	2.3572507	-0.0256466	-0.0037349	0.0297588
-1.8312719	0.0093964	-0.0289523	-0.3172686	-0.1972886	-0.2082817	2.3566269	-0.0226462	-0.0001316	0.0288025
-1.7312561	0.0105397	-0.0308725	-0.3204375	-0.1985799	-0.2145758	2.3568550	-0.0186813	0.0056463	0.0210657
-1.6312840	0.0112806	-0.0333532	-0.3172518	-0.2005433	-0.2216809	2.3580603	-0.0180676	0.0112653	0.0108666
-1.5312824	0.0118102	-0.0364633	-0.3113822	-0.2017420	-0.2288850	2.3593610	-0.0205095	0.0158622	-0.0058861
-1.4312796	0.0120951	-0.0382697	-0.3116270	-0.2001909	-0.2319138	2.3593027	-0.0233929	0.0165226	-0.0252368
-1.3312317	0.0126366	-0.0401637	-0.3132084	-0.1946625	-0.2324625	2.3575556	-0.0274688	0.0148211	-0.0483561
-1.2312471	0.0137861	-0.0417413	-0.3167395	-0.1840603	-0.2277816	2.3535085	-0.0311644	0.0094918	-0.0672945
-1.1312282	0.0150113	-0.0427141	-0.3182827	-0.1767075	-0.2223204	2.3502292	-0.0330005	0.0018807	-0.0672228
-1.0312422	0.0172945	-0.0436679	-0.3198318	-0.1696434	-0.2151493	2.3464677	-0.0326409	-0.0091696	-0.0541752
-0.9310525	0.0208334	-0.0429173	-0.3299861	-0.1664727	-0.2093562	2.3442826	-0.0268934	-0.0209442	-0.0341471
-0.8312735	0.0233948	-0.0424770	-0.3308919	-0.1681587	-0.2077451	2.3451186	-0.0155775	-0.0278971	-0.0092384
-0.7312650	0.0263569	-0.0407831	-0.3330701	-0.1739556	-0.2094026	2.3485426	-0.0037021	-0.0331086	0.0204621
-0.6312873	0.0290709	-0.0391557	-0.3307453	-0.1817000	-0.2148629	2.3534683	0.0032084	-0.0337258	0.0471802
-0.5312635	0.0310059	-0.0379970	-0.3287783	-0.1910115	-0.2220859	2.3577468	0.0032975	-0.0285345	0.0516991
-0.4312261	0.0327239	-0.0375346	-0.3256665	-0.1978835	-0.2283587	2.3609476	-0.0009622	-0.0178611	0.0405316
-0.3312799	0.0340559	-0.0382564	-0.3164596	-0.2010529	-0.2306046	2.3625572	-0.0068048	-0.0056102	0.0225687
-0.2312648	0.0349724	-0.0391271	-0.3154882	-0.1998525	-0.2294342	2.3627198	-0.0154058	0.0008980	-0.0015389
-0.1312804	0.0363600	-0.0403460	-0.3197531	-0.1948502	-0.2272242	2.3612281	-0.0299771	0.0031322	-0.0256588
-0.0312161	0.0387537	-0.0423406	-0.3184996	-0.1880512	-0.2251117	2.3578632	-0.0433206	0.0006486	-0.0376400
0.0686838	0.0422681	-0.0451330	-0.3151160	-0.1814763	-0.2217961	2.3529674	-0.0411372	-0.0067208	-0.0332571
0.1687601	0.0452504	-0.0459729	-0.3202342	-0.1802439	-0.2162712	2.3509562	-0.0398993	-0.0153920	-0.0280047
0.2687324	0.0489010	-0.0474283	-0.3205784	-0.1822162	-0.2063664	2.3445656	-0.0396091	-0.0192002	-0.0101652
0.3687363	0.0520914	-0.0497176	-0.3188478	-0.1875757	-0.1972315	2.3379505	-0.0229898	0.0052087	-0.0038231
0.4687398	0.0528626	-0.0505525	-0.3268433	-0.1916576	-0.1897726	2.3344130	-0.0291430	0.0127863	-0.0203232
0.5687255	0.0552857	-0.0549599	-0.3217661	-0.1955169	-0.1842411	2.3300675	-0.0453955	0.0152413	-0.0267118
0.6687770	0.0592093	-0.0602956	-0.3198030	-0.1947310	-0.1897588	2.3233071	-0.0528489	0.0093953	-0.0431127
0.7687434	0.0628576	-0.0638438	-0.3182285	-0.1906101	-0.2010792	2.3168534	-0.0571778	-0.0028248	-0.0434378
0.8687235	0.0681350	-0.0668117	-0.3187863	-0.1836189	-0.2216298	2.3065812	-0.0615355	-0.0246890	-0.0301799
0.9688653	0.0749009	-0.0688201	-0.3152446	-0.1765820	-0.2464713	2.2927558	-0.0460257	-0.0432321	-0.0082109
1.0687268	0.0818634	-0.0682140	-0.3236017	-0.1739595	-0.2544869	2.2822476	-0.0295459	-0.0499639	0.0022217
1.1687473	0.0866467	-0.0670310	-0.3245096	-0.1750431	-0.2536441	2.2744272	-0.0124202	-0.0507344	0.0057773
1.2688003	0.0901946	-0.0642904	-0.3199833	-0.1783880	-0.2403488	2.2666640	0.0062124	-0.0502251	0.0056581
1.3687969	0.0937024	-0.0601511	-0.3174800	-0.1859747	-0.2230416	2.2586764	0.0171333	-0.0509478	0.0035490
1.4688776	0.0959136	-0.0566499	-0.3142577	-0.1911460	-0.1987984	2.2532714	0.0211722	-0.0446852	-0.0011235
1.5687652	0.0972491	-0.0516286	-0.3197311	-0.1974858	-0.1808187	2.2465488	0.0179303	-0.0343658	-0.0188526
1.6686843	0.0989419	-0.0469810	-0.3259301	-0.2016236	-0.1701586	2.2376926	0.0001669	-0.0292752	-0.0413579
1.7687708	0.1087283	-0.0516129	-0.3058019	-0.2010654	-0.1712306	2.2304323	-0.0208375	-0.0293198	-0.0409840
1.8687255	0.1114405	-0.0493668	-0.3169536	-0.1964503	-0.1857354	2.2188818	-0.0415923	-0.0292991	-0.0625699
1.9687491	0.1198091	-0.0510915	-0.3172027	-0.1871420	-0.2121862	2.2011613	-0.0534306	-0.0408250	-0.0644676
2.0687703	0.1250775	-0.0513197	-0.3174652	-0.1804475	-0.2308042	2.1881204	-0.0435088	-0.0512940	-0.0571535
2.1687352	0.1317503	-0.0488004	-0.3246373	-0.1740876	-0.2486040	2.1730160	-0.0116179	-0.0606016	-0.0512643
2.2687580	0.1373340	-0.0424245	-0.3259136	-0.1720315	-0.2564098	2.1595856	0.0263530	-0.0742126	-0.0382831
2.3687363	0.1390187	-0.0355665	-0.3205011	-0.1747321	-0.2513542	2.1530689	0.0465572	-0.0846209	-0.0230161
2.4687491	0.1460621	-0.0267838	-0.3272396	-0.1813621	-0.2354768	2.1459855	0.0607119	-0.0892905	-0.0177452
2.5687631	0.1511142	-0.0151291	-0.3221816	-0.1904325	-0.2109307	2.1351452	0.0590359	-0.0966909	-0.0060865
2.6687780	0.1557475	-0.0075549	-0.3190787	-0.1944876	-0.1964093	2.1254236	0.0465135	-0.0988320	-0.0106851
2.7688356	0.1622511	0.0013289	-0.3193570	-0.1956739	-0.1855150	2.1116155	0.0318369	-0.0992039	-0.0273463
2.8689603	0.1700619	0.0114046	-0.3239963	-0.1919662	-0.1829597	2.0952339	0.0225929	-0.0993638	-0.0462903
2.9689449	0.1781998	0.0157158	-0.3189644	-0.1880552	-0.1855678	2.0854097	0.0268335	-0.1026210	-0.0427467
3.0687375	0.1858910	0.0250456	-0.3223191	-0.1835254	-0.1920616	2.0749750	0.0376192	-0.1082793	-0.0407191
3.1687473	0.1954958	0.0356731	-0.3216086	-0.1799906	-0.2020496	2.0631368	0.0474648	-0.1153570	-0.0318666
3.2688156	0.2023086	0.0446113	-0.3254843	-0.1794485	-0.2090033	2.0541706	0.0435480	-0.1184275	-0.0228797
3.3686950	0.2128929	0.0547080	-0.3215617	-0.1794924	-0.2181822	2.0394618	0.0329903	-0.1209391	-0.0035790
3.4689467	0.2209981	0.0610347	-0.3202751	-0.1865033	-0.2274313	2.0293645	0.0253358	-0.1198962	0.0033089
3.5687406	0.2327871	0.0685877	-0.3202652	-0.1948867	-0.2334515	2.0164890	0.0204460	-0.1158467	-0.0030307
3.6689252	0.2421882	0.0744298	-0.3215617	-0.1995622	-0.2343408	2.0083426	0.0207555	-0.1085986	-0.0233346
3.7689418	0.2496081	0.0814630	-0.3165902	-0.2018012	-0.2298214	2.0019510	0.0207085	-0.1009853	-0.0389038
3.8688586	0.2598765	0.0903672	-0.3128208	-0.1972529	-0.2292046	1.9910952	0.0124599	-0.0984300	-0.0568341
3.9687107	0.2689592	0.0961449	-0.3144196	-0.1905095	-0.2321456	1.9797249	-0.0031505	-0.1037868	-0.0669284
4.0687580	0.2785611	0.1005764	-0.3181416	-0.1828377	-0.2403549	1.9664979	-0.0134233	-0.1162643	-0.0644164
4.1687716	0.2934866	0.1061877	-0.3235044	-0.1761658	-0.2448046	1.9480954	-0.0099075	-0.1359605	-0.0540799
4.2687580	0.3063696	0.1113258	-0.3266637	-0.1754994	-0.2422272	1.9360899	0.0014199	-0.1470587	-0.0474292
4.3688123	0.3172882	0.1176761	-0.3227053	-0.1763339	-0.2310218	1.9263790	0.0165691	-0.1535690	-0.0381768
4.4688763	0.3360079	0.1274542	-0.3323452	-0.1811688	-0.2098056	1.9155188	0.0306664	-0.1587225	-0.0444013
4.5687803	0.3485676	0.1331977	-0.3215617	-0.1863986	-0.1960336	1.9074768	0.0350816	-0.1672328	-0.0356573
4.6687432	0.3632156	0.1414087	-0.3204333	-0.1909510	-0.1832728	1.8991443	0.0354385	-0.1751591	-0.0350105
4.7688558	0.3832447	0.1502754	-0.3160574	-0.1967373	-0.1828529	1.8900418	0.0360963	-0.1794002	-0.0371727
4.8687549	0.3962135	0.1595062	-0.3184996	-0.1984365	-0.1889583	1.8856973	0.0369053	-0.1767592	-0.0456540
4.9689288	0.4108780	0.1689524	-0.3207350	-0.1990932	-0.2005160	1.8824502	0.0355620	-0.1705371	-0.0511505
5.0688289	0.4295706	0.1782014	-0.3199490	-0.1961944	-0.2162266	1.8774861	0.0225358	-0.1660511	-0.0439322
5.1687293	0.4450822	0.1853353	-0.3267137	-0.1934104	-0.2314461	1.8694833	0.0014305	-0.1665312	-0.0353009
5.2690913	0.4575913	0.1897001	-0.3203775	-0.1921594	-0.2428245	1.8605692	-0.0147886	-0.1673097	-0.0215909
5.3687672	0.4778505	0.1915143	-0.3222730	-0.1924543	-0.2567742	1.8454830	-0.0334443	-0.1651274	-0.0189034
5.4688906	0.4925337	0.1953512	-0.3153875	-0.1934548	-0.2615834	1.8337543	-0.0375292	-0.1627999	-0.0200419
5.5687480	0.5082368	0.1927889	-0.3208753	-0.1932358	-0.2606289	1.8257527	-0.0385598	-0.1590764	-0.0354226
5.6687529	0.5222095	0.1982257	-0.3155375	-0.1905999	-0.2537848	1.8180366	-0.0333773	-0.1555517	-0.0475804
5.7687457	0.5386217	0.2047675	-0.3101046	-0.1848947	-0.2423398	1.8116301	-0.0232637	-0.1599852	-0.0612467
5.8687588	0.5527758	0.2071059	-0.3136266	-0.1806839	-0.2336164	1.8080868	-0.0174285	-0.1717114	-0.0721834
5.9689065	0.5748944	0.2115623	-0.3174800	-0.1777729	-0.2250866	1.8024804	-0.0152223	-0.1936024	-0.0739233
6.0687401	0.5957298	0.2157746	-0.3212001	-0.1756251	-0.2201441	1.7963323	-0.0141745	-0.2136004	-0.0595566
6.1687616	0.6133871	0.2180559	-0.3196743	-0.1780071	-0.2176865	1.7909780	-0.0130640	-0.2274527	-0.0386140
6.2687145	0.6416447	0.2265946	-0.3297257	-0.1838083	-0.2150195	1.7827314	-0.0146727	-0.2369028	-0.0230469
6.3687475	0.6620089	0.2282998	-0.3263447	-0.1895539	-0.2100233	1.7770829	-0.0209836	-0.2358791	-0.0131923
6.4689132	0.6890930	0.2299833	-0.3243245	-0.1943612	-0.2110842	1.7693511	-0.0389086	-0.2285686	-0.0124301
6.5687424	0.7103312	0.2295953	-0.3236017	-0.1938787	-0.2168823	1.7640150	-0.0559552	-0.2202781	-0.0149245
6.6688236	0.7304700	0.2274625	-0.3214071	-0.1936935	-0.2288063	1.7595071	-0.0652805	-0.2137008	-0.0166351
6.7687537	0.7560368	0.2242964	-0.3213273	-0.1904880	-0.2414252	1.7540001	-0.0630432	-0.2070667	-0.0214771
6.8687511	0.7748055	0.2229318	-0.3174800	-0.1889004	-0.2431969	1.7501132	-0.0525516	-0.2033289	-0.0232191
6.9687539	0.7942555	0.2214856	-0.3185331	-0.1879930	-0.2377025	1.7464265	-0.0422686	-0.1994354	-0.0296334
7.0687442	0.8174053	0.2221152	-0.3134570	-0.1892916	-0.2222389	1.7411079	-0.0346512	-0.2012184	-0.0319928
7.1687478	0.8359904	0.2218888	-0.3093176	-0.1918453	-0.2129296	1.7366272	-0.0374607	-0.2087363	-0.0321204
7.2687473	0.8563905	0.2221007	-0.3115030	-0.1932124	-0.2053114	1.7318298	-0.0449481	-0.2152987	-0.0409772
7.3687240	0.8809920	0.2236611	-0.3197405	-0.1932101	-0.2071560	1.7263221	-0.0554166	-0.2196443	-0.0547775
7.4687117	0.9025049	0.2188872	-0.3154392	-0.1908791	-0.2121587	1.7233644	-0.0632488	-0.2185271	-0.0552252
7.5687526	0.9248414	0.2159726	-0.3182330	-0.1875177	-0.2220851	1.7208856	-0.0748475	-0.2139141	-0.0594221
7.6687593	0.9515289	0.2100448	-0.3197703	-0.1830645	-0.2367695	1.7183189	-0.0951447	-0.2140149	-0.0543217
7.7687012	0.9751307	0.2033500	-0.3221413	-0.1808330	-0.2499765	1.7155522	-0.1146353	-0.2219450	-0.0430954
7.8687286	0.9949771	0.1966730	-0.3241829	-0.1806948	-0.2574170	1.7126883	-0.1256055	-0.2325812	-0.0319837
7.9687252	1.0197143	0.1880269	-0.3241827	-0.1822222	-0.2587987	1.7082053	-0.1306373	-0.2417455	-0.0171904
8.0686966	1.0503158	0.1756669	-0.3255720	-0.1850552	-0.2457543	1.7023218	-0.1287563	-0.2422421	-0.0079010
8.1689226	1.0705759	0.1679312	-0.3244949	-0.1868014	-0.2304640	1.6984964	-0.1248412	-0.2378398	-0.0097308
8.2687468	1.0955183	0.1586022	-0.3201982	-0.1881959	-0.2087556	1.6937756	-0.1190499	-0.2331898	-0.0117384
8.3687355	1.1251094	0.1457412	-0.3142235	-0.1885274	-0.1868368	1.6883359	-0.1127701	-0.2304549	-0.0138103
8.4687468	1.1402901	0.1467076	-0.3216202	-0.1880167	-0.1792536	1.6851493	-0.1087336	-0.2287632	-0.0265937
8.5687053	1.1737744	0.1245074	-0.3133976	-0.1868465	-0.1771012	1.6813342	-0.1033359	-0.2317887	-0.0302345
8.6687132	1.1962859	0.1236812	-0.3187899	-0.1865467	-0.1845105	1.6789221	-0.1034564	-0.2365402	-0.0373622
8.7687680	1.2181035	0.1121543	-0.3156801	-0.1872048	-0.1957750	1.6774611	-0.1103996	-0.2419718	-0.0312468
8.8687475	1.2472553	0.1034232	-0.3184996	-0.1864796	-0.2140543	1.6759941	-0.1224974	-0.2464267	-0.0263220
8.9687386	1.2702703	0.0948809	-0.3237267	-0.1914410	-0.2341227	1.6754604	-0.1350410	-0.2438446	-0.0251665
9.0687260	1.2995155	0.0818659	-0.3233068	-0.1927889	-0.2584184	1.6750496	-0.1507942	-0.2370930	-0.0222290
9.1687260	1.3210722	0.0732664	-0.3215617	-0.1901806	-0.2718260	1.6750218	-0.1596698	-0.2303341	-0.0232674
9.2687299	1.3379677	0.0747743	-0.3158314	-0.1894328	-0.2838038	1.6749015	-0.1626434	-0.2268173	-0.0229253
9.3687063	1.3681603	0.0547914	-0.3215790	-0.1855796	-0.2892661	1.6739932	-0.1694363	-0.2290287	-0.0326073
9.4687380	1.3773177	0.0713411	-0.3093176	-0.1844218	-0.2846884	1.6723234	-0.1676051	-0.2352759	-0.0292611
9.5688699	1.4029430	0.0542830	-0.3150793	-0.1822255	-0.2717834	1.6696938	-0.1690776	-0.2442312	-0.0360233
9.6687386	1.4310896	0.0443166	-0.3143187	-0.1829707	-0.2477203	1.6656075	-0.1611430	-0.2559447	-0.0378288
9.7686989	1.4563228	0.0310412	-0.3205412	-0.1863236	-0.2276533	1.6625540	-0.1544543	-0.2586603	-0.0448938
9.8687660	1.4826101	0.0169226	-0.3189978	-0.1866373	-0.2008663	1.6597304	-0.1463795	-0.2595596	-0.0431334
9.9688653	1.5118020	0.0014896	-0.3182748	-0.1884431	-0.1802192	1.6569875	-0.1444938	-0.2592258	-0.0373372
10.0687670	1.5383982	-0.0090308	-0.3205412	-0.1895366	-0.1699844	1.6541334	-0.1502443	-0.2576743	-0.0303531
10.1687365	1.5631902	-0.0179091	-0.3225964	-0.1891455	-0.1730801	1.6517038	-0.1608705	-0.2558048	-0.0202317
10.2689464	1.5935226	-0.0327068	-0.3231776	-0.1874890	-0.1915282	1.6489801	-0.1702198	-0.2558212	-0.0074438
10.3689656	1.6159899	-0.0483472	-0.3205412	-0.1856945	-0.2091282	1.6476741	-0.1712631	-0.2552716	0.0019769
10.4689380	1.6422804	-0.0639343	-0.3190379	-0.1847089	-0.2332013	1.6471003	-0.1655553	-0.2546834	0.0117074
10.5687375	1.6689539	-0.0795531	-0.3171974	-0.1851060	-0.2525023	1.6478284	-0.1605005	-0.2557798	0.0204267
10.6687388	1.7003190	-0.0990670	-0.3158558	-0.1881334	-0.2647389	1.6498758	-0.1631448	-0.2547870	0.0251748
10.7688251	1.7212074	-0.1119953	-0.3137454	-0.1910154	-0.2661027	1.6509719	-0.1735310	-0.2523932	0.0229441
10.8687974	1.7471527	-0.1288391	-0.3116165	-0.1941970	-0.2610533	1.6511450	-0.1926456	-0.2491740	0.0148102
10.9687194	1.7785107	-0.1598077	-0.3177359	-0.1958004	-0.2473113	1.6492366	-0.2134691	-0.2428726	-0.0060310
11.0687526	1.7999668	-0.1687625	-0.3119360	-0.1951924	-0.2346011	1.6472961	-0.2159112	-0.2388832	-0.0164418
11.1687424	1.8298085	-0.1916904	-0.3154392	-0.1958362	-0.2167425	1.6444788	-0.2145629	-0.2320157	-0.0412354
11.2689111	1.8574914	-0.2143282	-0.3146911	-0.1886407	-0.1977217	1.6426214	-0.2040711	-0.2315131	-0.0526940
11.3687828	1.8803224	-0.2330642	-0.3150028	-0.1855961	-0.1909130	1.6417568	-0.1938346	-0.2379836	-0.0552633
11.4686927	1.9106735	-0.2529847	-0.3195216	-0.1812738	-0.1919759	1.6414396	-0.1822104	-0.2511367	-0.0532117
11.5687514	1.9389721	-0.2793501	-0.3171428	-0.1794625	-0.2067632	1.6408925	-0.1766040	-0.2650194	-0.0323026
11.6687629	1.9621259	-0.2897646	-0.3198227	-0.1790926	-0.2175226	1.6400516	-0.1736468	-0.2728981	-0.0151540
11.7687096	1.9951658	-0.3061847	-0.3215617	-0.1793776	-0.2279938	1.6390982	-0.1713000	-0.2783682	0.0082272
11.8687752	2.0242353	-0.3216609	-0.3262817	-0.1830504	-0.2328283	1.6389842	-0.1737200	-0.2774416	0.0147051
11.9687508	2.0529126	-0.3391748	-0.3279297	-0.1862987	-0.2343445	1.6392832	-0.1827360	-0.2710478	0.0143954
12.0688881	2.0821040	-0.3578566	-0.3236017	-0.1886528	-0.2349411	1.6395152	-0.1973312	-0.2632495	0.0135146
12.1687173	2.1069699	-0.3744045	-0.3193895	-0.1898205	-0.2352868	1.6395092	-0.2097763	-0.2568391	0.0072929
12.2687611	2.1378604	-0.3989480	-0.3221063	-0.1903923	-0.2340890	1.6398699	-0.2161529	-0.2498520	-0.0090841
12.3687511	2.1603301	-0.4129886	-0.3164596	-0.1909521	-0.2306139	1.6411121	-0.2108354	-0.2479842	-0.0160875
12.4687163	2.1858511	-0.4307591	-0.3160198	-0.1910709	-0.2235533	1.6437034	-0.2025963	-0.2464770	-0.0286517
12.5687542	2.2175761	-0.4519868	-0.3155538	-0.1906357	-0.2131353	1.6469663	-0.1988162	-0.2487371	-0.0417339
12.6687711	2.2415259	-0.4687095	-0.3144196	-0.1893981	-0.2085616	1.6479424	-0.2007391	-0.2537325	-0.0450516
12.7687263	2.2698405	-0.4911503	-0.3132258	-0.1867776	-0.2066588	1.6473868	-0.2025849	-0.2582819	-0.0424876
12.8688732	2.3009700	-0.5055298	-0.3241496	-0.1829317	-0.2108293	1.6448170	-0.2091370	-0.2603727	-0.0426537
12.9687368	2.3234888	-0.5222862	-0.3256656	-0.1801603	-0.2159273	1.6423492	-0.2153456	-0.2602252	-0.0365297
13.0687027	2.3517807	-0.5420464	-0.3296853	-0.1767519	-0.2245696	1.6393026	-0.2215605	-0.2596126	-0.0325183
13.1686958	2.3822215	-0.5665302	-0.3310249	-0.1737036	-0.2346972	1.6367522	-0.2233304	-0.2610577	-0.0267464
13.2687759	2.3976693	-0.5818417	-0.3257191	-0.1731639	-0.2382971	1.6363880	-0.2179341	-0.2618266	-0.0176547
13.3687706	2.4259030	-0.6018844	-0.3281913	-0.1748893	-0.2377075	1.6378522	-0.2043432	-0.2621688	-0.0121333
13.4688963	2.4549086	-0.6211731	-0.3258167	-0.1805528	-0.2296348	1.6421660	-0.1861986	-0.2620708	0.0004667
13.5687168	2.4775215	-0.6358375	-0.3265974	-0.1858179	-0.2214760	1.6456645	-0.1817485	-0.2609138	0.0084148
13.6687980	2.5050541	-0.6540345	-0.3216661	-0.1928793	-0.2111695	1.6492235	-0.1857249	-0.2603006	0.0213845
13.7689690	2.5350995	-0.6747123	-0.3194845	-0.2001856	-0.2025211	1.6513401	-0.1991652	-0.2572028	0.0263922
13.8687386	2.5560304	-0.6903016	-0.3172338	-0.2032864	-0.2014113	1.6515977	-0.2131484	-0.2540655	0.0229454
13.9688195	2.5827496	-0.7117539	-0.3148739	-0.2043085	-0.2057812	1.6512762	-0.2281364	-0.2491317	0.0102820
14.0687416	2.6110567	-0.7356569	-0.3154392	-0.2006002	-0.2152200	1.6512949	-0.2364344	-0.2422048	-0.0107980
14.1687196	2.6411105	-0.7591277	-0.3144065	-0.1950404	-0.2298159	1.6517075	-0.2343455	-0.2366326	-0.0294464
14.2688750	2.6615198	-0.7760780	-0.3192753	-0.1892872	-0.2368337	1.6521797	-0.2259304	-0.2335465	-0.0426880
14.3687619	2.6878089	-0.7916262	-0.3184996	-0.1824238	-0.2421136	1.6528827	-0.2103356	-0.2333866	-0.0476336
14.4689352	2.7091758	-0.8016898	-0.3159812	-0.1777395	-0.2410711	1.6524235	-0.2032083	-0.2421367	-0.0396475
14.5687675	2.7276757	-0.8134447	-0.3159170	-0.1769570	-0.2372326	1.6512271	-0.2063533	-0.2538716	-0.0303590
14.6687700	2.7559774	-0.8327179	-0.3174800	-0.1783584	-0.2295624	1.6483560	-0.2153319	-0.2659869	-0.0218127
14.7687813	2.7916784	-0.8551807	-0.3266618	-0.1793894	-0.2209078	1.6451103	-0.2282202	-0.2688102	-0.0251163
14.8687375	2.8141756	-0.8724792	-0.3266778	-0.1803516	-0.2183992	1.6438042	-0.2325241	-0.2718428	-0.0206509
14.9688850	2.8421911	-0.8991348	-0.3215617	-0.1811035	-0.2200659	1.6446229	-0.2324039	-0.2756313	-0.0081570
15.0687270	2.8699556	-0.9168318	-0.3256736	-0.1825748	-0.2255387	1.6485116	-0.2245782	-0.2766793	0.0010907
15.1687137	2.8996392	-0.9372769	-0.3260729	-0.1849013	-0.2305417	1.6549225	-0.2109849	-0.2777424	0.0159649
15.2687322	2.9285293	-0.9566773	-0.3215617	-0.1883582	-0.2298267	1.6617290	-0.1974374	-0.2779261	0.0301028
15.3687270	2.9561884	-0.9770967	-0.3237016	-0.1921866	-0.2218129	1.6665776	-0.1964032	-0.2715304	0.0304086
15.4687491	2.9839339	-0.9952604	-0.3178254	-0.1957696	-0.2073213	1.6672191	-0.2087643	-0.2635189	0.0292794
15.5687631	3.0091232	-1.0140198	-0.3174448	-0.1983190	-0.1944320	1.6638276	-0.2282465	-0.2554324	0.0212670
15.6687232	3.0379816	-1.0400585	-0.3140387	-0.1988687	-0.1909792	1.6580606	-0.2508388	-0.2465110	0.0109606
15.7688758	3.0631775	-1.0609557	-0.3182142	-0.1960532	-0.2023700	1.6515739	-0.2700429	-0.2389409	-0.0118589
15.8687578	3.0876786	-1.0878586	-0.3165921	-0.1922516	-0.2176998	1.6489501	-0.2764901	-0.2379782	-0.0238655
15.9687212	3.1142629	-1.1137058	-0.3202584	-0.1866678	-0.2384616	1.6481882	-0.2772228	-0.2382565	-0.0399415
16.0688284	3.1396650	-1.1380954	-0.3201447	-0.1808404	-0.2601327	1.6503364	-0.2695255	-0.2414872	-0.0453979
16.1687127	3.1570904	-1.1498282	-0.3219923	-0.1787452	-0.2671589	1.6529200	-0.2571303	-0.2465798	-0.0444880
16.2688284	3.1715978	-1.1432252	-0.3193110	-0.1784789	-0.2649989	1.6559364	-0.2448524	-0.2555109	-0.0331598
16.3687744	3.2004748	-1.1599782	-0.3216519	-0.1801385	-0.2519869	1.6574385	-0.2413496	-0.2670922	-0.0215067
16.4687549	3.2237758	-1.1773860	-0.3238279	-0.1813482	-0.2408798	1.6566622	-0.2454021	-0.2749633	-0.0132447
16.5687434	3.2538596	-1.2009061	-0.3261047	-0.1824592	-0.2266523	1.6538507	-0.2496258	-0.2766696	-0.0018646
16.6687639	3.2856385	-1.2277633	-0.3225821	-0.1842521	-0.2160022	1.6502460	-0.2502197	-0.2714120	0.0164955
16.7687483	3.3097835	-1.2534757	-0.3171898	-0.1844624	-0.2085144	1.6480552	-0.2484702	-0.2655872	0.0309830
16.8687764	3.3351206	-1.2614060	-0.3235491	-0.1860758	-0.2060331	1.6467991	-0.2465229	-0.2575102	0.0338084
16.9689160	3.3646980	-1.2927959	-0.3174800	-0.1876583	-0.2085136	1.6464760	-0.2521644	-0.2522888	0.0427607
17.0688870	3.3880155	-1.3162753	-0.3139553	-0.1899426	-0.2142638	1.6458378	-0.2667427	-0.2511528	0.0442728
17.1687350	3.4108559	-1.3340267	-0.3208708	-0.1912341	-0.2227960	1.6433362	-0.2901018	-0.2498216	0.0324741
17.2687521	3.4403782	-1.3669089	-0.3154392	-0.1907240	-0.2320973	1.6375845	-0.3139947	-0.2506798	0.0241172
17.3687980	3.4705449	-1.3975623	-0.3121442	-0.1889146	-0.2419211	1.6288152	-0.3203299	-0.2492938	0.0055883
17.4690094	3.4923329	-1.4241228	-0.3171418	-0.1862351	-0.2461420	1.6227724	-0.3098858	-0.2457549	-0.0134572
17.5687268	3.5166365	-1.4425538	-0.3154392	-0.1826219	-0.2481589	1.6172589	-0.2861015	-0.2423536	-0.0296587
17.6687613	3.5430570	-1.4645311	-0.3177769	-0.1796612	-0.2476515	1.6155422	-0.2605511	-0.2461477	-0.0389224
17.7688538	3.5650530	-1.4851434	-0.3232160	-0.1789704	-0.2465135	1.6163767	-0.2535970	-0.2518150	-0.0406839
17.8687854	3.5869894	-1.5015400	-0.3225821	-0.1795310	-0.2450763	1.6176504	-0.2547048	-0.2600930	-0.0319332
17.9687363	3.6129907	-1.5242779	-0.3246498	-0.1808497	-0.2441748	1.6165248	-0.2731812	-0.2659909	-0.0193470
18.0688860	3.6400301	-1.5509820	-0.3281985	-0.1821903	-0.2440503	1.6114593	-0.2977610	-0.2700613	-0.0051061
18.1687724	3.6666699	-1.5788975	-0.3277287	-0.1829319	-0.2436991	1.6028834	-0.3186359	-0.2685537	0.0110895
18.2687498	3.6914321	-1.6057817	-0.3217592	-0.1827732	-0.2423162	1.5926047	-0.3249216	-0.2648725	0.0267384
18.3688046	3.7164134	-1.6369007	-0.3216607	-0.1816689	-0.2400352	1.5830604	-0.3190317	-0.2618828	0.0307351
18.4689137	3.7408005	-1.6673200	-0.3164280	-0.1801353	-0.2371645	1.5757296	-0.3045543	-0.2616690	0.0329737
18.5687491	3.7663629	-1.6984204	-0.3153177	-0.1790335	-0.2330346	1.5709646	-0.2901561	-0.2638290	0.0257374
18.6687432	3.7957659	-1.7334425	-0.3133975	-0.1792729	-0.2249665	1.5672582	-0.2800543	-0.2690884	0.0164481
18.7689108	3.8177064	-1.7546186	-0.3154808	-0.1805573	-0.2176996	1.5647104	-0.2810242	-0.2722772	0.0078339
18.8688660	3.8446234	-1.7963728	-0.3094614	-0.1833676	-0.2070919	1.5604050	-0.2879712	-0.2752497	0.0064856
18.9687299	3.8744204	-1.8232480	-0.3134154	-0.1880233	-0.1948650	1.5525092	-0.2951903	-0.2762189	0.0020515
19.0687649	3.8836598	-1.8042614	-0.3257318	-0.1914107	-0.1887795	1.5456930	-0.2961737	-0.2738779	-0.0044774
19.1687255	3.9220934	-1.8707814	-0.3173338	-0.1950452	-0.1864718	1.5359417	-0.3061190	-0.2714915	0.0109561
19.2687555	3.9461082	-1.8972304	-0.3194635	-0.1971461	-0.1933124	1.5238384	-0.3169727	-0.2647426	0.0194091
19.3687585	3.9641662	-1.9226038	-0.3194285	-0.1965030	-0.2025675	1.5164763	-0.3216070	-0.2588770	0.0232215
19.4687378	3.9814561	-1.9482178	-0.3236288	-0.1932941	-0.2169075	1.5087517	-0.3190902	-0.2496994	0.0192792
19.5687503	4.0064532	-1.9859417	-0.3215617	-0.1876869	-0.2300215	1.5026785	-0.3097855	-0.2420373	0.0144927
19.6687718	4.0250787	-2.0117957	-0.3197912	-0.1832677	-0.2383923	1.4983344	-0.2988340	-0.2374581	0.0106950
19.7690330	4.0443768	-2.0401787	-0.3192018	-0.1798261	-0.2389574	1.4936721	-0.2916121	-0.2367455	0.0125746
19.8687562	4.0727261	-2.0831002	-0.3266637	-0.1796092	-0.2318259	1.4868608	-0.2938482	-0.2412302	0.0109315
19.9687411	4.0799945	-2.1018375	-0.3144230	-0.1806684	-0.2204868	1.4778413	-0.3017967	-0.2501608	0.0239729
20.0687278	4.1012157	-2.1364097	-0.3131643	-0.1832137	-0.2108613	1.4654031	-0.3162915	-0.2569279	0.0280678
20.1687181	4.1239452	-2.1638293	-0.3215616	-0.1855069	-0.2063167	1.4510523	-0.3284762	-0.2594365	0.0185306
20.2688266	4.1443512	-2.2044102	-0.3186031	-0.1868157	-0.2069666	1.4378545	-0.3309914	-0.2631274	0.0150735
20.3688771	4.1666297	-2.2471636	-0.3157054	-0.1871852	-0.2115425	1.4266025	-0.3219679	-0.2652040	0.0131503
20.4687340	4.1866467	-2.2759100	-0.3225901	-0.1872345	-0.2160746	1.4180710	-0.3082392	-0.2634303	0.0060692
20.5687196	4.2114159	-2.3178595	-0.3186855	-0.1874497	-0.2177464	1.4101453	-0.2944063	-0.2608706	0.0137129
20.6687526	4.2277521	-2.3436938	-0.3248384	-0.1877190	-0.2169419	1.4050972	-0.2954541	-0.2587913	0.0145928
20.7689411	4.2477034	-2.3788058	-0.3246131	-0.1880940	-0.2145437	1.3975185	-0.3045973	-0.2573807	0.0220507
20.8690455	4.2709323	-2.4240276	-0.3180714	-0.1882182	-0.2131023	1.3857110	-0.3250268	-0.2555396	0.0328303
20.9687549	4.2832989	-2.4517864	-0.3234343	-0.1876381	-0.2147733	1.3762982	-0.3394490	-0.2527022	0.0293492
21.0687324	4.3008592	-2.4931150	-0.3205619	-0.1859397	-0.2193582	1.3637286	-0.3502926	-0.2495227	0.0282872
21.1687148	4.3182152	-2.5338587	-0.3281796	-0.1838239	-0.2233749	1.3516190	-0.3462165	-0.2466055	0.0180551
21.2686853	4.3320732	-2.5746311	-0.3205412	-0.1820764	-0.2250036	1.3392024	-0.3275067	-0.2485384	0.0237286
21.3688986	4.3437001	-2.6040290	-0.3184862	-0.1822845	-0.2246710	1.3322640	-0.3144944	-0.2516286	0.0288960
21.4687386	4.3614008	-2.6429160	-0.3202594	-0.1841192	-0.2213288	1.3242928	-0.3064205	-0.2546429	0.0324591
21.5687631	4.3778363	-2.6829974	-0.3123780	-0.1884698	-0.2160329	1.3140866	-0.3061986	-0.2574019	0.0389261
21.6687849	4.3882495	-2.7109032	-0.3194083	-0.1908744	-0.2094885	1.3057990	-0.3116394	-0.2570611	0.0289861
21.7687654	4.4018414	-2.7463952	-0.3215546	-0.1932452	-0.2042414	1.2944329	-0.3182783	-0.2538823	0.0156413
21.8686956	4.4222206	-2.7958272	-0.3196422	-0.1930465	-0.2016163	1.2796886	-0.3261471	-0.2488968	-0.0005356
21.9687596	4.4409287	-2.8425434	-0.3137593	-0.1909297	-0.2025839	1.2693639	-0.3301597	-0.2445811	-0.0066975
22.0687465	4.4529819	-2.8785473	-0.3190001	-0.1868245	-0.2070940	1.2566555	-0.3342631	-0.2423015	-0.0148899
22.1687314	4.4663486	-2.9309539	-0.3154392	-0.1820710	-0.2150279	1.2432319	-0.3403478	-0.2461017	-0.0050660
22.2687944	4.4826267	-2.9670404	-0.3251792	-0.1798650	-0.2246921	1.2315236	-0.3493114	-0.2503912	-0.0002101
22.3687468	4.4873320	-3.0046017	-0.3225646	-0.1788879	-0.2331278	1.2194209	-0.3550152	-0.2555890	0.0160359
22.4687424	4.4975811	-3.0473498	-0.3236017	-0.1796372	-0.2379128	1.2080217	-0.3557114	-0.2587313	0.0240314
22.5687667	4.5139638	-3.1037015	-0.3310158	-0.1818610	-0.2359512	1.1983862	-0.3526153	-0.2604525	0.0238739
22.6687726	4.5181311	-3.1265776	-0.3236990	-0.1845705	-0.2267820	1.1891697	-0.3377214	-0.2604491	0.0312940
22.7687498	4.5285795	-3.1659666	-0.3215617	-0.1870326	-0.2127367	1.1799707	-0.3214715	-0.2586029	0.0321135
22.8687964	4.5377753	-3.1998200	-0.3314591	-0.1880973	-0.1949162	1.1682355	-0.3093317	-0.2532276	0.0244855
22.9687301	4.5510394	-3.2416582	-0.3258722	-0.1879668	-0.1857934	1.1595189	-0.3115270	-0.2518676	0.0311592
23.0687514	4.5591507	-3.2752533	-0.3256118	-0.1870646	-0.1812354	1.1475407	-0.3234605	-0.2490565	0.0331616
23.1687171	4.5692588	-3.3517282	-0.3175913	-0.1859739	-0.1874140	1.1314644	-0.3526873	-0.2495079	0.0396102
23.2687414	4.5732095	-3.3593876	-0.3231460	-0.1858343	-0.1974871	1.1199998	-0.3740174	-0.2511988	0.0344509
23.3687457	4.5773651	-3.4138615	-0.3195340	-0.1866557	-0.2139970	1.1058357	-0.3964349	-0.2552742	0.0355357
23.4687432	4.5809455	-3.4661256	-0.3150613	-0.1890370	-0.2314495	1.0908479	-0.3960050	-0.2540662	0.0264580
23.5687649	4.5888131	-3.5155489	-0.3233172	-0.1906635	-0.2377943	1.0823200	-0.3850361	-0.2485111	0.0066843
23.6687565	4.5967358	-3.5185827	-0.3157509	-0.1919212	-0.2388155	1.0733965	-0.3608345	-0.2433826	-0.0034442
23.7687478	4.6011769	-3.5598050	-0.3201651	-0.1917575	-0.2324893	1.0659743	-0.3429409	-0.2370736	-0.0159087
23.8687811	4.6087512	-3.5962473	-0.3215617	-0.1918989	-0.2198782	1.0572149	-0.3350687	-0.2321137	-0.0143232
23.9687352	4.6155482	-3.6278149	-0.3188153	-0.1877646	-0.2109598	1.0505213	-0.3418416	-0.2364592	-0.0022144
24.0687368	4.6173793	-3.6665122	-0.3264214	-0.1851678	-0.2065869	1.0408700	-0.3623077	-0.2473741	0.0113377
24.1687767	4.6188125	-3.7208992	-0.3246237	-0.1824410	-0.2084868	1.0276643	-0.3864601	-0.2611351	0.0375400
24.2687734	4.6227651	-3.7575118	-0.3275663	-0.1824601	-0.2154545	1.0171491	-0.3928212	-0.2700143	0.0481254
24.3687905	4.6234523	-3.8059303	-0.3260936	-0.1831846	-0.2237334	1.0058009	-0.3837161	-0.2739233	0.0530523
24.4687324	4.6273270	-3.8632261	-0.3276034	-0.1859571	-0.2297196	0.9951345	-0.3647684	-0.2721119	0.0465185
24.5687583	4.6268845	-3.8844382	-0.3193611	-0.1886494	-0.2301436	0.9897540	-0.3473770	-0.2706103	0.0432822
24.6688586	4.6284117	-3.9341980	-0.3214178	-0.1924354	-0.2263116	0.9841545	-0.3324394	-0.2672013	0.0286440
24.7687721	4.6316701	-3.9831212	-0.3216257	-0.1965499	-0.2149589	0.9767734	-0.3248847	-0.2614090	0.0134739
24.8687524	4.6440046	-4.0195152	-0.3155983	-0.1984232	-0.2058373	0.9702506	-0.3282787	-0.2578136	0.0071083
24.9687895	4.6475563	-4.0639846	-0.3164262	-0.1988303	-0.1967007	0.9602582	-0.3367182	-0.2528772	-0.0088848
25.0687549	4.6507843	-4.1174918	-0.3190245	-0.1958116	-0.1945140	0.9472481	-0.3476345	-0.2507747	-0.0232422
25.1687542	4.6519530	-4.1567302	-0.3214698	-0.1920323	-0.1988467	0.9385933	-0.3565193	-0.2532900	-0.0273702
25.2688205	4.6522901	-4.2198399	-0.3196696	-0.1867171	-0.2101673	0.9284191	-0.3671131	-0.2592745	-0.0197473
25.3687450	4.6513999	-4.2651338	-0.3246237	-0.1824646	-0.2255650	0.9192814	-0.3735982	-0.2653295	-0.0080636
25.4690130	4.6487057	-4.3074932	-0.3273988	-0.1807587	-0.2401443	0.9116173	-0.3729269	-0.2698571	0.0093287
25.5687503	4.6370835	-4.3337522	-0.3244434	-0.1816210	-0.2490013	0.9049728	-0.3696642	-0.2698125	0.0311020
25.6687404	4.6390027	-4.4016537	-0.3297378	-0.1843121	-0.2496060	0.8989800	-0.3707467	-0.2646647	0.0406696
25.7688031	4.6329744	-4.4169360	-0.3246297	-0.1872211	-0.2432312	0.8932093	-0.3655388	-0.2561712	0.0440767
25.8687255	4.6280598	-4.4653663	-0.3259787	-0.1887862	-0.2345334	0.8875284	-0.3626449	-0.2492130	0.0326547
25.9687447	4.6240240	-4.5052102	-0.3257307	-0.1884013	-0.2263614	0.8818668	-0.3594319	-0.2446084	0.0167572
26.0687329	4.6194541	-4.5521593	-0.3218771	-0.1863119	-0.2167892	0.8749629	-0.3563838	-0.2432049	0.0020202
26.1687386	4.6172359	-4.5910803	-0.3181238	-0.1848605	-0.2108760	0.8700983	-0.3575609	-0.2461802	-0.0016752
26.2688975	4.6097431	-4.6440559	-0.3166796	-0.1838141	-0.2059292	0.8635101	-0.3632485	-0.2532740	-0.0035341
26.3687590	4.6066154	-4.6888951	-0.3232730	-0.1840552	-0.2049931	0.8543829	-0.3771211	-0.2629063	-0.0050340
26.4688929	4.5968145	-4.7477044	-0.3215617	-0.1843982	-0.2088878	0.8460943	-0.3897166	-0.2680680	0.0032628
26.5689477	4.5867632	-4.7980193	-0.3177157	-0.1865983	-0.2153517	0.8393573	-0.3955577	-0.2717660	0.0120564
26.6689930	4.5784699	-4.8531343	-0.3207391	-0.1882518	-0.2241441	0.8303984	-0.3959543	-0.2704922	0.0157280
26.7689516	4.5705613	-4.8943462	-0.3174800	-0.1885110	-0.2282135	0.8244961	-0.3893000	-0.2647707	0.0219819
26.8687683	4.5621900	-4.9399580	-0.3228345	-0.1885546	-0.2292426	0.8204497	-0.3816720	-0.2580551	0.0212293
26.9687508	4.5545332	-4.9814609	-0.3222080	-0.1874665	-0.2279617	0.8165368	-0.3766530	-0.2506470	0.0248306
27.0687025	4.5448327	-5.0274154	-0.3196268	-0.1858070	-0.2249973	0.8114489	-0.3788007	-0.2436830	0.0285295
27.1687201	4.5373659	-5.0656230	-0.3238663	-0.1850194	-0.2230528	0.8074885	-0.3897367	-0.2419102	0.0259591
27.2687027	4.5259846	-5.1116098	-0.3255049	-0.1846937	-0.2218560	0.8009667	-0.4081988	-0.2452445	0.0253797
27.3686863	4.5072684	-5.1655781	-0.3186863	-0.1851832	-0.2226690	0.7912496	-0.4251566	-0.2507201	0.0317173
27.4687301	4.4954818	-5.2039938	-0.3177506	-0.1859640	-0.2244566	0.7841845	-0.4307334	-0.2531699	0.0363535
27.5687444	4.4818469	-5.2542552	-0.3221664	-0.1871823	-0.2255756	0.7758150	-0.4303709	-0.2530766	0.0396158
27.6689229	4.4672201	-5.3007182	-0.3184996	-0.1883809	-0.2247835	0.7688381	-0.4196249	-0.2505947	0.0455694
27.7687706	4.4537484	-5.3446117	-0.3206560	-0.1889361	-0.2193796	0.7644373	-0.4033104	-0.2451218	0.0387314
27.8687642	4.4418258	-5.3911867	-0.3178743	-0.1888241	-0.2100784	0.7620920	-0.3831087	-0.2396708	0.0280993
27.9687373	4.4299897	-5.4385259	-0.3174800	-0.1883660	-0.1999991	0.7607187	-0.3702294	-0.2355623	0.0155462
28.0691456	4.4177176	-5.4888664	-0.3168816	-0.1880378	-0.1923417	0.7587575	-0.3754594	-0.2363020	0.0095124
28.1687419	4.4034880	-5.5508989	-0.3154129	-0.1878643	-0.1915381	0.7546306	-0.3968578	-0.2415957	0.0097462
28.2687790	4.3900778	-5.5932135	-0.3185830	-0.1872180	-0.1979672	0.7476850	-0.4210684	-0.2452413	0.0100302
28.3687616	4.3734306	-5.6450796	-0.3192769	-0.1855880	-0.2093322	0.7384842	-0.4388357	-0.2438140	0.0158839
28.4688156	4.3622265	-5.6844247	-0.3296306	-0.1830109	-0.2219703	0.7283522	-0.4475996	-0.2385423	0.0172819
28.5687880	4.3355527	-5.7225523	-0.3237696	-0.1802917	-0.2354188	0.7193176	-0.4466164	-0.2360300	0.0331819
28.6688942	4.3113230	-5.7638934	-0.3238219	-0.1785564	-0.2480248	0.7123888	-0.4319147	-0.2347562	0.0419480
28.7687706	4.2903402	-5.7732345	-0.3205694	-0.1790938	-0.2518296	0.7104928	-0.4191460	-0.2372131	0.0474003
28.8687040	4.2741943	-5.8588875	-0.3288679	-0.1816784	-0.2504241	0.7103092	-0.4144250	-0.2419410	0.0420923
28.9688261	4.2579965	-5.8614644	-0.3223012	-0.1867095	-0.2386113	0.7106553	-0.4081466	-0.2470806	0.0412327
29.0686973	4.2444814	-5.8980391	-0.3215617	-0.1924636	-0.2242064	0.7094743	-0.4088337	-0.2497793	0.0336564
29.1687688	4.2406416	-5.9395245	-0.3155361	-0.1934833	-0.2086169	0.7069728	-0.4131895	-0.2529987	0.0310774
29.2687224	4.2283888	-5.9985388	-0.3126472	-0.1948815	-0.1942570	0.7018177	-0.4221848	-0.2559885	0.0273916
29.3687368	4.2064281	-6.0296232	-0.3174800	-0.1938188	-0.1866292	0.6942936	-0.4360861	-0.2557978	0.0192933
29.4687547	4.1901912	-6.0652996	-0.3197721	-0.1903586	-0.1875252	0.6880646	-0.4494372	-0.2540978	0.0183870
29.5687165	4.1664964	-6.1417190	-0.3171279	-0.1858809	-0.1968040	0.6815715	-0.4577765	-0.2536629	0.0255640
29.6687478	4.1448218	-6.1909890	-0.3207453	-0.1812944	-0.2161718	0.6765832	-0.4550947	-0.2529965	0.0299544
29.7687529	4.1336554	-6.2308623	-0.3260996	-0.1793633	-0.2289902	0.6751548	-0.4431757	-0.2515471	0.0295496
29.8687375	4.1047785	-6.2563704	-0.3215091	-0.1784950	-0.2394698	0.6752684	-0.4201052	-0.2487898	0.0346254
29.9687099	4.0840368	-6.3069409	-0.3238393	-0.1793882	-0.2387141	0.6766872	-0.3958906	-0.2455530	0.0318916
30.0688640	4.0701445	-6.3347242	-0.3239220	-0.1808478	-0.2308539	0.6773059	-0.3848855	-0.2425712	0.0292515
30.1687050	4.0542913	-6.3801086	-0.3262892	-0.1834194	-0.2186111	0.6772289	-0.3818427	-0.2425477	0.0297498
30.2687063	4.0349742	-6.4296058	-0.3246160	-0.1871015	-0.2080280	0.6754923	-0.3923210	-0.2455293	0.0387494
30.3687846	4.0208500	-6.4701373	-0.3225071	-0.1892877	-0.2058955	0.6732640	-0.4109999	-0.2479991	0.0437632
30.4687608	4.0014589	-6.5215220	-0.3204690	-0.1908277	-0.2097516	0.6693312	-0.4388468	-0.2486434	0.0458921
30.5687821	3.9829303	-6.5850074	-0.3134124	-0.1908700	-0.2185165	0.6645197	-0.4660159	-0.2457485	0.0470596
30.6687580	3.9582372	-6.6311426	-0.3170037	-0.1897178	-0.2280463	0.6594378	-0.4784972	-0.2440190	0.0391868
30.7687296	3.9337771	-6.6799658	-0.3201387	-0.1881115	-0.2364008	0.6555880	-0.4735259	-0.2420180	0.0328826
30.8687304	3.9186489	-6.7017016	-0.3155910	-0.1863835	-0.2410039	0.6535714	-0.4567153	-0.2395463	0.0333903
30.9687665	3.8968912	-6.7480022	-0.3193857	-0.1849401	-0.2400464	0.6531885	-0.4377268	-0.2387175	0.0287530
31.0687713	3.8780839	-6.7832162	-0.3200942	-0.1839146	-0.2341966	0.6541046	-0.4184270	-0.2390716	0.0276915
31.1687311	3.8581946	-6.8327166	-0.3247643	-0.1833706	-0.2251989	0.6560324	-0.4041932	-0.2406543	0.0248583
31.2687278	3.8410858	-6.8746138	-0.3272679	-0.1833363	-0.2156193	0.6587834	-0.3967499	-0.2430041	0.0222562
31.3686999	3.8112961	-6.9407801	-0.3205412	-0.1841752	-0.2072004	0.6623330	-0.3949221	-0.2477239	0.0245627
31.4687442	3.8059698	-6.9585155	-0.3278809	-0.1834843	-0.2037492	0.6642972	-0.3998719	-0.2511863	0.0139732
31.5687196	3.7709120	-7.0437291	-0.3216073	-0.1833539	-0.2037667	0.6656213	-0.4143558	-0.2578069	0.0161592
31.6686828	3.7422570	-7.1118228	-0.3164596	-0.1829400	-0.2082804	0.6650440	-0.4276243	-0.2613933	0.0245711
31.7687414	3.7338456	-7.1401299	-0.3238517	-0.1842082	-0.2151337	0.6636204	-0.4392642	-0.2619676	0.0257474
31.8688084	3.7046856	-7.2010517	-0.3183005	-0.1857824	-0.2285970	0.6613477	-0.4534439	-0.2614175	0.0405669
31.9687242	3.6857155	-7.2368485	-0.3144196	-0.1861106	-0.2395380	0.6606107	-0.4586703	-0.2581743	0.0485268
32.0687212	3.6614941	-7.2914458	-0.3188165	-0.1881691	-0.2490608	0.6613258	-0.4624191	-0.2522721	0.0463348
32.1687060	3.6334218	-7.3527643	-0.3238947	-0.1891202	-0.2553251	0.6636328	-0.4621191	-0.2453376	0.0404244
32.2688000	3.6328948	-7.3487791	-0.3195216	-0.1897501	-0.2548503	0.6670350	-0.4548966	-0.2408310	0.0374715
32.3687132	3.6128999	-7.3912485	-0.3232766	-0.1887997	-0.2474682	0.6696542	-0.4497042	-0.2361933	0.0254209
32.4688579	3.6017349	-7.4187352	-0.3235628	-0.1870080	-0.2334876	0.6712530	-0.4406686	-0.2353256	0.0150512
32.5687142	3.5848799	-7.4611494	-0.3236017	-0.1853947	-0.2144297	0.6718681	-0.4319747	-0.2396658	0.0116109
32.6687291	3.5588703	-7.5210786	-0.3209867	-0.1821660	-0.1996705	0.6720845	-0.4274998	-0.2468911	0.0198742
32.7687583	3.5521614	-7.5401540	-0.3273688	-0.1803878	-0.1906949	0.6730438	-0.4250676	-0.2546555	0.0247921
32.8687572	3.4999226	-7.6533533	-0.3194268	-0.1804196	-0.1923282	0.6760514	-0.4276795	-0.2623853	0.0435876
32.9686956	3.5066170	-7.6542240	-0.3244916	-0.1822300	-0.1992712	0.6794969	-0.4234844	-0.2649723	0.0441236
33.0687427	3.4778460	-7.7187461	-0.3201959	-0.1863601	-0.2115964	0.6857553	-0.4227273	-0.2639940	0.0473081
33.1687562	3.4623382	-7.7612032	-0.3225921	-0.1914025	-0.2240279	0.6926809	-0.4277910	-0.2600727	0.0413619
33.2687834	3.4460798	-7.8061531	-0.3230263	-0.1957148	-0.2351163	0.6984351	-0.4418599	-0.2555874	0.0357305
33.3687058	3.4374334	-7.8447335	-0.3218798	-0.1976225	-0.2445077	0.7011872	-0.4588407	-0.2532832	0.0350720
33.4689065	3.4427515	-7.8677950	-0.3186560	-0.1964587	-0.2508005	0.7008713	-0.4696395	-0.2524454	0.0381396
33.5687355	3.4428513	-7.8897063	-0.3173378	-0.1926115	-0.2515390	0.6983752	-0.4702521	-0.2511006	0.0396043
33.6689300	3.4304034	-7.9249406	-0.3182602	-0.1869746	-0.2463558	0.6961362	-0.4594872	-0.2485408	0.0362710
33.7687409	3.4078045	-7.9790461	-0.3227908	-0.1812593	-0.2343050	0.6961495	-0.4419330	-0.2470626	0.0320892
33.8687721	3.3803308	-8.0213240	-0.3192758	-0.1765313	-0.2157729	0.7005459	-0.4239701	-0.2480641	0.0384910
33.9687383	3.3674479	-8.0643572	-0.3215617	-0.1764004	-0.2042531	0.7066303	-0.4199115	-0.2511162	0.0414643
34.0687078	3.3382092	-8.1170809	-0.3184552	-0.1757508	-0.2001391	0.7122333	-0.4267862	-0.2559461	0.0473556
34.1687309	3.3492450	-8.1403906	-0.3246346	-0.1781561	-0.2077133	0.7191300	-0.4463059	-0.2672915	0.0448073
34.2689677	3.3373940	-8.1840283	-0.3266637	-0.1790278	-0.2208752	0.7225965	-0.4669935	-0.2769380	0.0439717
34.3687772	3.3232459	-8.2288704	-0.3289640	-0.1832600	-0.2351807	0.7245410	-0.4818921	-0.2829295	0.0423892
34.4688189	3.3047885	-8.2607188	-0.3217673	-0.1863274	-0.2517263	0.7262567	-0.4860872	-0.2829909	0.0464961
34.5687332	3.2972890	-8.2817960	-0.3195216	-0.1879632	-0.2561605	0.7279680	-0.4774009	-0.2771160	0.0457020
34.6687360	3.2852800	-8.3200537	-0.3209892	-0.1890906	-0.2534642	0.7311088	-0.4644297	-0.2703926	0.0393871
34.7687619	3.2810204	-8.3532689	-0.3203675	-0.1889971	-0.2446071	0.7373930	-0.4503391	-0.2628973	0.0303411
34.8687332	3.2659767	-8.3979582	-0.3236017	-0.1882489	-0.2384396	0.7430151	-0.4506585	-0.2602654	0.0220282
34.9689275	3.2620125	-8.4321860	-0.3191839	-0.1859831	-0.2344280	0.7485790	-0.4584353	-0.2619054	0.0226737
35.0688735	3.2403240	-8.4930642	-0.3272259	-0.1829962	-0.2346256	0.7545951	-0.4731887	-0.2666374	0.0190945
35.1687345	3.2244406	-8.5360950	-0.3266637	-0.1809564	-0.2363800	0.7582324	-0.4771996	-0.2721593	0.0240422
35.2687698	3.2060352	-8.5796830	-0.3263681	-0.1797607	-0.2366502	0.7618437	-0.4701203	-0.2763702	0.0304991
35.3687009	3.1865014	-8.6380592	-0.3280089	-0.1802658	-0.2283536	0.7667763	-0.4552904	-0.2786246	0.0407560
35.4688543	3.1604209	-8.6813819	-0.3184996	-0.1828177	-0.2178268	0.7706445	-0.4467452	-0.2765440	0.0594102
35.5687811	3.1618434	-8.7035223	-0.3253049	-0.1858553	-0.2047098	0.7746960	-0.4492571	-0.2657850	0.0618644
35.6687485	3.1449171	-8.7542075	-0.3237429	-0.1893954	-0.1969449	0.7774830	-0.4738950	-0.2540552	0.0672114
35.7688125	3.1265524	-8.8019380	-0.3225821	-0.1915149	-0.2008810	0.7780169	-0.5072534	-0.2450137	0.0703203
35.8688248	3.1023906	-8.8658352	-0.3205937	-0.1917198	-0.2150189	0.7766590	-0.5360210	-0.2400548	0.0661475
35.9689367	3.0790327	-8.9155213	-0.3237867	-0.1897260	-0.2337538	0.7756779	-0.5424721	-0.2396168	0.0523481
36.0687258	3.0651743	-8.9682188	-0.3164045	-0.1852353	-0.2504744	0.7780957	-0.5209496	-0.2440046	0.0409565
36.1687468	3.0516707	-9.0013848	-0.3189758	-0.1817898	-0.2534936	0.7826875	-0.4948114	-0.2460595	0.0266350
36.2687222	3.0379249	-9.0386874	-0.3227030	-0.1784106	-0.2472022	0.7909436	-0.4699528	-0.2508785	0.0152083
36.3687183	3.0290644	-9.0225356	-0.3154072	-0.1776178	-0.2306662	0.8008183	-0.4621702	-0.2605838	0.0228183
36.4687736	3.0170631	-9.0651041	-0.3184026	-0.1793851	-0.2186693	0.8051794	-0.4831550	-0.2664828	0.0322677
36.5686894	2.9889312	-9.1375546	-0.3174800	-0.1849155	-0.2055131	0.8066044	-0.5185866	-0.2708040	0.0498885
36.6687555	2.9771339	-9.1793439	-0.3206389	-0.1883520	-0.1977604	0.8048928	-0.5299465	-0.2724583	0.0533943
36.7687293	2.9653496	-9.2114879	-0.3227200	-0.1906471	-0.1955723	0.8030677	-0.5252675	-0.2689878	0.0498894
36.8687235	2.9363670	-9.3062754	-0.3195216	-0.1918142	-0.1940159	0.8017497	-0.5165016	-0.2624220	0.0472360
36.9687429	2.9181703	-9.3581926	-0.3207681	-0.1908295	-0.1965905	0.8024941	-0.5116885	-0.2590895	0.0449930
37.0689193	2.8989595	-9.4205088	-0.3186450	-0.1899441	-0.2043358	0.8043691	-0.5129195	-0.2597503	0.0532916
37.1687636	2.8798432	-9.4735095	-0.3205412	-0.1879971	-0.2214080	0.8083617	-0.5140606	-0.2595252	0.0651224
37.2687263	2.8563427	-9.5352733	-0.3248334	-0.1889120	-0.2411987	0.8134621	-0.5152626	-0.2597364	0.0699837
37.3687391	2.8438884	-9.5718314	-0.3241215	-0.1882893	-0.2522803	0.8173965	-0.5188421	-0.2606099	0.0689597
37.4687255	2.8425274	-9.5951784	-0.3215617	-0.1866358	-0.2576080	0.8210805	-0.5280014	-0.2608445	0.0648617
37.5687148	2.8206717	-9.6561059	-0.3252565	-0.1851270	-0.2545112	0.8222502	-0.5453915	-0.2639119	0.0595319
37.6687624	2.8169095	-9.6792448	-0.3234826	-0.1839821	-0.2434746	0.8222678	-0.5606070	-0.2707247	0.0612326
37.7687288	2.8104129	-9.7044936	-0.3205412	-0.1846982	-0.2334645	0.8226741	-0.5633660	-0.2769638	0.0659923
37.8687521	2.7916258	-9.7612702	-0.3217665	-0.1851530	-0.2214930	0.8246822	-0.5589315	-0.2818348	0.0672344
37.9687401	2.7659474	-9.8400825	-0.3161818	-0.1871314	-0.2021709	0.8293802	-0.5517683	-0.2829638	0.0738528
38.0687598	2.7424910	-9.9103100	-0.3113576	-0.1893373	-0.1868844	0.8331695	-0.5538340	-0.2791498	0.0798567
38.1687629	2.7553306	-9.8931830	-0.3157866	-0.1908882	-0.1704849	0.8360327	-0.5566737	-0.2696244	0.0760899
38.2687703	2.7508634	-9.9042940	-0.3171554	-0.1922643	-0.1608168	0.8365822	-0.5623987	-0.2530058	0.0624238
38.3689362	2.7622828	-9.8716268	-0.3215617	-0.1916670	-0.1621392	0.8358046	-0.5648858	-0.2415087	0.0453836
38.4690678	2.7250317	-9.9656540	-0.3199053	-0.1889119	-0.1724735	0.8351026	-0.5759739	-0.2375456	0.0386814
38.5687278	2.7074734	-10.0154454	-0.3227869	-0.1848583	-0.1929376	0.8354473	-0.5824742	-0.2450294	0.0397604
38.6687455	2.6764125	-10.0848728	-0.3226450	-0.1810361	-0.2204967	0.8373038	-0.5846598	-0.2560505	0.0512313
38.7688154	2.6539581	-10.1322986	-0.3224456	-0.1790781	-0.2481630	0.8400842	-0.5794704	-0.2679496	0.0661431
38.8687473	2.6326285	-10.2137782	-0.3275684	-0.1797916	-0.2676139	0.8438130	-0.5706693	-0.2766629	0.0692003
38.9687475	2.6547707	-10.1305931	-0.3212709	-0.1830272	-0.2700262	0.8490956	-0.5479373	-0.2800907	0.0715307
39.0688589	2.6481260	-10.1601405	-0.3224359	-0.1850264	-0.2606578	0.8525206	-0.5400795	-0.2774132	0.0678489
39.1687255	2.6822928	-10.1299766	-0.3154392	-0.1903348	-0.2335603	0.8567805	-0.5282963	-0.2723855	0.0746332
39.2687309	2.6669698	-10.1803244	-0.3152362	-0.1883199	-0.2078089	0.8589976	-0.5326882	-0.2677229	0.0847682
39.3690593	2.6541061	-10.1857296	-0.3234740	-0.1908361	-0.1825324	0.8608247	-0.5390533	-0.2631995	0.0922910
39.4688996	2.6489854	-10.1951480	-0.3236017	-0.1962563	-0.1644197	0.8620540	-0.5457454	-0.2585793	0.0967542
39.5687411	2.6200846	-10.2853761	-0.3167403	-0.1979039	-0.1572305	0.8626195	-0.5522575	-0.2550382	0.0908960
39.6688522	2.5981535	-10.3532232	-0.3120890	-0.1991382	-0.1596020	0.8626710	-0.5571981	-0.2493953	0.0726041
39.7687406	2.6050569	-10.3107117	-0.3174800	-0.1960519	-0.1721484	0.8618422	-0.5571123	-0.2405843	0.0418319
39.8687680	2.5902661	-10.3534344	-0.3200294	-0.1934966	-0.1904117	0.8608471	-0.5572741	-0.2388279	0.0276209
39.9687933	2.5617038	-10.4352692	-0.3180741	-0.1884226	-0.2136114	0.8603284	-0.5548746	-0.2449012	0.0268835
