%time,field.header.seq,field.header.stamp,field.header.frame_id,field.fluid_pressure,field.variance
1492809889404887876,100603,1492809889404987916,/fluid_pressure,106450.0,0.0
1492809889478502046,100604,1492809889478987916,/fluid_pressure,106390.0,0.0
1492809889552765940,100605,1492809889552987916,/fluid_pressure,106460.0,0.0
1492809889626119262,100606,1492809889627987916,/fluid_pressure,106390.0,0.0
1492809889701833592,100607,1492809889701987916,/fluid_pressure,106430.007812,0.0
1492809889774906580,100608,1492809889775987916,/fluid_pressure,106369.992188,0.0
1492809889848988791,100609,1492809889849987916,/fluid_pressure,106419.992188,0.0
1492809889923274986,100610,1492809889924987916,/fluid_pressure,106410.0,0.0
1492809889998530179,100611,1492809889998987916,/fluid_pressure,106430.007812,0.0
1492809890072216587,100612,1492809890072987916,/fluid_pressure,106380.007812,0.0
1492809890146275807,100613,1492809890146987916,/fluid_pressure,106460.0,0.0
1492809890220184393,100614,1492809890221987916,/fluid_pressure,106430.007812,0.0
1492809890295803021,100615,1492809890295987916,/fluid_pressure,106460.0,0.0
1492809890369003139,100616,1492809890369987916,/fluid_pressure,106450.0,0.0
1492809890442889695,100617,1492809890443987916,/fluid_pressure,106490.0,0.0
1492809890516995125,100618,1492809890518987916,/fluid_pressure,106419.992188,0.0
1492809890591849056,100619,1492809890592987916,/fluid_pressure,106400.0,0.0
1492809890665906846,100620,1492809890666987916,/fluid_pressure,106419.992188,0.0
1492809890740833140,100621,1492809890740987916,/fluid_pressure,106419.992188,0.0
1492809890814471909,100622,1492809890815987916,/fluid_pressure,106410.0,0.0
1492809890888929579,100623,1492809890889987916,/fluid_pressure,106390.0,0.0
1492809890963136475,100624,1492809890963987916,/fluid_pressure,106400.0,0.0
1492809891037336938,100625,1492809891037987916,/fluid_pressure,106410.0,0.0
1492809891110846789,100626,1492809891112987916,/fluid_pressure,106390.0,0.0
1492809891186528041,100627,1492809891186987916,/fluid_pressure,106440.0,0.0
1492809891260616356,100628,1492809891260987916,/fluid_pressure,106460.0,0.0
1492809891334131688,100629,1492809891334987916,/fluid_pressure,106430.007812,0.0
1492809891407994128,100630,1492809891409987916,/fluid_pressure,106440.0,0.0
1492809891483821772,100631,1492809891483987916,/fluid_pressure,106369.992188,0.0
1492809891557344808,100632,1492809891557987916,/fluid_pressure,106430.007812,0.0
1492809891631411854,100633,1492809891632987916,/fluid_pressure,106410.0,0.0
1492809891706750594,100634,1492809891706421052,/fluid_pressure,106469.992188,0.0
1492809891779810354,100635,1492809891780421052,/fluid_pressure,106419.992188,0.0
1492809891854672349,100636,1492809891854421052,/fluid_pressure,106380.007812,0.0
1492809891928819188,100637,1492809891929421052,/fluid_pressure,106380.007812,0.0
1492809892003882055,100638,1492809892003421052,/fluid_pressure,106430.007812,0.0
1492809892077389641,100639,1492809892077421052,/fluid_pressure,106430.007812,0.0
1492809892151760872,100640,1492809892151421052,/fluid_pressure,106450.0,0.0
1492809892224920328,100641,1492809892226421052,/fluid_pressure,106450.0,0.0
1492809892300216810,100642,1492809892300421052,/fluid_pressure,106410.0,0.0
1492809892374084409,100643,1492809892374421052,/fluid_pressure,106410.0,0.0
1492809892448616493,100644,1492809892448421052,/fluid_pressure,106440.0,0.0
1492809892522225747,100645,1492809892523421052,/fluid_pressure,106440.0,0.0
1492809892597209729,100646,1492809892597421052,/fluid_pressure,106390.0,0.0
1492809892671003421,100647,1492809892671421052,/fluid_pressure,106460.0,0.0
1492809892745379804,100648,1492809892745421052,/fluid_pressure,106390.0,0.0
1492809892819261821,100649,1492809892820421052,/fluid_pressure,106400.0,0.0
1492809892893874710,100650,1492809892894421052,/fluid_pressure,106410.0,0.0
1492809892968807093,100651,1492809892968421052,/fluid_pressure,106400.0,0.0
1492809893042783246,100652,1492809893042421052,/fluid_pressure,106400.0,0.0
1492809893116912023,100653,1492809893117421052,/fluid_pressure,106380.007812,0.0
1492809893190968474,100654,1492809893191421052,/fluid_pressure,106410.0,0.0
1492809893265616759,100655,1492809893265421052,/fluid_pressure,106450.0,0.0
1492809893339831667,100656,1492809893339421052,/fluid_pressure,106430.007812,0.0
1492809893413190388,100657,1492809893414421052,/fluid_pressure,106480.007812,0.0
1492809893488282597,100658,1492809893488421052,/fluid_pressure,106430.007812,0.0
1492809893562960443,100659,1492809893562421052,/fluid_pressure,106450.0,0.0
1492809893636167853,100660,1492809893636421052,/fluid_pressure,106480.007812,0.0
1492809893710268500,100661,1492809893711421052,/fluid_pressure,106440.0,0.0
1492809893785430824,100662,1492809893785421052,/fluid_pressure,106440.0,0.0
1492809893859447692,100663,1492809893859421052,/fluid_pressure,106440.0,0.0
1492809893933546077,100664,1492809893933421052,/fluid_pressure,106400.0,0.0
1492809894008655193,100665,1492809894008421052,/fluid_pressure,106390.0,0.0
1492809894082648221,100666,1492809894082421052,/fluid_pressure,106430.007812,0.0
1492809894156739541,100667,1492809894156421052,/fluid_pressure,106469.992188,0.0
1492809894229923417,100668,1492809894231448089,/fluid_pressure,106380.007812,0.0
1492809894305126201,100669,1492809894306448089,/fluid_pressure,106360.0,0.0
1492809894378942379,100670,1492809894380448089,/fluid_pressure,106390.0,0.0
1492809894453259075,100671,1492809894454448089,/fluid_pressure,106410.0,0.0
1492809894527959584,100672,1492809894529448089,/fluid_pressure,106419.992188,0.0
1492809894602041987,100673,1492809894603448089,/fluid_pressure,106330.007812,0.0
1492809894676941975,100674,1492809894677448089,/fluid_pressure,106430.007812,0.0
1492809894750443040,100675,1492809894751448089,/fluid_pressure,106400.0,0.0
1492809894825583826,100676,1492809894826448089,/fluid_pressure,106460.0,0.0
1492809894899791190,100677,1492809894900448089,/fluid_pressure,106400.0,0.0
1492809894973036344,100678,1492809894974448089,/fluid_pressure,106419.992188,0.0
1492809895047112600,100679,1492809895048448089,/fluid_pressure,106419.992188,0.0
1492809895122341291,100680,1492809895123448089,/fluid_pressure,106419.992188,0.0
1492809895196448055,100681,1492809895197448089,/fluid_pressure,106380.007812,0.0
1492809895270153671,100682,1492809895271448089,/fluid_pressure,106440.0,0.0
1492809895344061064,100683,1492809895345448089,/fluid_pressure,106360.0,0.0
1492809895419869264,100684,1492809895420448089,/fluid_pressure,106380.007812,0.0
1492809895493629666,100685,1492809895494448089,/fluid_pressure,106369.992188,0.0
1492809895567469326,100686,1492809895568448089,/fluid_pressure,106350.0,0.0
1492809895642303050,100687,1492809895643448089,/fluid_pressure,106350.0,0.0
1492809895715972594,100688,1492809895717448089,/fluid_pressure,106369.992188,0.0
1492809895790227290,100689,1492809895791448089,/fluid_pressure,106400.0,0.0
1492809895864477163,100690,1492809895865448089,/fluid_pressure,106360.0,0.0
1492809895939674635,100691,1492809895940448089,/fluid_pressure,106390.0,0.0
1492809896013133323,100692,1492809896014448089,/fluid_pressure,106400.0,0.0
1492809896087124243,100693,1492809896088448089,/fluid_pressure,106440.0,0.0
1492809896161617934,100694,1492809896162448089,/fluid_pressure,106410.0,0.0
1492809896235870832,100695,1492809896237448089,/fluid_pressure,106460.0,0.0
1492809896310473161,100696,1492809896311448089,/fluid_pressure,106390.0,0.0
1492809896384436840,100697,1492809896385448089,/fluid_pressure,106380.007812,0.0
1492809896458087553,100698,1492809896459448089,/fluid_pressure,106430.007812,0.0
1492809896533075774,100699,1492809896534448089,/fluid_pressure,106430.007812,0.0
1492809896607537758,100700,1492809896608448089,/fluid_pressure,106430.007812,0.0
1492809896681109064,100701,1492809896682448089,/fluid_pressure,106450.0,0.0
1492809896756620058,100702,1492809896757414091,/fluid_pressure,106380.007812,0.0
1492809896829989187,100703,1492809896831414091,/fluid_pressure,106380.007812,0.0
1492809896903876479,100704,1492809896905414091,/fluid_pressure,106419.992188,0.0
1492809896977883083,100705,1492809896979414091,/fluid_pressure,106400.0,0.0
1492809897052839732,100706,1492809897054414091,/fluid_pressure,106430.007812,0.0
1492809897127474064,100707,1492809897128414091,/fluid_pressure,106369.992188,0.0
1492809897201536894,100708,1492809897202414091,/fluid_pressure,106419.992188,0.0
1492809897276094628,100709,1492809897276414091,/fluid_pressure,106400.0,0.0
1492809897350150220,100710,1492809897351414091,/fluid_pressure,106369.992188,0.0
1492809897423825518,100711,1492809897425414091,/fluid_pressure,106360.0,0.0
1492809897498838405,100712,1492809897499414091,/fluid_pressure,106360.0,0.0
1492809897573668165,100713,1492809897574414091,/fluid_pressure,106390.0,0.0
1492809897647834566,100714,1492809897648414091,/fluid_pressure,106390.0,0.0
1492809897721829213,100715,1492809897722414091,/fluid_pressure,106380.007812,0.0
1492809897794859729,100716,1492809897796414091,/fluid_pressure,106360.0,0.0
1492809897870096738,100717,1492809897871414091,/fluid_pressure,106360.0,0.0
1492809897944227167,100718,1492809897945414091,/fluid_pressure,106400.0,0.0
1492809898018115015,100719,1492809898019414091,/fluid_pressure,106390.0,0.0
1492809898092251825,100720,1492809898093414091,/fluid_pressure,106460.0,0.0
1492809898166923355,100721,1492809898168414091,/fluid_pressure,106410.0,0.0
1492809898241924882,100722,1492809898242414091,/fluid_pressure,106400.0,0.0
1492809898315906884,100723,1492809898316414091,/fluid_pressure,106430.007812,0.0
1492809898390116017,100724,1492809898390414091,/fluid_pressure,106380.007812,0.0
1492809898464246484,100725,1492809898465414091,/fluid_pressure,106419.992188,0.0
1492809898538732687,100726,1492809898539414091,/fluid_pressure,106450.0,0.0
1492809898612012330,100727,1492809898613414091,/fluid_pressure,106419.992188,0.0
1492809898687009314,100728,1492809898688414091,/fluid_pressure,106390.0,0.0
1492809898760936798,100729,1492809898762414091,/fluid_pressure,106340.0,0.0
1492809898835773365,100730,1492809898836414091,/fluid_pressure,106340.0,0.0
1492809898909863062,100731,1492809898910414091,/fluid_pressure,106380.007812,0.0
1492809898984548177,100732,1492809898985414091,/fluid_pressure,106390.0,0.0
1492809899058063651,100733,1492809899059414091,/fluid_pressure,106319.992188,0.0
1492809899132298709,100734,1492809899133414091,/fluid_pressure,106390.0,0.0
1492809899207875417,100735,1492809899207414091,/fluid_pressure,106419.992188,0.0
1492809899281365731,100736,1492809899282339965,/fluid_pressure,106380.007812,0.0
1492809899356331120,100737,1492809899356339965,/fluid_pressure,106360.0,0.0
1492809899429252588,100738,1492809899430339965,/fluid_pressure,106440.0,0.0
1492809899503919371,100739,1492809899504339965,/fluid_pressure,106410.0,0.0
1492809899577922919,100740,1492809899579339965,/fluid_pressure,106410.0,0.0
1492809899652917403,100741,1492809899653339965,/fluid_pressure,106419.992188,0.0
1492809899726677637,100742,1492809899727339965,/fluid_pressure,106410.0,0.0
1492809899801432201,100743,1492809899802339965,/fluid_pressure,106330.007812,0.0
1492809899875453963,100744,1492809899876339965,/fluid_pressure,106450.0,0.0
1492809899949379842,100745,1492809899950339965,/fluid_pressure,106369.992188,0.0
1492809900023552615,100746,1492809900024339965,/fluid_pressure,106419.992188,0.0
1492809900098009247,100747,1492809900099339965,/fluid_pressure,106450.0,0.0
1492809900172802517,100748,1492809900173339965,/fluid_pressure,106419.992188,0.0
1492809900246677872,100749,1492809900247339965,/fluid_pressure,106440.0,0.0
1492809900321721409,100750,1492809900321339965,/fluid_pressure,106390.0,0.0
1492809900396019335,100751,1492809900396339965,/fluid_pressure,106369.992188,0.0
1492809900469334323,100752,1492809900470339965,/fluid_pressure,106419.992188,0.0
1492809900543286555,100753,1492809900544339965,/fluid_pressure,106360.0,0.0
1492809900618174102,100754,1492809900618339965,/fluid_pressure,106440.0,0.0
1492809900692327405,100755,1492809900693339965,/fluid_pressure,106410.0,0.0
1492809900766244838,100756,1492809900767339965,/fluid_pressure,106350.0,0.0
1492809900841270997,100757,1492809900841339965,/fluid_pressure,106410.0,0.0
1492809900915908890,100758,1492809900916339965,/fluid_pressure,106360.0,0.0
1492809900989613151,100759,1492809900990339965,/fluid_pressure,106390.0,0.0
1492809901063623582,100760,1492809901064339965,/fluid_pressure,106419.992188,0.0
1492809901138323174,100761,1492809901138339965,/fluid_pressure,106419.992188,0.0
1492809901211990328,100762,1492809901213339965,/fluid_pressure,106419.992188,0.0
1492809901286467691,100763,1492809901287339965,/fluid_pressure,106390.0,0.0
1492809901360093730,100764,1492809901361339965,/fluid_pressure,106469.992188,0.0
1492809901435439987,100765,1492809901435339965,/fluid_pressure,106450.0,0.0
1492809901509593510,100766,1492809901510339965,/fluid_pressure,106419.992188,0.0
1492809901583501487,100767,1492809901584339965,/fluid_pressure,106440.0,0.0
1492809901657247420,100768,1492809901658339965,/fluid_pressure,106390.0,0.0
1492809901732811199,100769,1492809901733339965,/fluid_pressure,106440.0,0.0
1492809901806778339,100770,1492809901807464992,/fluid_pressure,106410.0,0.0
1492809901880433214,100771,1492809901881464992,/fluid_pressure,106440.0,0.0
1492809901955193092,100772,1492809901955464992,/fluid_pressure,106380.007812,0.0
1492809902029262715,100773,1492809902030464992,/fluid_pressure,106390.0,0.0
1492809902103659619,100774,1492809902104464992,/fluid_pressure,106360.0,0.0
1492809902177158119,100775,1492809902178464992,/fluid_pressure,106380.007812,0.0
1492809902252311611,100776,1492809902252464992,/fluid_pressure,106380.007812,0.0
1492809902326534510,100777,1492809902327464992,/fluid_pressure,106369.992188,0.0
1492809902400536973,100778,1492809902401464992,/fluid_pressure,106369.992188,0.0
1492809902474771640,100779,1492809902475464992,/fluid_pressure,106390.0,0.0
1492809902549416944,100780,1492809902550464992,/fluid_pressure,106400.0,0.0
1492809902622881517,100781,1492809902624464992,/fluid_pressure,106410.0,0.0
1492809902696842927,100782,1492809902698464992,/fluid_pressure,106419.992188,0.0
1492809902772315278,100783,1492809902772464992,/fluid_pressure,106419.992188,0.0
1492809902846780567,100784,1492809902847464992,/fluid_pressure,106430.007812,0.0
1492809902920755295,100785,1492809902921464992,/fluid_pressure,106400.0,0.0
1492809902994390653,100786,1492809902995464992,/fluid_pressure,106410.0,0.0
1492809903069508007,100787,1492809903069464992,/fluid_pressure,106469.992188,0.0
1492809903142924525,100788,1492809903144464992,/fluid_pressure,106410.0,0.0
1492809903217463842,100789,1492809903218464992,/fluid_pressure,106440.0,0.0
1492809903291165047,100790,1492809903292464992,/fluid_pressure,106419.992188,0.0
1492809903366295654,100791,1492809903366464992,/fluid_pressure,106369.992188,0.0
1492809903440290196,100792,1492809903441464992,/fluid_pressure,106430.007812,0.0
1492809903514411780,100793,1492809903515464992,/fluid_pressure,106430.007812,0.0
1492809903589605949,100794,1492809903589464992,/fluid_pressure,106369.992188,0.0
1492809903663455403,100795,1492809903664464992,/fluid_pressure,106369.992188,0.0
1492809903737751956,100796,1492809903738464992,/fluid_pressure,106440.0,0.0
1492809903811501421,100797,1492809903812464992,/fluid_pressure,106380.007812,0.0
1492809903886428807,100798,1492809903886464992,/fluid_pressure,106390.0,0.0
1492809903960306527,100799,1492809903961464992,/fluid_pressure,106440.0,0.0
1492809904034132623,100800,1492809904035464992,/fluid_pressure,106419.992188,0.0
1492809904108493303,100801,1492809904109464992,/fluid_pressure,106390.0,0.0
1492809904183712539,100802,1492809904183464992,/fluid_pressure,106400.0,0.0
1492809904257477530,100803,1492809904258464992,/fluid_pressure,106419.992188,0.0
1492809904331254788,100804,1492809904332636987,/fluid_pressure,106390.0,0.0
1492809904406301774,100805,1492809904406636987,/fluid_pressure,106419.992188,0.0
1492809904480180706,100806,1492809904481636987,/fluid_pressure,106430.007812,0.0
1492809904554562400,100807,1492809904555636987,/fluid_pressure,106430.007812,0.0
1492809904628301005,100808,1492809904629636987,/fluid_pressure,106400.0,0.0
1492809904703377079,100809,1492809904703636987,/fluid_pressure,106369.992188,0.0
1492809904778117682,100810,1492809904778636987,/fluid_pressure,106450.0,0.0
1492809904851038851,100811,1492809904852636987,/fluid_pressure,106390.0,0.0
1492809904925807564,100812,1492809904926636987,/fluid_pressure,106390.0,0.0
1492809905000865654,100813,1492809905000636987,/fluid_pressure,106390.0,0.0
1492809905073821157,100814,1492809905075636987,/fluid_pressure,106369.992188,0.0
1492809905148176474,100815,1492809905149636987,/fluid_pressure,106410.0,0.0
1492809905222927752,100816,1492809905223636987,/fluid_pressure,106450.0,0.0
1492809905297777963,100817,1492809905297636987,/fluid_pressure,106460.0,0.0
1492809905371877893,100818,1492809905372636987,/fluid_pressure,106390.0,0.0
1492809905445829683,100819,1492809905446636987,/fluid_pressure,106410.0,0.0
1492809905519961980,100820,1492809905520636987,/fluid_pressure,106400.0,0.0
1492809905594211497,100821,1492809905595636987,/fluid_pressure,106419.992188,0.0
1492809905668325576,100822,1492809905669636987,/fluid_pressure,106419.992188,0.0
1492809905742539510,100823,1492809905743636987,/fluid_pressure,106390.0,0.0
1492809905817204996,100824,1492809905817636987,/fluid_pressure,106380.007812,0.0
1492809905891008041,100825,1492809905892636987,/fluid_pressure,106400.0,0.0
1492809905965173571,100826,1492809905966636987,/fluid_pressure,106380.007812,0.0
1492809906039926235,100827,1492809906040636987,/fluid_pressure,106419.992188,0.0
1492809906114711678,100828,1492809906114636987,/fluid_pressure,106369.992188,0.0
1492809906188860396,100829,1492809906189636987,/fluid_pressure,106390.0,0.0
1492809906262819069,100830,1492809906263636987,/fluid_pressure,106380.007812,0.0
1492809906337266562,100831,1492809906337636987,/fluid_pressure,106369.992188,0.0
1492809906411688155,100832,1492809906411636987,/fluid_pressure,106369.992188,0.0
1492809906485796694,100833,1492809906486636987,/fluid_pressure,106369.992188,0.0
1492809906559539974,100834,1492809906560636987,/fluid_pressure,106390.0,0.0
1492809906633851420,100835,1492809906634636987,/fluid_pressure,106380.007812,0.0
1492809906708838668,100836,1492809906708636987,/fluid_pressure,106360.0,0.0
1492809906782657138,100837,1492809906783636987,/fluid_pressure,106410.0,0.0
1492809906857961010,100838,1492809906857813989,/fluid_pressure,106460.0,0.0
1492809906931864760,100839,1492809906931813989,/fluid_pressure,106350.0,0.0
1492809907005354681,100840,1492809907006813989,/fluid_pressure,106360.0,0.0
1492809907078991877,100841,1492809907080813989,/fluid_pressure,106400.0,0.0
1492809907154471492,100842,1492809907154813989,/fluid_pressure,106390.0,0.0
1492809907228004301,100843,1492809907228813989,/fluid_pressure,106419.992188,0.0
1492809907302323985,100844,1492809907303813989,/fluid_pressure,106440.0,0.0
1492809907376868412,100845,1492809907377813989,/fluid_pressure,106410.0,0.0
1492809907451896736,100846,1492809907451813989,/fluid_pressure,106450.0,0.0
1492809907525181683,100847,1492809907526813989,/fluid_pressure,106380.007812,0.0
1492809907598981746,100848,1492809907600813989,/fluid_pressure,106419.992188,0.0
1492809907673207046,100849,1492809907674813989,/fluid_pressure,106390.0,0.0
1492809907747945598,100850,1492809907748813989,/fluid_pressure,106419.992188,0.0
1492809907822821776,100851,1492809907823813989,/fluid_pressure,106419.992188,0.0
1492809907895925383,100852,1492809907897813989,/fluid_pressure,106419.992188,0.0
1492809907971223502,100853,1492809907971813989,/fluid_pressure,106330.007812,0.0
1492809908045295788,100854,1492809908045813989,/fluid_pressure,106269.992188,0.0
1492809908119243069,100855,1492809908120813989,/fluid_pressure,106310.0,0.0
1492809908193640779,100856,1492809908194813989,/fluid_pressure,106330.007812,0.0
1492809908268828584,100857,1492809908268813989,/fluid_pressure,106340.0,0.0
1492809908342432705,100858,1492809908342813989,/fluid_pressure,106340.0,0.0
1492809908416688081,100859,1492809908417813989,/fluid_pressure,106400.0,0.0
1492809908490428205,100860,1492809908491813989,/fluid_pressure,106430.007812,0.0
1492809908565160954,100861,1492809908565813989,/fluid_pressure,106519.992188,0.0
1492809908639505166,100862,1492809908640813989,/fluid_pressure,106419.992188,0.0
1492809908713419579,100863,1492809908714813989,/fluid_pressure,106419.992188,0.0
1492809908788755084,100864,1492809908788813989,/fluid_pressure,106450.0,0.0
1492809908862819004,100865,1492809908862813989,/fluid_pressure,106450.0,0.0
1492809908936515375,100866,1492809908937813989,/fluid_pressure,106419.992188,0.0
1492809909010314771,100867,1492809909011813989,/fluid_pressure,106410.0,0.0
1492809909085485910,100868,1492809909085813989,/fluid_pressure,106390.0,0.0
1492809909158860906,100869,1492809909159813989,/fluid_pressure,106380.007812,0.0
1492809909233494334,100870,1492809909234813989,/fluid_pressure,106360.0,0.0
1492809909307780000,100871,1492809909308813989,/fluid_pressure,106290.0,0.0
1492809909382594445,100872,1492809909382280981,/fluid_pressure,106350.0,0.0
1492809909456883507,100873,1492809909456280981,/fluid_pressure,106350.0,0.0
1492809909529852114,100874,1492809909531280981,/fluid_pressure,106330.007812,0.0
1492809909605694575,100875,1492809909605280981,/fluid_pressure,106369.992188,0.0
1492809909679244659,100876,1492809909679280981,/fluid_pressure,106360.0,0.0
1492809909753574857,100877,1492809909754280981,/fluid_pressure,106369.992188,0.0
1492809909827202348,100878,1492809909828280981,/fluid_pressure,106310.0,0.0
1492809909902137371,100879,1492809909902280981,/fluid_pressure,106380.007812,0.0
1492809909976159269,100880,1492809909976280981,/fluid_pressure,106330.007812,0.0
1492809910049830857,100881,1492809910051280981,/fluid_pressure,106400.0,0.0
1492809910124247883,100882,1492809910125280981,/fluid_pressure,106450.0,0.0
1492809910199393581,100883,1492809910199280981,/fluid_pressure,106430.007812,0.0
1492809910273456521,100884,1492809910273280981,/fluid_pressure,106410.0,0.0
1492809910347607570,100885,1492809910348280981,/fluid_pressure,106390.0,0.0
1492809910421296068,100886,1492809910422280981,/fluid_pressure,106380.007812,0.0
1492809910496280339,100887,1492809910496280981,/fluid_pressure,106450.0,0.0
1492809910570308839,100888,1492809910570280981,/fluid_pressure,106410.0,0.0
1492809910644301688,100889,1492809910645280981,/fluid_pressure,106419.992188,0.0
1492809910719664959,100890,1492809910719280981,/fluid_pressure,106369.992188,0.0
1492809910793002204,100891,1492809910793280981,/fluid_pressure,106410.0,0.0
1492809910867536063,100892,1492809910868280981,/fluid_pressure,106360.0,0.0
1492809910941746063,100893,1492809910942280981,/fluid_pressure,106330.007812,0.0
1492809911016590746,100894,1492809911016280981,/fluid_pressure,106319.992188,0.0
1492809911090553806,100895,1492809911090280981,/fluid_pressure,106310.0,0.0
1492809911164438276,100896,1492809911165280981,/fluid_pressure,106360.0,0.0
1492809911238552649,100897,1492809911239280981,/fluid_pressure,106360.0,0.0
1492809911313094938,100898,1492809911313280981,/fluid_pressure,106400.0,0.0
1492809911387513788,100899,1492809911387280981,/fluid_pressure,106390.0,0.0
1492809911461567931,100900,1492809911462280981,/fluid_pressure,106319.992188,0.0
1492809911535950287,100901,1492809911536280981,/fluid_pressure,106440.0,0.0
1492809911610112606,100902,1492809911610280981,/fluid_pressure,106390.0,0.0
1492809911684232525,100903,1492809911684280981,/fluid_pressure,106490.0,0.0
1492809911758727442,100904,1492809911759280981,/fluid_pressure,106460.0,0.0
1492809911833883939,100905,1492809911833280981,/fluid_pressure,106380.007812,0.0
1492809911907301783,100906,1492809911908841049,/fluid_pressure,106450.0,0.0
1492809911981124324,100907,1492809911983841049,/fluid_pressure,106469.992188,0.0
1492809912054849220,100908,1492809912057841049,/fluid_pressure,106430.007812,0.0
1492809912130245209,100909,1492809912131841049,/fluid_pressure,106360.0,0.0
1492809912204713811,100910,1492809912205841049,/fluid_pressure,106340.0,0.0
1492809912278084320,100911,1492809912280841049,/fluid_pressure,106310.0,0.0
1492809912353139721,100912,1492809912354841049,/fluid_pressure,106369.992188,0.0
1492809912427187469,100913,1492809912428841049,/fluid_pressure,106310.0,0.0
1492809912501837812,100914,1492809912502841049,/fluid_pressure,106350.0,0.0
1492809912575629598,100915,1492809912577841049,/fluid_pressure,106340.0,0.0
1492809912650693637,100916,1492809912651841049,/fluid_pressure,106330.007812,0.0
1492809912723818306,100917,1492809912725841049,/fluid_pressure,106330.007812,0.0
1492809912798539004,100918,1492809912800841049,/fluid_pressure,106350.0,0.0
1492809912872645305,100919,1492809912874841049,/fluid_pressure,106340.0,0.0
1492809912947538420,100920,1492809912948841049,/fluid_pressure,106410.0,0.0
1492809913021236244,100921,1492809913022841049,/fluid_pressure,106400.0,0.0
1492809913095198494,100922,1492809913097841049,/fluid_pressure,106410.0,0.0
1492809913169987092,100923,1492809913171841049,/fluid_pressure,106419.992188,0.0
1492809913243924617,100924,1492809913245841049,/fluid_pressure,106410.0,0.0
1492809913318127964,100925,1492809913319841049,/fluid_pressure,106430.007812,0.0
1492809913392295825,100926,1492809913394841049,/fluid_pressure,106360.0,0.0
1492809913467846226,100927,1492809913468841049,/fluid_pressure,106460.0,0.0
1492809913541836437,100928,1492809913542841049,/fluid_pressure,106390.0,0.0
1492809913615241670,100929,1492809913616841049,/fluid_pressure,106390.0,0.0
1492809913688981076,100930,1492809913691841049,/fluid_pressure,106369.992188,0.0
1492809913764480754,100931,1492809913765841049,/fluid_pressure,106369.992188,0.0
1492809913838553492,100932,1492809913839841049,/fluid_pressure,106290.0,0.0
1492809913912367293,100933,1492809913913841049,/fluid_pressure,106319.992188,0.0
1492809913985846175,100934,1492809913988841049,/fluid_pressure,106269.992188,0.0
1492809914061277527,100935,1492809914062841049,/fluid_pressure,106280.007812,0.0
1492809914135448442,100936,1492809914136841049,/fluid_pressure,106300.0,0.0
1492809914209470932,100937,1492809914211841049,/fluid_pressure,106390.0,0.0
1492809914284833864,100938,1492809914285841049,/fluid_pressure,106300.0,0.0
1492809914358391638,100939,1492809914359841049,/fluid_pressure,106410.0,0.0
1492809914432266196,100940,1492809914432844078,/fluid_pressure,106410.0,0.0
1492809914506228062,100941,1492809914507844078,/fluid_pressure,106419.992188,0.0
1492809914580989947,100942,1492809914581844078,/fluid_pressure,106390.0,0.0
1492809914655977390,100943,1492809914655844078,/fluid_pressure,106460.0,0.0
1492809914729445570,100944,1492809914730844078,/fluid_pressure,106369.992188,0.0
1492809914803615970,100945,1492809914804844078,/fluid_pressure,106430.007812,0.0
1492809914878924445,100946,1492809914878844078,/fluid_pressure,106410.0,0.0
1492809914952068861,100947,1492809914952844078,/fluid_pressure,106380.007812,0.0
1492809915026077632,100948,1492809915027844078,/fluid_pressure,106400.0,0.0
1492809915101098281,100949,1492809915101844078,/fluid_pressure,106360.0,0.0
1492809915175620174,100950,1492809915175844078,/fluid_pressure,106369.992188,0.0
1492809915249121300,100951,1492809915249844078,/fluid_pressure,106340.0,0.0
1492809915323198366,100952,1492809915324844078,/fluid_pressure,106330.007812,0.0
1492809915398658368,100953,1492809915398844078,/fluid_pressure,106300.0,0.0
1492809915472557904,100954,1492809915472844078,/fluid_pressure,106360.0,0.0
1492809915546678549,100955,1492809915547844078,/fluid_pressure,106250.0,0.0
1492809915620281769,100956,1492809915621844078,/fluid_pressure,106310.0,0.0
1492809915695175138,100957,1492809915695844078,/fluid_pressure,106390.0,0.0
1492809915769530868,100958,1492809915769844078,/fluid_pressure,106419.992188,0.0
1492809915843238351,100959,1492809915844844078,/fluid_pressure,106430.007812,0.0
1492809915918443731,100960,1492809915918844078,/fluid_pressure,106419.992188,0.0
1492809915991864080,100961,1492809915992844078,/fluid_pressure,106390.0,0.0
1492809916066122242,100962,1492809916066844078,/fluid_pressure,106440.0,0.0
1492809916139995988,100963,1492809916141844078,/fluid_pressure,106380.007812,0.0
1492809916215692426,100964,1492809916215844078,/fluid_pressure,106410.0,0.0
1492809916289586808,100965,1492809916289844078,/fluid_pressure,106400.0,0.0
1492809916363743763,100966,1492809916363844078,/fluid_pressure,106390.0,0.0
1492809916437853517,100967,1492809916438844078,/fluid_pressure,106390.0,0.0
1492809916512145420,100968,1492809916512844078,/fluid_pressure,106419.992188,0.0
1492809916585923034,100969,1492809916586844078,/fluid_pressure,106330.007812,0.0
1492809916660550279,100970,1492809916661844078,/fluid_pressure,106419.992188,0.0
1492809916735473088,100971,1492809916735844078,/fluid_pressure,106310.0,0.0
1492809916809376906,100972,1492809916809844078,/fluid_pressure,106380.007812,0.0
1492809916883395503,100973,1492809916883844078,/fluid_pressure,106290.0,0.0
1492809916957403301,100974,1492809916958362018,/fluid_pressure,106330.007812,0.0
1492809917032494137,100975,1492809917032362018,/fluid_pressure,106319.992188,0.0
1492809917106760461,100976,1492809917106362018,/fluid_pressure,106340.0,0.0
1492809917180172376,100977,1492809917180362018,/fluid_pressure,106360.0,0.0
1492809917255090405,100978,1492809917255362018,/fluid_pressure,106369.992188,0.0
1492809917328968142,100979,1492809917329362018,/fluid_pressure,106340.0,0.0
1492809917403636861,100980,1492809917403362018,/fluid_pressure,106410.0,0.0
1492809917477397789,100981,1492809917477362018,/fluid_pressure,106419.992188,0.0
1492809917552701033,100982,1492809917552362018,/fluid_pressure,106380.007812,0.0
1492809917626284102,100983,1492809917626362018,/fluid_pressure,106400.0,0.0
1492809917699858179,100984,1492809917700362018,/fluid_pressure,106410.0,0.0
1492809917774810649,100985,1492809917775362018,/fluid_pressure,106419.992188,0.0
1492809917849307347,100986,1492809917849362018,/fluid_pressure,106369.992188,0.0
1492809917922942530,100987,1492809917923362018,/fluid_pressure,106419.992188,0.0
1492809917997835967,100988,1492809917997362018,/fluid_pressure,106400.0,0.0
1492809918070870926,100989,1492809918072362018,/fluid_pressure,106360.0,0.0
1492809918146398446,100990,1492809918146362018,/fluid_pressure,106330.007812,0.0
1492809918220800934,100991,1492809918220362018,/fluid_pressure,106280.007812,0.0
1492809918294756962,100992,1492809918294362018,/fluid_pressure,106360.0,0.0
1492809918369676328,100993,1492809918369362018,/fluid_pressure,106360.0,0.0
1492809918443646936,100994,1492809918443362018,/fluid_pressure,106369.992188,0.0
1492809918517584867,100995,1492809918517362018,/fluid_pressure,106280.007812,0.0
1492809918591620331,100996,1492809918591362018,/fluid_pressure,106340.0,0.0
1492809918666284060,100997,1492809918666362018,/fluid_pressure,106269.992188,0.0
1492809918739985462,100998,1492809918740362018,/fluid_pressure,106369.992188,0.0
1492809918814716678,100999,1492809918814362018,/fluid_pressure,106380.007812,0.0
1492809918887813261,101000,1492809918889362018,/fluid_pressure,106350.0,0.0
1492809918962932424,101001,1492809918963362018,/fluid_pressure,106350.0,0.0
1492809919037413938,101002,1492809919037362018,/fluid_pressure,106319.992188,0.0
1492809919111344468,101003,1492809919111362018,/fluid_pressure,106360.0,0.0
1492809919186232155,101004,1492809919186362018,/fluid_pressure,106380.007812,0.0
1492809919260703377,101005,1492809919260362018,/fluid_pressure,106419.992188,0.0
1492809919333978284,101006,1492809919334362018,/fluid_pressure,106340.0,0.0
1492809919408167952,101007,1492809919408362018,/fluid_pressure,106350.0,0.0
1492809919483335501,101008,1492809919483095085,/fluid_pressure,106400.0,0.0
1492809919557097104,101009,1492809919557095085,/fluid_pressure,106390.0,0.0
1492809919631190518,101010,1492809919631095085,/fluid_pressure,106400.0,0.0
1492809919705375430,101011,1492809919706095085,/fluid_pressure,106319.992188,0.0
1492809919779879494,101012,1492809919780095085,/fluid_pressure,106340.0,0.0
1492809919853807871,101013,1492809919854095085,/fluid_pressure,106360.0,0.0
1492809919927839167,101014,1492809919928095085,/fluid_pressure,106360.0,0.0
1492809920002868032,101015,1492809920003095085,/fluid_pressure,106330.007812,0.0
1492809920077114326,101016,1492809920077095085,/fluid_pressure,106390.0,0.0
1492809920151095751,101017,1492809920151095085,/fluid_pressure,106369.992188,0.0
1492809920225233709,101018,1492809920225095085,/fluid_pressure,106419.992188,0.0
1492809920300669751,101019,1492809920300095085,/fluid_pressure,106410.0,0.0
1492809920374686289,101020,1492809920374095085,/fluid_pressure,106350.0,0.0
1492809920448325220,101021,1492809920448095085,/fluid_pressure,106380.007812,0.0
1492809920522629269,101022,1492809920522095085,/fluid_pressure,106300.0,0.0
1492809920596881357,101023,1492809920597095085,/fluid_pressure,106360.0,0.0
1492809920671764839,101024,1492809920671095085,/fluid_pressure,106319.992188,0.0
1492809920745842351,101025,1492809920745095085,/fluid_pressure,106319.992188,0.0
1492809920819229924,101026,1492809920820095085,/fluid_pressure,106350.0,0.0
1492809920894171487,101027,1492809920894095085,/fluid_pressure,106350.0,0.0
1492809920968736814,101028,1492809920968095085,/fluid_pressure,106400.0,0.0
1492809921042251256,101029,1492809921042095085,/fluid_pressure,106419.992188,0.0
1492809921116936206,101030,1492809921117095085,/fluid_pressure,106440.0,0.0
1492809921191269571,101031,1492809921191095085,/fluid_pressure,106390.0,0.0
1492809921265568851,101032,1492809921265095085,/fluid_pressure,106380.007812,0.0
1492809921339120244,101033,1492809921339095085,/fluid_pressure,106380.007812,0.0
1492809921414321724,101034,1492809921414095085,/fluid_pressure,106390.0,0.0
1492809921487966465,101035,1492809921488095085,/fluid_pressure,106340.0,0.0
1492809921562634343,101036,1492809921562095085,/fluid_pressure,106330.007812,0.0
1492809921637007842,101037,1492809921637095085,/fluid_pressure,106290.0,0.0
1492809921711352480,101038,1492809921711095085,/fluid_pressure,106319.992188,0.0
1492809921785498442,101039,1492809921785095085,/fluid_pressure,106310.0,0.0
1492809921859037053,101040,1492809921859095085,/fluid_pressure,106340.0,0.0
1492809921934300773,101041,1492809921934095085,/fluid_pressure,106319.992188,0.0
1492809922008365596,101042,1492809922009015953,/fluid_pressure,106290.0,0.0
1492809922082562504,101043,1492809922083015953,/fluid_pressure,106319.992188,0.0
1492809922156297941,101044,1492809922157015953,/fluid_pressure,106260.0,0.0
1492809922231456592,101045,1492809922232015953,/fluid_pressure,106350.0,0.0
1492809922305868004,101046,1492809922306015953,/fluid_pressure,106360.0,0.0
1492809922379145046,101047,1492809922380015953,/fluid_pressure,106290.0,0.0
1492809922454347788,101048,1492809922455015953,/fluid_pressure,106290.0,0.0
1492809922528481697,101049,1492809922529015953,/fluid_pressure,106300.0,0.0
1492809922601836038,101050,1492809922603015953,/fluid_pressure,106269.992188,0.0
1492809922676528562,101051,1492809922677015953,/fluid_pressure,106230.007812,0.0
1492809922751962747,101052,1492809922752015953,/fluid_pressure,106380.007812,0.0
1492809922825670497,101053,1492809922826015953,/fluid_pressure,106430.007812,0.0
1492809922899169626,101054,1492809922900015953,/fluid_pressure,106300.0,0.0
1492809922973372550,101055,1492809922974015953,/fluid_pressure,106369.992188,0.0
1492809923048513958,101056,1492809923049015953,/fluid_pressure,106380.007812,0.0
1492809923122163432,101057,1492809923123015953,/fluid_pressure,106340.0,0.0
1492809923196689510,101058,1492809923197015953,/fluid_pressure,106350.0,0.0
1492809923271161341,101059,1492809923271015953,/fluid_pressure,106340.0,0.0
1492809923345556252,101060,1492809923346015953,/fluid_pressure,106390.0,0.0
1492809923419395839,101061,1492809923420015953,/fluid_pressure,106330.007812,0.0
1492809923493694200,101062,1492809923494015953,/fluid_pressure,106440.0,0.0
1492809923568301573,101063,1492809923569015953,/fluid_pressure,106390.0,0.0
1492809923642298961,101064,1492809923643015953,/fluid_pressure,106319.992188,0.0
1492809923716779096,101065,1492809923717015953,/fluid_pressure,106360.0,0.0
1492809923790451847,101066,1492809923791015953,/fluid_pressure,106350.0,0.0
1492809923865298066,101067,1492809923866015953,/fluid_pressure,106310.0,0.0
1492809923939413295,101068,1492809923940015953,/fluid_pressure,106310.0,0.0
1492809924013066032,101069,1492809924014015953,/fluid_pressure,106410.0,0.0
1492809924087538194,101070,1492809924088015953,/fluid_pressure,106369.992188,0.0
1492809924162119198,101071,1492809924163015953,/fluid_pressure,106380.007812,0.0
1492809924235888988,101072,1492809924237015953,/fluid_pressure,106380.007812,0.0
1492809924310320261,101073,1492809924311015953,/fluid_pressure,106490.0,0.0
1492809924385330684,101074,1492809924385015953,/fluid_pressure,106450.0,0.0
1492809924459459378,101075,1492809924460015953,/fluid_pressure,106440.0,0.0
1492809924533424468,101076,1492809924534336006,/fluid_pressure,106490.0,0.0
1492809924607368281,101077,1492809924608336006,/fluid_pressure,106469.992188,0.0
1492809924682298351,101078,1492809924683336006,/fluid_pressure,106450.0,0.0
1492809924756773026,101079,1492809924757336006,/fluid_pressure,106410.0,0.0
1492809924830722627,101080,1492809924831336006,/fluid_pressure,106450.0,0.0
1492809924903846367,101081,1492809924905336006,/fluid_pressure,106390.0,0.0
1492809924979370060,101082,1492809924980336006,/fluid_pressure,106330.007812,0.0
1492809925053586247,101083,1492809925054336006,/fluid_pressure,106310.0,0.0
1492809925126994102,101084,1492809925128336006,/fluid_pressure,106290.0,0.0
1492809925201872113,101085,1492809925202336006,/fluid_pressure,106310.0,0.0
1492809925275930605,101086,1492809925277336006,/fluid_pressure,106300.0,0.0
1492809925350020175,101087,1492809925351336006,/fluid_pressure,106369.992188,0.0
1492809925424156626,101088,1492809925425336006,/fluid_pressure,106330.007812,0.0
1492809925499733324,101089,1492809925500336006,/fluid_pressure,106390.0,0.0
1492809925573153633,101090,1492809925574336006,/fluid_pressure,106330.007812,0.0
1492809925647605856,101091,1492809925648336006,/fluid_pressure,106419.992188,0.0
1492809925721877785,101092,1492809925722336006,/fluid_pressure,106440.0,0.0
1492809925796229380,101093,1492809925797336006,/fluid_pressure,106450.0,0.0
1492809925870483272,101094,1492809925871336006,/fluid_pressure,106460.0,0.0
1492809925944723148,101095,1492809925945336006,/fluid_pressure,106519.992188,0.0
1492809926019054937,101096,1492809926019336006,/fluid_pressure,106490.0,0.0
1492809926093555446,101097,1492809926094336006,/fluid_pressure,106460.0,0.0
1492809926167334748,101098,1492809926168336006,/fluid_pressure,106490.0,0.0
1492809926240877249,101099,1492809926242336006,/fluid_pressure,106460.0,0.0
1492809926315761929,101100,1492809926316336006,/fluid_pressure,106400.0,0.0
1492809926390741905,101101,1492809926391336006,/fluid_pressure,106390.0,0.0
1492809926464657806,101102,1492809926465336006,/fluid_pressure,106369.992188,0.0
1492809926538952225,101103,1492809926539336006,/fluid_pressure,106369.992188,0.0
1492809926613172655,101104,1492809926613336006,/fluid_pressure,106280.007812,0.0
1492809926687184357,101105,1492809926688336006,/fluid_pressure,106380.007812,0.0
1492809926761657644,101106,1492809926762336006,/fluid_pressure,106280.007812,0.0
1492809926836250001,101107,1492809926836336006,/fluid_pressure,106230.007812,0.0
1492809926910293306,101108,1492809926911336006,/fluid_pressure,106319.992188,0.0
1492809926984568104,101109,1492809926985336006,/fluid_pressure,106350.0,0.0
1492809927057930121,101110,1492809927059317028,/fluid_pressure,106369.992188,0.0
1492809927133475004,101111,1492809927134317028,/fluid_pressure,106390.0,0.0
1492809927207766867,101112,1492809927208317028,/fluid_pressure,106419.992188,0.0
1492809927281018492,101113,1492809927282317028,/fluid_pressure,106380.007812,0.0
1492809927356297558,101114,1492809927356317028,/fluid_pressure,106390.0,0.0
1492809927430283634,101115,1492809927431317028,/fluid_pressure,106510.0,0.0
1492809927503842553,101116,1492809927505317028,/fluid_pressure,106340.0,0.0
1492809927578596521,101117,1492809927579317028,/fluid_pressure,106460.0,0.0
1492809927653416867,101118,1492809927653317028,/fluid_pressure,106460.0,0.0
1492809927727696426,101119,1492809927728317028,/fluid_pressure,106430.007812,0.0
1492809927801853463,101120,1492809927802317028,/fluid_pressure,106369.992188,0.0
1492809927874832343,101121,1492809927876317028,/fluid_pressure,106319.992188,0.0
1492809927950186652,101122,1492809927950317028,/fluid_pressure,106369.992188,0.0
1492809928023778009,101123,1492809928025317028,/fluid_pressure,106280.007812,0.0
1492809928098160273,101124,1492809928099317028,/fluid_pressure,106360.0,0.0
1492809928172801239,101125,1492809928173317028,/fluid_pressure,106380.007812,0.0
1492809928247631401,101126,1492809928248317028,/fluid_pressure,106400.0,0.0
1492809928321597243,101127,1492809928322317028,/fluid_pressure,106360.0,0.0
1492809928395565565,101128,1492809928396317028,/fluid_pressure,106369.992188,0.0
1492809928470578905,101129,1492809928470317028,/fluid_pressure,106450.0,0.0
1492809928544534654,101130,1492809928545317028,/fluid_pressure,106410.0,0.0
1492809928617854497,101131,1492809928619317028,/fluid_pressure,106430.007812,0.0
1492809928692014319,101132,1492809928693317028,/fluid_pressure,106360.0,0.0
1492809928767366870,101133,1492809928767317028,/fluid_pressure,106530.007812,0.0
1492809928841737710,101134,1492809928842317028,/fluid_pressure,106430.007812,0.0
1492809928915155210,101135,1492809928916317028,/fluid_pressure,106419.992188,0.0
1492809928989160993,101136,1492809928990317028,/fluid_pressure,106390.0,0.0
1492809929064387987,101137,1492809929064317028,/fluid_pressure,106430.007812,0.0
1492809929138419199,101138,1492809929139317028,/fluid_pressure,106330.007812,0.0
1492809929211855643,101139,1492809929213317028,/fluid_pressure,106360.0,0.0
1492809929287309673,101140,1492809929287317028,/fluid_pressure,106380.007812,0.0
1492809929361477963,101141,1492809929362317028,/fluid_pressure,106310.0,0.0
1492809929435464219,101142,1492809929436317028,/fluid_pressure,106350.0,0.0
1492809929509877664,101143,1492809929510317028,/fluid_pressure,106280.007812,0.0
1492809929583835427,101144,1492809929584349071,/fluid_pressure,106330.007812,0.0
1492809929658792715,101145,1492809929659349071,/fluid_pressure,106350.0,0.0
1492809929732514441,101146,1492809929733349071,/fluid_pressure,106319.992188,0.0
1492809929806488545,101147,1492809929807349071,/fluid_pressure,106310.0,0.0
1492809929881593070,101148,1492809929881349071,/fluid_pressure,106300.0,0.0
1492809929956266916,101149,1492809929956349071,/fluid_pressure,106419.992188,0.0
1492809930029578488,101150,1492809930030349071,/fluid_pressure,106460.0,0.0
1492809930104708908,101151,1492809930104349071,/fluid_pressure,106400.0,0.0
1492809930178841473,101152,1492809930179349071,/fluid_pressure,106369.992188,0.0
1492809930251895028,101153,1492809930253349071,/fluid_pressure,106440.0,0.0
1492809930326719640,101154,1492809930327349071,/fluid_pressure,106510.0,0.0
1492809930400824318,101155,1492809930401349071,/fluid_pressure,106360.0,0.0
1492809930475081750,101156,1492809930476349071,/fluid_pressure,106340.0,0.0
1492809930549059635,101157,1492809930550349071,/fluid_pressure,106460.0,0.0
1492809930622912508,101158,1492809930624349071,/fluid_pressure,106340.0,0.0
1492809930698775942,101159,1492809930698349071,/fluid_pressure,106290.0,0.0
1492809930772392261,101160,1492809930773349071,/fluid_pressure,106240.0,0.0
1492809930846411384,101161,1492809930847349071,/fluid_pressure,106269.992188,0.0
1492809930920728748,101162,1492809930921349071,/fluid_pressure,106330.007812,0.0
1492809930995876871,101163,1492809930995349071,/fluid_pressure,106250.0,0.0
1492809931069447126,101164,1492809931070349071,/fluid_pressure,106310.0,0.0
1492809931143330248,101165,1492809931144349071,/fluid_pressure,106330.007812,0.0
1492809931218153217,101166,1492809931218349071,/fluid_pressure,106340.0,0.0
1492809931292835006,101167,1492809931292349071,/fluid_pressure,106330.007812,0.0
1492809931366441063,101168,1492809931367349071,/fluid_pressure,106419.992188,0.0
1492809931440406424,101169,1492809931441349071,/fluid_pressure,106390.0,0.0
1492809931515078589,101170,1492809931515349071,/fluid_pressure,106390.0,0.0
1492809931588948884,101171,1492809931590349071,/fluid_pressure,106410.0,0.0
1492809931663760454,101172,1492809931664349071,/fluid_pressure,106410.0,0.0
1492809931738592199,101173,1492809931738349071,/fluid_pressure,106350.0,0.0
1492809931812778981,101174,1492809931812349071,/fluid_pressure,106369.992188,0.0
1492809931886539467,101175,1492809931887349071,/fluid_pressure,106340.0,0.0
1492809931960160064,101176,1492809931961349071,/fluid_pressure,106310.0,0.0
1492809932034920555,101177,1492809932035349071,/fluid_pressure,106280.007812,0.0
1492809932109395446,101178,1492809932109994089,/fluid_pressure,106280.007812,0.0
1492809932183785464,101179,1492809932184994089,/fluid_pressure,106369.992188,0.0
1492809932257823691,101180,1492809932258994089,/fluid_pressure,106260.0,0.0
1492809932332020587,101181,1492809932332994089,/fluid_pressure,106290.0,0.0
1492809932406801123,101182,1492809932407994089,/fluid_pressure,106310.0,0.0
1492809932480266535,101183,1492809932481994089,/fluid_pressure,106340.0,0.0
1492809932554797976,101184,1492809932555994089,/fluid_pressure,106310.0,0.0
1492809932629064371,101185,1492809932629994089,/fluid_pressure,106290.0,0.0
1492809932702842767,101186,1492809932704994089,/fluid_pressure,106340.0,0.0
1492809932777346420,101187,1492809932778994089,/fluid_pressure,106360.0,0.0
1492809932852414878,101188,1492809932852994089,/fluid_pressure,106390.0,0.0
1492809932926649041,101189,1492809932926994089,/fluid_pressure,106340.0,0.0
1492809933000629207,101190,1492809933001994089,/fluid_pressure,106290.0,0.0
1492809933074972966,101191,1492809933075994089,/fluid_pressure,106390.0,0.0
1492809933149425555,101192,1492809933149994089,/fluid_pressure,106319.992188,0.0
1492809933222969424,101193,1492809933223994089,/fluid_pressure,106390.0,0.0
1492809933297794426,101194,1492809933298994089,/fluid_pressure,106380.007812,0.0
1492809933371395023,101195,1492809933372994089,/fluid_pressure,106360.0,0.0
1492809933445843158,101196,1492809933446994089,/fluid_pressure,106380.007812,0.0
1492809933520517136,101197,1492809933521994089,/fluid_pressure,106280.007812,0.0
1492809933594306630,101198,1492809933595994089,/fluid_pressure,106340.0,0.0
1492809933669810234,101199,1492809933669994089,/fluid_pressure,106269.992188,0.0
1492809933743576424,101200,1492809933743994089,/fluid_pressure,106369.992188,0.0
1492809933817681132,101201,1492809933818994089,/fluid_pressure,106400.0,0.0
1492809933890985737,101202,1492809933892994089,/fluid_pressure,106310.0,0.0
1492809933965936721,101203,1492809933966994089,/fluid_pressure,106430.007812,0.0
1492809934039920707,101204,1492809934040994089,/fluid_pressure,106369.992188,0.0
1492809934114547740,101205,1492809934115994089,/fluid_pressure,106340.0,0.0
1492809934188025560,101206,1492809934189994089,/fluid_pressure,106330.007812,0.0
1492809934263534723,101207,1492809934263994089,/fluid_pressure,106380.007812,0.0
1492809934337340678,101208,1492809934338994089,/fluid_pressure,106469.992188,0.0
1492809934411925493,101209,1492809934412994089,/fluid_pressure,106360.0,0.0
1492809934485586215,101210,1492809934486994089,/fluid_pressure,106380.007812,0.0
1492809934560001534,101211,1492809934560994089,/fluid_pressure,106430.007812,0.0
1492809934633815534,101212,1492809934636823881,/fluid_pressure,106469.992188,0.0
1492809934708083221,101213,1492809934710823881,/fluid_pressure,106469.992188,0.0
1492809934783176947,101214,1492809934784823881,/fluid_pressure,106540.0,0.0
1492809934857246444,101215,1492809934858823881,/fluid_pressure,106630.007812,0.0
1492809934930838917,101216,1492809934933823881,/fluid_pressure,106580.007812,0.0
1492809935005158817,101217,1492809935007823881,/fluid_pressure,106610.0,0.0
1492809935080628788,101218,1492809935081823881,/fluid_pressure,106669.992188,0.0
1492809935154743281,101219,1492809935155823881,/fluid_pressure,106660.0,0.0
1492809935228682753,101220,1492809935230823881,/fluid_pressure,106569.992188,0.0
1492809935303886929,101221,1492809935304823881,/fluid_pressure,106630.007812,0.0
1492809935377832483,101222,1492809935378823881,/fluid_pressure,106550.0,0.0
1492809935451423342,101223,1492809935453823881,/fluid_pressure,106460.0,0.0
1492809935524865492,101224,1492809935527823881,/fluid_pressure,106469.992188,0.0
1492809935600069591,101225,1492809935601823881,/fluid_pressure,106450.0,0.0
1492809935674184124,101226,1492809935675823881,/fluid_pressure,106400.0,0.0
1492809935748272265,101227,1492809935750823881,/fluid_pressure,106340.0,0.0
1492809935822356122,101228,1492809935824823881,/fluid_pressure,106380.007812,0.0
1492809935897698754,101229,1492809935898823881,/fluid_pressure,106469.992188,0.0
1492809935971589377,101230,1492809935972823881,/fluid_pressure,106360.0,0.0
1492809936045388535,101231,1492809936047823881,/fluid_pressure,106400.0,0.0
1492809936119623376,101232,1492809936121823881,/fluid_pressure,106380.007812,0.0
1492809936194601126,101233,1492809936195823881,/fluid_pressure,106390.0,0.0
1492809936267969688,101234,1492809936270823881,/fluid_pressure,106430.007812,0.0
1492809936342282339,101235,1492809936344823881,/fluid_pressure,106450.0,0.0
1492809936417564500,101236,1492809936418823881,/fluid_pressure,106430.007812,0.0
1492809936490924914,101237,1492809936492823881,/fluid_pressure,106510.0,0.0
1492809936564940338,101238,1492809936567823881,/fluid_pressure,106540.0,0.0
1492809936639619160,101239,1492809936641823881,/fluid_pressure,106490.0,0.0
1492809936714733153,101240,1492809936715823881,/fluid_pressure,106600.0,0.0
1492809936788791394,101241,1492809936789823881,/fluid_pressure,106560.0,0.0
1492809936862420145,101242,1492809936864823881,/fluid_pressure,106580.007812,0.0
1492809936937814353,101243,1492809936938823881,/fluid_pressure,106590.0,0.0
1492809937011279878,101244,1492809937012823881,/fluid_pressure,106540.0,0.0
1492809937085020811,101245,1492809937086823881,/fluid_pressure,106480.007812,0.0
1492809937159479098,101246,1492809937160149967,/fluid_pressure,106510.0,0.0
1492809937234269361,101247,1492809937234149967,/fluid_pressure,106450.0,0.0
1492809937308728144,101248,1492809937308149967,/fluid_pressure,106450.0,0.0
1492809937382845250,101249,1492809937383149967,/fluid_pressure,106440.0,0.0
1492809937456154326,101250,1492809937457149967,/fluid_pressure,106460.0,0.0
1492809937531353634,101251,1492809937531149967,/fluid_pressure,106469.992188,0.0
1492809937605426054,101252,1492809937605149967,/fluid_pressure,106480.007812,0.0
1492809937679672387,101253,1492809937680149967,/fluid_pressure,106510.0,0.0
1492809937754517700,101254,1492809937754149967,/fluid_pressure,106450.0,0.0
1492809937828276921,101255,1492809937828149967,/fluid_pressure,106510.0,0.0
1492809937901853393,101256,1492809937902149967,/fluid_pressure,106460.0,0.0
1492809937976312818,101257,1492809937977149967,/fluid_pressure,106460.0,0.0
1492809938051888599,101258,1492809938051149967,/fluid_pressure,106530.007812,0.0
1492809938125483281,101259,1492809938125149967,/fluid_pressure,106469.992188,0.0
1492809938199247910,101260,1492809938199149967,/fluid_pressure,106419.992188,0.0
1492809938273237652,101261,1492809938274149967,/fluid_pressure,106380.007812,0.0
1492809938348378958,101262,1492809938348149967,/fluid_pressure,106380.007812,0.0
1492809938422226598,101263,1492809938422149967,/fluid_pressure,106480.007812,0.0
1492809938496122746,101264,1492809938497149967,/fluid_pressure,106350.0,0.0
1492809938570043107,101265,1492809938571149967,/fluid_pressure,106410.0,0.0
1492809938644948400,101266,1492809938645149967,/fluid_pressure,106340.0,0.0
1492809938719152448,101267,1492809938719149967,/fluid_pressure,106330.007812,0.0
1492809938792950989,101268,1492809938794149967,/fluid_pressure,106369.992188,0.0
1492809938867956284,101269,1492809938868149967,/fluid_pressure,106340.0,0.0
1492809938942025111,101270,1492809938942149967,/fluid_pressure,106280.007812,0.0
1492809939016264018,101271,1492809939016149967,/fluid_pressure,106250.0,0.0
1492809939090443902,101272,1492809939091149967,/fluid_pressure,106340.0,0.0
1492809939164911291,101273,1492809939165149967,/fluid_pressure,106240.0,0.0
1492809939239056257,101274,1492809939239149967,/fluid_pressure,106290.0,0.0
1492809939313615458,101275,1492809939313149967,/fluid_pressure,106260.0,0.0
1492809939387219761,101276,1492809939388149967,/fluid_pressure,106260.0,0.0
1492809939462238109,101277,1492809939462149967,/fluid_pressure,106280.007812,0.0
1492809939536703823,101278,1492809939536149967,/fluid_pressure,106280.007812,0.0
1492809939610695104,101279,1492809939611149967,/fluid_pressure,106310.0,0.0
1492809939685445741,101280,1492809939685633098,/fluid_pressure,106319.992188,0.0
1492809939759204326,101281,1492809939759633098,/fluid_pressure,106350.0,0.0
1492809939833805751,101282,1492809939833633098,/fluid_pressure,106340.0,0.0
1492809939907302159,101283,1492809939908633098,/fluid_pressure,106340.0,0.0
1492809939982118921,101284,1492809939982633098,/fluid_pressure,106319.992188,0.0
1492809940056315090,101285,1492809940056633098,/fluid_pressure,106340.0,0.0
1492809940130330151,101286,1492809940131633098,/fluid_pressure,106340.0,0.0
1492809940204490243,101287,1492809940205633098,/fluid_pressure,106360.0,0.0
1492809940279319514,101288,1492809940279633098,/fluid_pressure,106419.992188,0.0
1492809940353176514,101289,1492809940353633098,/fluid_pressure,106340.0,0.0
1492809940426877584,101290,1492809940428633098,/fluid_pressure,106340.0,0.0
1492809940501996498,101291,1492809940502633098,/fluid_pressure,106340.0,0.0
1492809940576440864,101292,1492809940576633098,/fluid_pressure,106360.0,0.0
1492809940649988751,101293,1492809940650633098,/fluid_pressure,106350.0,0.0
1492809940724771533,101294,1492809940725633098,/fluid_pressure,106419.992188,0.0
1492809940799410401,101295,1492809940799633098,/fluid_pressure,106300.0,0.0
1492809940873333452,101296,1492809940873633098,/fluid_pressure,106200.0,0.0
1492809940947589230,101297,1492809940947633098,/fluid_pressure,106430.007812,0.0
1492809941021552203,101298,1492809941022633098,/fluid_pressure,106419.992188,0.0
1492809941096416091,101299,1492809941096633098,/fluid_pressure,106369.992188,0.0
1492809941170669465,101300,1492809941170633098,/fluid_pressure,106580.007812,0.0
1492809941243913503,101301,1492809941245633098,/fluid_pressure,106430.007812,0.0
1492809941318473317,101302,1492809941319633098,/fluid_pressure,106469.992188,0.0
1492809941392893657,101303,1492809941393633098,/fluid_pressure,106519.992188,0.0
1492809941466904481,101304,1492809941467633098,/fluid_pressure,106440.0,0.0
1492809941541618304,101305,1492809941542633098,/fluid_pressure,106500.0,0.0
1492809941616710391,101306,1492809941616633098,/fluid_pressure,106510.0,0.0
1492809941690480542,101307,1492809941690633098,/fluid_pressure,106490.0,0.0
1492809941764697414,101308,1492809941764633098,/fluid_pressure,106560.0,0.0
1492809941837944994,101309,1492809941839633098,/fluid_pressure,106550.0,0.0
1492809941912787346,101310,1492809941913633098,/fluid_pressure,106500.0,0.0
1492809941986840050,101311,1492809941987633098,/fluid_pressure,106490.0,0.0
1492809942060845181,101312,1492809942061633098,/fluid_pressure,106519.992188,0.0
1492809942135957498,101313,1492809942136633098,/fluid_pressure,106519.992188,0.0
1492809942210686945,101314,1492809942210909044,/fluid_pressure,106510.0,0.0
1492809942284329430,101315,1492809942284909044,/fluid_pressure,106460.0,0.0
1492809942358594881,101316,1492809942359909044,/fluid_pressure,106550.0,0.0
1492809942433879774,101317,1492809942433909044,/fluid_pressure,106550.0,0.0
1492809942507669793,101318,1492809942507909044,/fluid_pressure,106560.0,0.0
1492809942581650231,101319,1492809942581909044,/fluid_pressure,106490.0,0.0
1492809942655775046,101320,1492809942656909044,/fluid_pressure,106480.007812,0.0
1492809942730146534,101321,1492809942730909044,/fluid_pressure,106380.007812,0.0
1492809942804172413,101322,1492809942804909044,/fluid_pressure,106419.992188,0.0
1492809942878188641,101323,1492809942878909044,/fluid_pressure,106460.0,0.0
1492809942953610496,101324,1492809942953909044,/fluid_pressure,106460.0,0.0
1492809943027197352,101325,1492809943027909044,/fluid_pressure,106469.992188,0.0
1492809943101644905,101326,1492809943101909044,/fluid_pressure,106469.992188,0.0
1492809943175218568,101327,1492809943176909044,/fluid_pressure,106469.992188,0.0
1492809943250699187,101328,1492809943250909044,/fluid_pressure,106490.0,0.0
1492809943324186636,101329,1492809943324909044,/fluid_pressure,106490.0,0.0
1492809943399072750,101330,1492809943398909044,/fluid_pressure,106550.0,0.0
1492809943472713278,101331,1492809943473909044,/fluid_pressure,106490.0,0.0
1492809943546884595,101332,1492809943547909044,/fluid_pressure,106450.0,0.0
1492809943620960320,101333,1492809943621909044,/fluid_pressure,106500.0,0.0
1492809943695816089,101334,1492809943695909044,/fluid_pressure,106469.992188,0.0
1492809943770798667,101335,1492809943770909044,/fluid_pressure,106500.0,0.0
1492809943844166832,101336,1492809943844909044,/fluid_pressure,106469.992188,0.0
1492809943918463601,101337,1492809943918909044,/fluid_pressure,106360.0,0.0
1492809943991905015,101338,1492809943992909044,/fluid_pressure,106460.0,0.0
1492809944067088200,101339,1492809944067909044,/fluid_pressure,106490.0,0.0
1492809944141885611,101340,1492809944141909044,/fluid_pressure,106450.0,0.0
1492809944215068214,101341,1492809944215909044,/fluid_pressure,106500.0,0.0
1492809944288979150,101342,1492809944289909044,/fluid_pressure,106469.992188,0.0
1492809944363975974,101343,1492809944364909044,/fluid_pressure,106490.0,0.0
1492809944438393298,101344,1492809944438909044,/fluid_pressure,106469.992188,0.0
1492809944512296065,101345,1492809944512909044,/fluid_pressure,106490.0,0.0
1492809944586647875,101346,1492809944587909044,/fluid_pressure,106510.0,0.0
1492809944661766429,101347,1492809944661909044,/fluid_pressure,106500.0,0.0
1492809944735450061,101348,1492809944736729061,/fluid_pressure,106469.992188,0.0
1492809944808908091,101349,1492809944810729061,/fluid_pressure,106469.992188,0.0
1492809944883797417,101350,1492809944885729061,/fluid_pressure,106480.007812,0.0
1492809944957857356,101351,1492809944959729061,/fluid_pressure,106430.007812,0.0
1492809945032469168,101352,1492809945033729061,/fluid_pressure,106469.992188,0.0
1492809945105779984,101353,1492809945107729061,/fluid_pressure,106490.0,0.0
1492809945181637765,101354,1492809945182729061,/fluid_pressure,106510.0,0.0
1492809945255219371,101355,1492809945256729061,/fluid_pressure,106460.0,0.0
1492809945329494308,101356,1492809945330729061,/fluid_pressure,106490.0,0.0
1492809945402817968,101357,1492809945405729061,/fluid_pressure,106510.0,0.0
1492809945478309372,101358,1492809945479729061,/fluid_pressure,106519.992188,0.0
1492809945552522518,101359,1492809945553729061,/fluid_pressure,106480.007812,0.0
1492809945626629460,101360,1492809945627729061,/fluid_pressure,106469.992188,0.0
1492809945700729209,101361,1492809945702729061,/fluid_pressure,106510.0,0.0
1492809945775825455,101362,1492809945776729061,/fluid_pressure,106410.0,0.0
1492809945849760239,101363,1492809945850729061,/fluid_pressure,106500.0,0.0
1492809945923437943,101364,1492809945924729061,/fluid_pressure,106469.992188,0.0
1492809945998537959,101365,1492809945999729061,/fluid_pressure,106450.0,0.0
1492809946072584334,101366,1492809946073729061,/fluid_pressure,106450.0,0.0
1492809946146726953,101367,1492809946147729061,/fluid_pressure,106400.0,0.0
1492809946220256835,101368,1492809946221729061,/fluid_pressure,106430.007812,0.0
1492809946295642635,101369,1492809946296729061,/fluid_pressure,106440.0,0.0
1492809946369543621,101370,1492809946370729061,/fluid_pressure,106440.0,0.0
1492809946442749991,101371,1492809946444729061,/fluid_pressure,106430.007812,0.0
1492809946517002333,101372,1492809946518729061,/fluid_pressure,106440.0,0.0
1492809946592057935,101373,1492809946593729061,/fluid_pressure,106430.007812,0.0
1492809946665896603,101374,1492809946667729061,/fluid_pressure,106500.0,0.0
1492809946740816632,101375,1492809946741729061,/fluid_pressure,106469.992188,0.0
1492809946814823255,101376,1492809946816729061,/fluid_pressure,106460.0,0.0
1492809946889357226,101377,1492809946890729061,/fluid_pressure,106440.0,0.0
1492809946963265122,101378,1492809946964729061,/fluid_pressure,106419.992188,0.0
1492809947037462427,101379,1492809947038729061,/fluid_pressure,106440.0,0.0
1492809947111805687,101380,1492809947113729061,/fluid_pressure,106480.007812,0.0
1492809947186079720,101381,1492809947187729061,/fluid_pressure,106400.0,0.0
1492809947260486411,101382,1492809947260842000,/fluid_pressure,106430.007812,0.0
1492809947334883677,101383,1492809947335842000,/fluid_pressure,106380.007812,0.0
1492809947409848942,101384,1492809947409842000,/fluid_pressure,106430.007812,0.0
1492809947483494590,101385,1492809947483842000,/fluid_pressure,106490.0,0.0
1492809947556748297,101386,1492809947557842000,/fluid_pressure,106380.007812,0.0
1492809947631829170,101387,1492809947632842000,/fluid_pressure,106419.992188,0.0
1492809947706690532,101388,1492809947706842000,/fluid_pressure,106350.0,0.0
1492809947780651999,101389,1492809947780842000,/fluid_pressure,106410.0,0.0
1492809947854668511,101390,1492809947854842000,/fluid_pressure,106460.0,0.0
1492809947929766403,101391,1492809947929842000,/fluid_pressure,106419.992188,0.0
1492809948003547508,101392,1492809948003842000,/fluid_pressure,106380.007812,0.0
1492809948076965783,101393,1492809948077842000,/fluid_pressure,106440.0,0.0
1492809948150838986,101394,1492809948151842000,/fluid_pressure,106360.0,0.0
1492809948226715848,101395,1492809948226842000,/fluid_pressure,106410.0,0.0
1492809948300057938,101396,1492809948300842000,/fluid_pressure,106469.992188,0.0
1492809948374715230,101397,1492809948374842000,/fluid_pressure,106369.992188,0.0
1492809948449743541,101398,1492809948449842000,/fluid_pressure,106430.007812,0.0
1492809948523268935,101399,1492809948523842000,/fluid_pressure,106460.0,0.0
1492809948597580060,101400,1492809948597842000,/fluid_pressure,106369.992188,0.0
1492809948671608488,101401,1492809948671842000,/fluid_pressure,106490.0,0.0
1492809948745942016,101402,1492809948746842000,/fluid_pressure,106380.007812,0.0
1492809948820315553,101403,1492809948820842000,/fluid_pressure,106380.007812,0.0
1492809948894845382,101404,1492809948894842000,/fluid_pressure,106410.0,0.0
1492809948968571025,101405,1492809948968842000,/fluid_pressure,106400.0,0.0
1492809949043320367,101406,1492809949043842000,/fluid_pressure,106369.992188,0.0
1492809949116997277,101407,1492809949117842000,/fluid_pressure,106360.0,0.0
1492809949191389165,101408,1492809949191842000,/fluid_pressure,106440.0,0.0
1492809949265179560,101409,1492809949265842000,/fluid_pressure,106410.0,0.0
1492809949340186721,101410,1492809949340842000,/fluid_pressure,106340.0,0.0
1492809949414443509,101411,1492809949414842000,/fluid_pressure,106350.0,0.0
1492809949488456865,101412,1492809949488842000,/fluid_pressure,106350.0,0.0
1492809949563196436,101413,1492809949562842000,/fluid_pressure,106430.007812,0.0
1492809949636782673,101414,1492809949637842000,/fluid_pressure,106390.0,0.0
1492809949711786756,101415,1492809949711842000,/fluid_pressure,106369.992188,0.0
1492809949784826642,101416,1492809949786838924,/fluid_pressure,106440.0,0.0
1492809949860033110,101417,1492809949861838924,/fluid_pressure,106400.0,0.0
1492809949934089292,101418,1492809949935838924,/fluid_pressure,106500.0,0.0
1492809950008186693,101419,1492809950009838924,/fluid_pressure,106519.992188,0.0
1492809966039145630,101420,1492809950083838924,/fluid_pressure,106480.007812,0.0
1492809966039148959,101421,1492809950158838924,/fluid_pressure,106450.0,0.0
1492809966039155524,101422,1492809950232838924,/fluid_pressure,106460.0,0.0
1492809966039159874,101423,1492809950306838924,/fluid_pressure,106550.0,0.0
1492809966039164000,101424,1492809950380838924,/fluid_pressure,106510.0,0.0
1492809966039171592,101425,1492809950454838924,/fluid_pressure,106469.992188,0.0
1492809966039175155,101426,1492809950529838924,/fluid_pressure,106510.0,0.0
1492809966039180802,101427,1492809950603838924,/fluid_pressure,106460.0,0.0
1492809966039185341,101428,1492809950677838924,/fluid_pressure,106490.0,0.0
1492809966039254955,101429,1492809950751838924,/fluid_pressure,106400.0,0.0
1492809966039260567,101430,1492809950825838924,/fluid_pressure,106410.0,0.0
1492809966039268012,101431,1492809950900838924,/fluid_pressure,106280.007812,0.0
1492809966039273068,101432,1492809950974838924,/fluid_pressure,106160.0,0.0
1492809966039279200,101433,1492809951048838924,/fluid_pressure,106100.0,0.0
1492809966039286287,101434,1492809951122838924,/fluid_pressure,106119.992188,0.0
1492809966039293320,101435,1492809951196838924,/fluid_pressure,106119.992188,0.0
1492809966039296014,101436,1492809951271838924,/fluid_pressure,105960.0,0.0
1492809966039298931,101437,1492809951345838924,/fluid_pressure,105990.0,0.0
1492809966039302153,101438,1492809951419838924,/fluid_pressure,106110.0,0.0
1492809966039304739,101439,1492809951493838924,/fluid_pressure,106210.0,0.0
1492809966039307926,101440,1492809951567838924,/fluid_pressure,106419.992188,0.0
1492809966039311784,101441,1492809951642838924,/fluid_pressure,106700.0,0.0
1492809966039317353,101442,1492809951716838924,/fluid_pressure,106790.0,0.0
1492809966039322430,101443,1492809951790838924,/fluid_pressure,106740.0,0.0
1492809966039325764,101444,1492809951864838924,/fluid_pressure,106730.007812,0.0
1492809966039330036,101445,1492809951938838924,/fluid_pressure,106740.0,0.0
1492809966039334115,101446,1492809952013838924,/fluid_pressure,106710.0,0.0
1492809966039338101,101447,1492809952087838924,/fluid_pressure,106650.0,0.0
1492809966039343393,101448,1492809952161838924,/fluid_pressure,106540.0,0.0
1492809966039348608,101449,1492809952235838924,/fluid_pressure,106610.0,0.0
1492809966039353871,101450,1492809952309111988,/fluid_pressure,106580.007812,0.0
1492809966039356921,101451,1492809952384111988,/fluid_pressure,106490.0,0.0
1492809966039361656,101452,1492809952458111988,/fluid_pressure,106460.0,0.0
1492809966039364865,101453,1492809952532111988,/fluid_pressure,106419.992188,0.0
1492809966039369175,101454,1492809952606111988,/fluid_pressure,106360.0,0.0
1492809966039372221,101455,1492809952680111988,/fluid_pressure,106390.0,0.0
1492809966039376684,101456,1492809952755111988,/fluid_pressure,106369.992188,0.0
1492809966039393534,101457,1492809952829111988,/fluid_pressure,106390.0,0.0
1492809966039398265,101458,1492809952903111988,/fluid_pressure,106430.007812,0.0
1492809966039401638,101459,1492809952977111988,/fluid_pressure,106400.0,0.0
1492809966039405301,101460,1492809953051111988,/fluid_pressure,106469.992188,0.0
1492809966039409226,101461,1492809953126111988,/fluid_pressure,106480.007812,0.0
1492809966039414964,101462,1492809953200111988,/fluid_pressure,106519.992188,0.0
1492809966039419272,101463,1492809953274111988,/fluid_pressure,106540.0,0.0
1492809966039422054,101464,1492809953348111988,/fluid_pressure,106519.992188,0.0
1492809966039425076,101465,1492809953422111988,/fluid_pressure,106560.0,0.0
1492809966039427824,101466,1492809953496111988,/fluid_pressure,106550.0,0.0
1492809966039431430,101467,1492809953571111988,/fluid_pressure,106569.992188,0.0
1492809966039435058,101468,1492809953645111988,/fluid_pressure,106590.0,0.0
1492809966039438684,101469,1492809953719111988,/fluid_pressure,106560.0,0.0
1492809966039442900,101470,1492809953793111988,/fluid_pressure,106550.0,0.0
1492809966039447493,101471,1492809953867111988,/fluid_pressure,106500.0,0.0
1492809966039451786,101472,1492809953942111988,/fluid_pressure,106450.0,0.0
1492809966039454562,101473,1492809954016111988,/fluid_pressure,106460.0,0.0
1492809966039458760,101474,1492809954090111988,/fluid_pressure,106450.0,0.0
1492809966039463130,101475,1492809954164111988,/fluid_pressure,106440.0,0.0
1492809966039467578,101476,1492809954238111988,/fluid_pressure,106419.992188,0.0
1492809966039473295,101477,1492809954313111988,/fluid_pressure,106400.0,0.0
1492809966039477177,101478,1492809954387111988,/fluid_pressure,106440.0,0.0
1492809966039480275,101479,1492809954461111988,/fluid_pressure,106430.007812,0.0
1492809966039483300,101480,1492809954535111988,/fluid_pressure,106419.992188,0.0
1492809966039486725,101481,1492809954609111988,/fluid_pressure,106480.007812,0.0
1492809966039490635,101482,1492809954684111988,/fluid_pressure,106510.0,0.0
1492809966039493090,101483,1492809954758111988,/fluid_pressure,106450.0,0.0
1492809966039497019,101484,1492809954832800065,/fluid_pressure,106450.0,0.0
1492809966039501088,101485,1492809954906800065,/fluid_pressure,106519.992188,0.0
1492809966039503657,101486,1492809954980800065,/fluid_pressure,106510.0,0.0
1492809966039506836,101487,1492809955055800065,/fluid_pressure,106569.992188,0.0
1492809966039510641,101488,1492809955129800065,/fluid_pressure,106530.007812,0.0
1492809966039514352,101489,1492809955203800065,/fluid_pressure,106500.0,0.0
1492809966039518239,101490,1492809955277800065,/fluid_pressure,106500.0,0.0
1492809966039521999,101491,1492809955351800065,/fluid_pressure,106540.0,0.0
1492809966039528342,101492,1492809955426800065,/fluid_pressure,106490.0,0.0
1492809966039531899,101493,1492809955500800065,/fluid_pressure,106500.0,0.0
1492809966039535239,101494,1492809955574800065,/fluid_pressure,106440.0,0.0
1492809966039538729,101495,1492809955648800065,/fluid_pressure,106430.007812,0.0
1492809966039541978,101496,1492809955722800065,/fluid_pressure,106419.992188,0.0
1492809966039545658,101497,1492809955797800065,/fluid_pressure,106440.0,0.0
1492809966039554361,101498,1492809955871800065,/fluid_pressure,106400.0,0.0
1492809966039560851,101499,1492809955945800065,/fluid_pressure,106410.0,0.0
1492809966039564382,101500,1492809956019800065,/fluid_pressure,106419.992188,0.0
1492809966039567495,101501,1492809956093800065,/fluid_pressure,106419.992188,0.0
1492809966039571058,101502,1492809956168800065,/fluid_pressure,106419.992188,0.0
1492809966039573762,101503,1492809956242800065,/fluid_pressure,106480.007812,0.0
1492809966039576791,101504,1492809956316800065,/fluid_pressure,106430.007812,0.0
1492809966039580551,101505,1492809956390800065,/fluid_pressure,106450.0,0.0
1492809966039583713,101506,1492809956464800065,/fluid_pressure,106519.992188,0.0
1492809966039586499,101507,1492809956539800065,/fluid_pressure,106540.0,0.0
1492809966039589604,101508,1492809956613800065,/fluid_pressure,106540.0,0.0
1492809966039593031,101509,1492809956687800065,/fluid_pressure,106510.0,0.0
1492809966039597260,101510,1492809956761800065,/fluid_pressure,106530.007812,0.0
1492809966039600043,101511,1492809956835800065,/fluid_pressure,106500.0,0.0
1492809966039603344,101512,1492809956910800065,/fluid_pressure,106510.0,0.0
1492809966039606604,101513,1492809956984800065,/fluid_pressure,106419.992188,0.0
1492809966039610184,101514,1492809957058800065,/fluid_pressure,106519.992188,0.0
1492809966039613631,101515,1492809957132800065,/fluid_pressure,106419.992188,0.0
1492809966039617225,101516,1492809957206800065,/fluid_pressure,106440.0,0.0
1492809966039620635,101517,1492809957281800065,/fluid_pressure,106380.007812,0.0
1492809966039624155,101518,1492809957355765974,/fluid_pressure,106440.0,0.0
1492809966039627733,101519,1492809957429765974,/fluid_pressure,106400.0,0.0
1492809966039631171,101520,1492809957503765974,/fluid_pressure,106380.007812,0.0
1492809966039634490,101521,1492809957577765974,/fluid_pressure,106369.992188,0.0
1492809966039637378,101522,1492809957652765974,/fluid_pressure,106400.0,0.0
1492809966039640797,101523,1492809957726765974,/fluid_pressure,106390.0,0.0
1492809966039644470,101524,1492809957800765974,/fluid_pressure,106360.0,0.0
1492809966039647767,101525,1492809957874765974,/fluid_pressure,106410.0,0.0
1492809966039651140,101526,1492809957948765974,/fluid_pressure,106330.007812,0.0
1492809966039653981,101527,1492809958023765974,/fluid_pressure,106300.0,0.0
1492809966039659157,101528,1492809958097765974,/fluid_pressure,106369.992188,0.0
1492809966039665138,101529,1492809958171765974,/fluid_pressure,106340.0,0.0
1492809966039667803,101530,1492809958245765974,/fluid_pressure,106360.0,0.0
1492809966039670202,101531,1492809958319765974,/fluid_pressure,106400.0,0.0
1492809966039672797,101532,1492809958394765974,/fluid_pressure,106430.007812,0.0
1492809966039675844,101533,1492809958468765974,/fluid_pressure,106419.992188,0.0
1492809966039679613,101534,1492809958542765974,/fluid_pressure,106460.0,0.0
1492809966039682251,101535,1492809958616765974,/fluid_pressure,106519.992188,0.0
1492809966039684814,101536,1492809958690765974,/fluid_pressure,106519.992188,0.0
1492809966039687745,101537,1492809958765765974,/fluid_pressure,106469.992188,0.0
1492809966039690249,101538,1492809958839765974,/fluid_pressure,106490.0,0.0
1492809966039692702,101539,1492809958913765974,/fluid_pressure,106460.0,0.0
1492809966039695116,101540,1492809958987765974,/fluid_pressure,106480.007812,0.0
1492809966039697682,101541,1492809959061765974,/fluid_pressure,106460.0,0.0
1492809966039700291,101542,1492809959136765974,/fluid_pressure,106480.007812,0.0
1492809966039703057,101543,1492809959210765974,/fluid_pressure,106400.0,0.0
1492809966039705569,101544,1492809959284765974,/fluid_pressure,106369.992188,0.0
1492809966039708770,101545,1492809959358765974,/fluid_pressure,106360.0,0.0
1492809966039711225,101546,1492809959432765974,/fluid_pressure,106360.0,0.0
1492809966039713692,101547,1492809959507765974,/fluid_pressure,106350.0,0.0
1492809966039717793,101548,1492809959581765974,/fluid_pressure,106360.0,0.0
1492809966039720606,101549,1492809959655765974,/fluid_pressure,106369.992188,0.0
1492809966039723548,101550,1492809959729765974,/fluid_pressure,106350.0,0.0
1492809966039726641,101551,1492809959803765974,/fluid_pressure,106400.0,0.0
1492809966039729508,101552,1492809959877935087,/fluid_pressure,106430.007812,0.0
1492809966039732121,101553,1492809959951935087,/fluid_pressure,106500.0,0.0
1492809966039735656,101554,1492809960025935087,/fluid_pressure,106519.992188,0.0
1492809966039739010,101555,1492809960099935087,/fluid_pressure,106510.0,0.0
1492809966039741827,101556,1492809960173935087,/fluid_pressure,106630.007812,0.0
1492809966039745072,101557,1492809960248935087,/fluid_pressure,106580.007812,0.0
1492809966039747697,101558,1492809960322935087,/fluid_pressure,106700.0,0.0
1492809966039750709,101559,1492809960396935087,/fluid_pressure,106710.0,0.0
1492809966039753526,101560,1492809960470935087,/fluid_pressure,106769.992188,0.0
1492809966039757133,101561,1492809960544935087,/fluid_pressure,106769.992188,0.0
1492809966039760434,101562,1492809960619935087,/fluid_pressure,106819.992188,0.0
1492809966039763416,101563,1492809960693935087,/fluid_pressure,106840.0,0.0
1492809966039767030,101564,1492809960767935087,/fluid_pressure,106900.0,0.0
1492809966039769940,101565,1492809960841935087,/fluid_pressure,106930.007812,0.0
1492809966039772887,101566,1492809960915935087,/fluid_pressure,106960.0,0.0
1492809966039775831,101567,1492809960989935087,/fluid_pressure,107000.0,0.0
1492809966039778914,101568,1492809961064935087,/fluid_pressure,107050.0,0.0
1492809966039782058,101569,1492809961138935087,/fluid_pressure,107080.007812,0.0
1492809966039784956,101570,1492809961212935087,/fluid_pressure,107140.0,0.0
1492809966039787644,101571,1492809961286935087,/fluid_pressure,107090.0,0.0
1492809966039790622,101572,1492809961360935087,/fluid_pressure,107160.0,0.0
1492809966039793429,101573,1492809961435935087,/fluid_pressure,107160.0,0.0
1492809966039796679,101574,1492809961509935087,/fluid_pressure,107130.007812,0.0
1492809966039799786,101575,1492809961583935087,/fluid_pressure,107019.992188,0.0
1492809966039802414,101576,1492809961657935087,/fluid_pressure,107019.992188,0.0
1492809966039805103,101577,1492809961731935087,/fluid_pressure,106950.0,0.0
1492809966039807905,101578,1492809961806935087,/fluid_pressure,106869.992188,0.0
1492809966039811095,101579,1492809961880935087,/fluid_pressure,106790.0,0.0
1492809966039814152,101580,1492809961954935087,/fluid_pressure,106690.0,0.0
1492809966039817342,101581,1492809962028935087,/fluid_pressure,106600.0,0.0
1492809966039820211,101582,1492809962102935087,/fluid_pressure,106510.0,0.0
1492809966039822831,101583,1492809962177935087,/fluid_pressure,106400.0,0.0
1492809966039826246,101584,1492809962251935087,/fluid_pressure,106340.0,0.0
1492809966039829614,101585,1492809962325935087,/fluid_pressure,106300.0,0.0
1492809966039833628,101586,1492809962401120101,/fluid_pressure,106240.0,0.0
1492809966039836618,101587,1492809962475120101,/fluid_pressure,106269.992188,0.0
1492809966039839472,101588,1492809962550120101,/fluid_pressure,106290.0,0.0
1492809966039843298,101589,1492809962624120101,/fluid_pressure,106400.0,0.0
1492809966039845712,101590,1492809962698120101,/fluid_pressure,106460.0,0.0
1492809966039848725,101591,1492809962772120101,/fluid_pressure,106500.0,0.0
1492809966039856933,101592,1492809962846120101,/fluid_pressure,106580.007812,0.0
1492809966039861202,101593,1492809962921120101,/fluid_pressure,106630.007812,0.0
1492809966039866222,101594,1492809962995120101,/fluid_pressure,106710.0,0.0
1492809966039869544,101595,1492809963069120101,/fluid_pressure,106690.0,0.0
1492809966039873335,101596,1492809963143120101,/fluid_pressure,106740.0,0.0
1492809966039877547,101597,1492809963217120101,/fluid_pressure,106740.0,0.0
1492809966039880418,101598,1492809963292120101,/fluid_pressure,106840.0,0.0
1492809966039883680,101599,1492809963366120101,/fluid_pressure,106869.992188,0.0
1492809966039888726,101600,1492809963440120101,/fluid_pressure,106880.007812,0.0
1492809966039892727,101601,1492809963514120101,/fluid_pressure,106810.0,0.0
1492809966039897275,101602,1492809963588120101,/fluid_pressure,106890.0,0.0
1492809966039900876,101603,1492809963663120101,/fluid_pressure,106819.992188,0.0
1492809966039904807,101604,1492809963737120101,/fluid_pressure,106790.0,0.0
1492809966039908371,101605,1492809963811120101,/fluid_pressure,106800.0,0.0
1492809966039911403,101606,1492809963885120101,/fluid_pressure,106690.0,0.0
1492809966039915110,101607,1492809963959120101,/fluid_pressure,106640.0,0.0
1492809966039918723,101608,1492809964033120101,/fluid_pressure,106519.992188,0.0
1492809966039921990,101609,1492809964108120101,/fluid_pressure,106480.007812,0.0
1492809966039925249,101610,1492809964182120101,/fluid_pressure,106380.007812,0.0
1492809966039928583,101611,1492809964256120101,/fluid_pressure,106330.007812,0.0
1492809966039931811,101612,1492809964330120101,/fluid_pressure,106310.0,0.0
1492809966039934917,101613,1492809964404120101,/fluid_pressure,106260.0,0.0
1492809966039937978,101614,1492809964479120101,/fluid_pressure,106330.007812,0.0
1492809966039940491,101615,1492809964553120101,/fluid_pressure,106340.0,0.0
1492809966039943202,101616,1492809964627120101,/fluid_pressure,106310.0,0.0
1492809966039946086,101617,1492809964701120101,/fluid_pressure,106390.0,0.0
1492809966039949730,101618,1492809964775120101,/fluid_pressure,106500.0,0.0
1492809966039952440,101619,1492809964850120101,/fluid_pressure,106569.992188,0.0
1492809966039955297,101620,1492809964923514997,/fluid_pressure,106640.0,0.0
1492809966039958620,101621,1492809964997514997,/fluid_pressure,106710.0,0.0
1492809966039961296,101622,1492809965071514997,/fluid_pressure,106790.0,0.0
1492809966039965585,101623,1492809965145514997,/fluid_pressure,106790.0,0.0
1492809966039970303,101624,1492809965220514997,/fluid_pressure,106890.0,0.0
1492809966039973746,101625,1492809965294514997,/fluid_pressure,106900.0,0.0
1492809966039976812,101626,1492809965368514997,/fluid_pressure,106890.0,0.0
1492809966039979725,101627,1492809965442514997,/fluid_pressure,106950.0,0.0
1492809966039983630,101628,1492809965516514997,/fluid_pressure,107040.0,0.0
1492809966039987455,101629,1492809965591514997,/fluid_pressure,107019.992188,0.0
1492809966039990788,101630,1492809965665514997,/fluid_pressure,107050.0,0.0
1492809966039993974,101631,1492809965739514997,/fluid_pressure,107140.0,0.0
1492809966039997625,101632,1492809965813514997,/fluid_pressure,107190.0,0.0
1492809966040000675,101633,1492809965887514997,/fluid_pressure,107150.0,0.0
1492809966040008183,101634,1492809965962514997,/fluid_pressure,107200.0,0.0
1492809966040011207,101635,1492809966036514997,/fluid_pressure,107219.992188,0.0
