%time,field.data
1492809889327255549,1
1492809889427229766,1
1492809889527279746,1
1492809889627252683,1
1492809889727247371,1
1492809889827281548,1
1492809889927292288,1
1492809890027278451,1
1492809890127249999,1
1492809890227239286,1
1492809890327478760,1
1492809890427262784,1
1492809890527312001,1
1492809890627320197,1
1492809890727252566,1
1492809890827277254,1
1492809890927302442,1
1492809891027257465,1
1492809891127288707,1
1492809891227286866,1
1492809891327257350,1
1492809891427281908,1
1492809891527313135,1
1492809891627223163,1
1492809891727257146,1
1492809891827301980,1
1492809891927235246,1
1492809892027273263,1
1492809892127279493,1
1492809892227239056,1
1492809892327289766,1
1492809892427258066,1
1492809892527288605,1
1492809892627265939,1
1492809892727287317,1
1492809892827223638,1
1492809892927271854,1
1492809893027279363,1
1492809893127270714,1
1492809893227246753,1
1492809893327300272,1
1492809893427285784,1
1492809893527263335,1
1492809893627231113,1
1492809893727334652,1
1492809893827269456,1
1492809893927293185,1
1492809894027247342,1
1492809894127305486,1
1492809894227282999,1
1492809894327301423,1
1492809894427319420,1
1492809894527241982,1
1492809894627226595,1
1492809894727281887,1
1492809894827237016,1
1492809894927273317,1
1492809895027336054,1
1492809895127290341,1
1492809895227262986,1
1492809895327247378,1
1492809895427238473,1
1492809895527309193,1
1492809895627286907,1
1492809895727277741,1
1492809895827271462,1
1492809895927277433,1
1492809896027198155,1
1492809896127297477,1
1492809896227300422,1
1492809896327320976,1
1492809896427278335,1
1492809896527342452,1
1492809896627275768,1
1492809896727283839,1
1492809896827292851,1
1492809896927283384,1
1492809897027230068,1
1492809897127282438,1
1492809897227325895,1
1492809897327254280,1
1492809897427278356,1
1492809897527329614,1
1492809897627261368,1
1492809897727304631,1
1492809897827335099,1
1492809897927283446,1
1492809898027224870,1
1492809898127306652,1
1492809898227251362,1
1492809898327240049,1
1492809898427235396,1
1492809898527244167,1
1492809898627236704,1
1492809898727357180,1
1492809898827320397,1
1492809898927254331,1
1492809899027268224,1
1492809899127285810,1
1492809899227296628,1
1492809899327336744,1
1492809899427276168,1
1492809899527240120,1
1492809899627257239,1
1492809899727242388,1
1492809899827262962,1
1492809899927268581,1
1492809900027272327,1
1492809900127281527,1
1492809900227370179,1
1492809900327293247,1
1492809900427365739,1
1492809900527279444,1
1492809900627287777,1
1492809900727258069,1
1492809900827276647,1
1492809900927254378,1
1492809901027232509,1
1492809901127354572,1
1492809901227324900,1
1492809901327299156,1
1492809901427254892,1
1492809901527284409,1
1492809901627279717,1
1492809901727232608,1
1492809901827311890,1
1492809901927304365,1
1492809902027257452,1
1492809902127274265,1
1492809902227478342,1
1492809902327351515,1
1492809902427309241,1
1492809902527292923,1
1492809902627346108,1
1492809902727320298,1
1492809902827411796,1
1492809902927290821,1
1492809903027290366,1
1492809903127271466,1
1492809903227275899,1
1492809903327363743,1
1492809903427241262,1
1492809903527240979,1
1492809903627265912,1
1492809903727269210,1
1492809903827248040,1
1492809903927269653,1
1492809904027285376,1
1492809904127235600,1
1492809904227250705,1
1492809904327289905,1
1492809904427279226,1
1492809904527269286,1
1492809904627273570,1
1492809904727271696,1
1492809904827248406,1
1492809904927219076,1
1492809905027237384,1
1492809905127225629,1
1492809905227251803,1
1492809905327179989,1
1492809905427322374,1
1492809905527295855,1
1492809905627315155,1
1492809905727313115,1
1492809905827288296,1
1492809905927265578,1
1492809906027246491,1
1492809906127269776,1
1492809906227317161,1
1492809906327306174,1
1492809906427263596,1
1492809906527164569,1
1492809906627344037,1
1492809906727265322,1
1492809906827280853,1
1492809906927251144,1
1492809907027237382,1
1492809907127329544,1
1492809907227272933,1
1492809907327298119,1
1492809907427404962,1
1492809907527269970,1
1492809907627295043,1
1492809907727271751,1
1492809907827149357,1
1492809907927276128,1
1492809908027299851,1
1492809908127254501,1
1492809908227261474,1
1492809908327237828,1
1492809908427300488,1
1492809908527281905,1
1492809908627225519,1
1492809908727300609,1
1492809908827278528,1
1492809908927317686,1
1492809909027308583,1
1492809909127341691,1
1492809909227300774,1
1492809909327312120,1
1492809909427270877,1
1492809909527232985,1
1492809909627222201,1
1492809909727318149,1
1492809909827316131,1
1492809909927246809,1
1492809910027370473,1
1492809910127276197,1
1492809910227227493,1
1492809910327329525,1
1492809910427306206,1
1492809910527263107,1
1492809910627275863,1
1492809910727253389,1
1492809910827284687,1
1492809910927318460,1
1492809911027265656,1
1492809911127266612,1
1492809911227249223,1
1492809911327305547,1
1492809911427245023,1
1492809911527292551,1
1492809911627240749,1
1492809911727339892,1
1492809911827446937,1
1492809911927277470,1
1492809912027239434,1
1492809912127278896,1
1492809912227222480,1
1492809912327301752,1
1492809912427319939,1
1492809912527313568,1
1492809912627284358,1
1492809912727270310,1
1492809912827301614,1
1492809912927273110,1
1492809913027264040,1
1492809913127264603,1
1492809913227300561,1
1492809913327276610,1
1492809913427288138,1
1492809913527276523,1
1492809913627236420,1
1492809913727259633,1
1492809913827293355,1
1492809913927227621,1
1492809914027319679,1
1492809914127208044,1
1492809914227302092,1
1492809914327280956,1
1492809914427234333,1
1492809914527304303,1
1492809914627293217,1
1492809914727283771,1
1492809914827294879,1
1492809914927236171,1
1492809915027179592,1
1492809915127252464,1
1492809915227296947,1
1492809915327261392,1
1492809915427252390,1
1492809915527271093,1
1492809915627259626,1
1492809915727245197,1
1492809915827303351,1
1492809915927303978,1
1492809916027291540,1
1492809916127288977,1
1492809916227245541,1
1492809916327254593,1
1492809916427247469,1
1492809916527259377,1
1492809916627306509,1
1492809916727315799,1
1492809916827301913,1
1492809916927246296,1
1492809917027275618,1
1492809917127279188,1
1492809917227277928,1
1492809917327269373,1
1492809917427239678,1
1492809917527320177,1
1492809917627270720,1
1492809917727262721,1
1492809917827282444,1
1492809917927223333,1
1492809918027244985,1
1492809918127268528,1
1492809918227220380,1
1492809918327273600,1
1492809918427316095,1
1492809918527292953,1
1492809918627262739,1
1492809918727402756,1
1492809918827274196,1
1492809918927276143,1
1492809919027307927,1
1492809919127270411,1
1492809919227328038,1
1492809919327368911,1
1492809919427293697,1
1492809919527254928,1
1492809919627234654,1
1492809919727288365,1
1492809919827235913,1
1492809919927314357,1
1492809920027271382,1
1492809920127226941,1
1492809920227236335,1
1492809920327272222,1
1492809920427324793,1
1492809920527252344,1
1492809920627283315,1
1492809920727251885,1
1492809920827246018,1
1492809920927274394,1
1492809921027262733,1
1492809921127253218,1
1492809921227303111,1
1492809921327414375,1
1492809921427249697,1
1492809921527286075,1
1492809921627258077,1
1492809921727247378,1
1492809921827245693,1
1492809921927271580,1
1492809922027331425,1
1492809922127344497,1
1492809922227266714,1
1492809922327304965,1
1492809922427331031,1
1492809922527244226,1
1492809922627326875,1
1492809922727315594,1
1492809922827218502,1
1492809922927306723,1
1492809923027245836,1
1492809923127273475,1
1492809923227273266,1
1492809923327306884,1
1492809923427266525,1
1492809923527215459,1
1492809923627264228,1
1492809923727286767,1
1492809923827276982,1
1492809923927309439,1
1492809924027268443,1
1492809924127259008,1
1492809924227233432,1
1492809924327229881,1
1492809924427274119,1
1492809924527305667,1
1492809924627264943,1
1492809924727267690,1
1492809924827263048,1
1492809924927277633,1
1492809925027265818,1
1492809925127267130,1
1492809925227244491,1
1492809925327266246,1
1492809925427272133,1
1492809925527272032,1
1492809925627272567,1
1492809925727414947,1
1492809925827305203,1
1492809925927266983,1
1492809926027286868,1
1492809926127294301,1
1492809926227251196,1
1492809926327317659,1
1492809926427252464,1
1492809926527369472,1
1492809926627283284,1
1492809926727279339,1
1492809926827280290,1
1492809926927255885,1
1492809927027273386,1
1492809927127292871,1
1492809927227328404,1
1492809927327297564,1
1492809927427266875,1
1492809927527314092,1
1492809927627268344,1
1492809927727260561,1
1492809927827234469,1
1492809927927325965,1
1492809928027271094,1
1492809928127249427,1
1492809928227263031,1
1492809928327271946,1
1492809928427258958,1
1492809928527231463,1
1492809928627261403,1
1492809928727306785,1
1492809928827270974,1
1492809928927255071,1
1492809929027279516,1
1492809929127305624,1
1492809929227297064,1
1492809929327264372,1
1492809929427287801,1
1492809929527269700,1
1492809929627259094,1
1492809929727242852,1
1492809929827237004,1
1492809929927268277,1
1492809930027323789,1
1492809930127324255,1
1492809930227263151,1
1492809930327247690,1
1492809930427292948,1
1492809930527335842,1
1492809930627230834,1
1492809930727308742,1
1492809930827328221,1
1492809930927268942,1
1492809931027320580,1
1492809931127259739,1
1492809931227267067,1
1492809931327286894,1
1492809931427319627,1
1492809931527327048,1
1492809931627321671,1
1492809931727298847,1
1492809931827313593,1
1492809931927324697,1
1492809932027365098,1
1492809932127272426,1
1492809932227287097,1
1492809932327328352,1
1492809932427361147,1
1492809932527296355,1
1492809932627260430,1
1492809932727273086,1
1492809932827260019,1
1492809932927255337,1
1492809933027234136,1
1492809933127314543,1
1492809933227266132,1
1492809933327312824,1
1492809933427310698,1
1492809933527252013,1
1492809933627341562,1
1492809933727332410,1
1492809933827286167,1
1492809933927288289,1
1492809934027323610,1
1492809934127284998,1
1492809934227270714,1
1492809934327314380,1
1492809934427247307,1
1492809934527371491,1
1492809934627285976,1
1492809934727295225,1
1492809934827299494,1
1492809934927335327,1
1492809935027236103,1
1492809935127241235,1
1492809935227262484,1
1492809935327289049,1
1492809935427288752,1
1492809935527269499,1
1492809935627217617,1
1492809935727313090,1
1492809935827250936,1
1492809935927240724,1
1492809936027400853,1
1492809936127365785,1
1492809936227250447,1
1492809936327331328,1
1492809936427292288,1
1492809936527272361,1
1492809936627299008,1
1492809936727316567,1
1492809936827243482,1
1492809936927241974,1
1492809937027265854,1
1492809937127260432,1
1492809937227270075,1
1492809937327293877,1
1492809937427314958,1
1492809937527325008,1
1492809937627357074,1
1492809937727300849,1
1492809937827255225,1
1492809937927301302,1
1492809938027260629,1
1492809938127237063,1
1492809938227262052,1
1492809938327350357,1
1492809938427328117,1
1492809938527269214,1
1492809938627235522,1
1492809938727259809,1
1492809938827273418,1
1492809938927312029,1
1492809939027252831,1
1492809939127324460,1
1492809939227300729,1
1492809939327260311,1
1492809939427289788,1
1492809939527273247,1
1492809939627258661,1
1492809939727265714,1
1492809939827277910,1
1492809939927313863,1
1492809940027328995,1
1492809940127352456,1
1492809940227295834,1
1492809940327259120,1
1492809940427243201,1
1492809940527311579,1
1492809940627274952,1
1492809940727263539,1
1492809940827285050,1
1492809940927274043,1
1492809941027280327,1
1492809941127282186,1
1492809941227280159,1
1492809941327273712,1
1492809941427242160,1
1492809941527366353,1
1492809941627260940,1
1492809941727262104,1
1492809941827259056,1
1492809941927251658,1
1492809942027329954,1
1492809942127345011,1
1492809942227292821,1
1492809942327306332,1
1492809942427333459,1
1492809942527292270,1
1492809942627284200,1
1492809942727329931,1
1492809942827308250,1
1492809942927264357,1
1492809943027252916,1
1492809943127223009,1
1492809943227231890,1
1492809943327243491,1
1492809943427418329,1
1492809943527286446,1
1492809943627277769,1
1492809943727255266,1
1492809943827302502,1
1492809943927252448,1
1492809944027270373,1
1492809944127399666,1
1492809944227314994,1
1492809944327276315,1
1492809944427340846,1
1492809944527252042,1
1492809944627252831,1
1492809944727335096,1
1492809944827279137,1
1492809944927276448,1
1492809945027290599,1
1492809945127300436,1
1492809945227306079,1
1492809945327317527,1
1492809945427277118,1
1492809945527276186,1
1492809945627241729,1
1492809945727278092,1
1492809945827262522,1
1492809945927228101,1
1492809946027296661,1
1492809946127263153,1
1492809946227270299,1
1492809946327258803,1
1492809946427298696,1
1492809946527197562,1
1492809946627276402,1
1492809946727257642,1
1492809946827222640,1
1492809946927275515,1
1492809947027254326,1
1492809947127289664,1
1492809947227399442,1
1492809947327349489,1
1492809947427344439,1
1492809947527257060,1
1492809947627277991,1
1492809947727321495,1
1492809947827279078,1
1492809947927277880,1
1492809948027278028,1
1492809948127282289,1
1492809948227241236,1
1492809948327279426,1
1492809948427319762,1
1492809948527294830,1
1492809948627293004,1
1492809948727297512,1
1492809948827331889,1
1492809948927254823,1
1492809949027275201,1
1492809949127263436,1
1492809949227252236,1
1492809949327274771,1
1492809949427289802,1
1492809949527312754,1
1492809949627352267,1
1492809949727325412,1
1492809949827282442,1
1492809949927329314,1
1492809950027285373,1
1492809966027317537,1
1492809966027327764,1
1492809966027335463,1
1492809966027340665,1
1492809966027345765,1
1492809966027349957,1
1492809966027365180,1
1492809966027392078,1
1492809966027394811,1
1492809966027408026,1
1492809966027411002,1
1492809966027423755,1
1492809966027426173,1
1492809966027438284,1
1492809966027441433,1
1492809966027448183,1
1492809966027451397,1
1492809966027453991,1
1492809966027465465,1
1492809966027468113,1
1492809966027479463,1
1492809966027481839,1
1492809966027493435,1
1492809966027497083,1
1492809966027500872,1
1492809966027504659,1
1492809966027507501,1
1492809966027517361,1
1492809966027527818,1
1492809966027531444,1
1492809966027543836,1
1492809966027546428,1
1492809966027557240,1
1492809966027560591,1
1492809966027563265,1
1492809966027575103,1
1492809966027578732,1
1492809966027582220,1
1492809966027584923,1
1492809966027594758,1
1492809966027604581,1
1492809966027613817,1
1492809966027616706,1
1492809966027623072,1
1492809966027625128,1
1492809966027636093,1
1492809966027639360,1
1492809966027643007,1
1492809966027649340,1
1492809966027653149,1
1492809966027655883,1
1492809966027668736,1
1492809966027672061,1
1492809966027675448,1
1492809966027679478,1
1492809966027698971,1
1492809966027702688,1
1492809966027706505,1
1492809966027722676,1
1492809966027726517,1
1492809966027729131,1
1492809966027737420,1
1492809966027740870,1
1492809966027745406,1
1492809966027748902,1
1492809966027752961,1
1492809966027760653,1
1492809966027764235,1
1492809966027766685,1
1492809966027777740,1
1492809966027781075,1
1492809966027784851,1
1492809966027788537,1
1492809966027792096,1
1492809966027799863,1
1492809966027803143,1
1492809966027806922,1
1492809966027810177,1
1492809966027815811,1
1492809966027826548,1
1492809966027834480,1
1492809966027838794,1
1492809966027841926,1
1492809966027848697,1
1492809966027851844,1
1492809966027855513,1
1492809966027859398,1
1492809966027869309,1
1492809966027872529,1
1492809966027876141,1
1492809966027880098,1
1492809966027884640,1
1492809966027888005,1
1492809966027891582,1
1492809966027899409,1
1492809966027902738,1
1492809966027906374,1
1492809966027910366,1
1492809966027921529,1
1492809966027924867,1
1492809966027934087,1
1492809966027936623,1
1492809966027949553,1
1492809966027952500,1
1492809966027956169,1
1492809966027966489,1
1492809966027970054,1
1492809966027973193,1
1492809966027980006,1
1492809966027983169,1
1492809966027985929,1
1492809966027998685,1
1492809966028002073,1
1492809966028005777,1
1492809966028009540,1
1492809966028017973,1
1492809966028021322,1
1492809966028024536,1
1492809966028032795,1
1492809966028036746,1
1492809966028040236,1
1492809966028043466,1
1492809966028051025,1
1492809966028054235,1
1492809966028057761,1
1492809966028061343,1
1492809966028069034,1
1492809966028073022,1
1492809966028076193,1
1492809966028079866,1
1492809966028087633,1
1492809966028091424,1
1492809966028094673,1
1492809966028098025,1
1492809966028101908,1
1492809966028106008,1
1492809966028112611,1
1492809966028115674,1
1492809966028118585,1
1492809966028127844,1
1492809966028136199,1
1492809966028138763,1
1492809966028150637,1
1492809966028154729,1
1492809966028157997,1
1492809966028161730,1
1492809966028166170,1
1492809966028172538,1
1492809966028175999,1
1492809966028186235,1
1492809966028189613,1
1492809966028192359,1
1492809966028202952,1
1492809966028205785,1
1492809966028209082,1
1492809966028215355,1
1492809966028218480,1
1492809966028221951,1
1492809966028224883,1
1492809966028231712,1
1492809966127289533,1
