%time,field.P_vel,field.I_vel,field.D_vel,field.P_pitch,field.I_pitch,field.D_pitch,field.P_yaw,field.I_yaw,field.D_yaw
1492809889355602610,105.0,44.0,17.5,10.0,0.0,50.0,28.0,0.0,50.0
1492809889455758189,105.0,44.0,17.5,10.0,0.0,50.0,28.0,0.0,50.0
1492809889555597588,105.0,44.0,17.5,10.0,0.0,50.0,28.0,0.0,50.0
1492809889655674836,105.0,44.0,17.5,10.0,0.0,50.0,28.0,0.0,50.0
1492809889755638441,105.0,44.0,17.5,10.0,0.0,50.0,28.0,0.0,50.0
1492809889855733608,105.0,44.0,17.5,10.0,0.0,50.0,28.0,0.0,50.0
1492809889955590080,105.0,44.0,17.5,10.0,0.0,50.0,28.0,0.0,50.0
1492809890055664467,105.0,44.0,17.5,10.0,0.0,50.0,28.0,0.0,50.0
1492809890155698698,105.0,44.0,17.5,10.0,0.0,50.0,28.0,0.0,50.0
1492809890255817793,105.0,44.0,17.5,10.0,0.0,50.0,28.0,0.0,50.0
1492809890355776951,105.0,44.0,17.5,10.0,0.0,50.0,28.0,0.0,50.0
1492809890455643194,105.0,44.0,17.5,10.0,0.0,50.0,28.0,0.0,50.0
1492809890555597674,105.0,44.0,17.5,10.0,0.0,50.0,28.0,0.0,50.0
1492809890655656295,105.0,44.0,17.5,10.0,0.0,50.0,28.0,0.0,50.0
1492809890755633779,105.0,44.0,17.5,10.0,0.0,50.0,28.0,0.0,50.0
1492809890855577436,105.0,44.0,17.5,10.0,0.0,50.0,28.0,0.0,50.0
1492809890955570394,105.0,44.0,17.5,10.0,0.0,50.0,28.0,0.0,50.0
1492809891055821021,105.0,44.0,17.5,10.0,0.0,50.0,28.0,0.0,50.0
1492809891155721259,105.0,44.0,17.5,10.0,0.0,50.0,28.0,0.0,50.0
1492809891255743960,105.0,44.0,17.5,10.0,0.0,50.0,28.0,0.0,50.0
1492809891355682863,105.0,44.0,17.5,10.0,0.0,50.0,28.0,0.0,50.0
1492809891455622624,105.0,44.0,17.5,10.0,0.0,50.0,28.0,0.0,50.0
1492809891555817192,105.0,44.0,17.5,10.0,0.0,50.0,28.0,0.0,50.0
1492809891655685267,105.0,44.0,17.5,10.0,0.0,50.0,28.0,0.0,50.0
1492809891755705616,105.0,44.0,17.5,10.0,0.0,50.0,28.0,0.0,50.0
1492809891855781470,105.0,44.0,17.5,10.0,0.0,50.0,28.0,0.0,50.0
1492809891955732918,105.0,44.0,17.5,10.0,0.0,50.0,28.0,0.0,50.0
1492809892055655440,105.0,44.0,17.5,10.0,0.0,50.0,28.0,0.0,50.0
1492809892155599533,105.0,44.0,17.5,10.0,0.0,50.0,28.0,0.0,50.0
1492809892255717763,105.0,44.0,17.5,10.0,0.0,50.0,28.0,0.0,50.0
1492809892355840613,105.0,44.0,17.5,10.0,0.0,50.0,28.0,0.0,50.0
1492809892455786758,105.0,44.0,17.5,10.0,0.0,50.0,28.0,0.0,50.0
1492809892555662329,105.0,44.0,17.5,10.0,0.0,50.0,28.0,0.0,50.0
1492809892655548176,105.0,44.0,17.5,10.0,0.0,50.0,28.0,0.0,50.0
1492809892755576753,105.0,44.0,17.5,10.0,0.0,50.0,28.0,0.0,50.0
1492809892855582991,105.0,44.0,17.5,10.0,0.0,50.0,28.0,0.0,50.0
1492809892955805544,105.0,44.0,17.5,10.0,0.0,50.0,28.0,0.0,50.0
1492809893055716806,105.0,44.0,17.5,10.0,0.0,50.0,28.0,0.0,50.0
1492809893155726170,105.0,44.0,17.5,10.0,0.0,50.0,28.0,0.0,50.0
1492809893255664494,105.0,44.0,17.5,10.0,0.0,50.0,28.0,0.0,50.0
1492809893355714026,105.0,44.0,17.5,10.0,0.0,50.0,28.0,0.0,50.0
1492809893455793185,105.0,44.0,17.5,10.0,0.0,50.0,28.0,0.0,50.0
1492809893555823874,105.0,44.0,17.5,10.0,0.0,50.0,28.0,0.0,50.0
1492809893655650031,105.0,44.0,17.5,10.0,0.0,50.0,28.0,0.0,50.0
1492809893755571406,105.0,44.0,17.5,10.0,0.0,50.0,28.0,0.0,50.0
1492809893855671601,105.0,44.0,17.5,10.0,0.0,50.0,28.0,0.0,50.0
1492809893955699221,105.0,44.0,17.5,10.0,0.0,50.0,28.0,0.0,50.0
1492809894055678976,105.0,44.0,17.5,10.0,0.0,50.0,28.0,0.0,50.0
1492809894155584040,105.0,44.0,17.5,10.0,0.0,50.0,28.0,0.0,50.0
1492809894255600372,105.0,44.0,17.5,10.0,0.0,50.0,28.0,0.0,50.0
1492809894355712403,105.0,44.0,17.5,10.0,0.0,50.0,28.0,0.0,50.0
1492809894455662438,105.0,44.0,17.5,10.0,0.0,50.0,28.0,0.0,50.0
1492809894555590293,105.0,44.0,17.5,10.0,0.0,50.0,28.0,0.0,50.0
1492809894655581787,105.0,44.0,17.5,10.0,0.0,50.0,28.0,0.0,50.0
1492809894755718476,105.0,44.0,17.5,10.0,0.0,50.0,28.0,0.0,50.0
1492809894855559316,105.0,44.0,17.5,10.0,0.0,50.0,28.0,0.0,50.0
1492809894955658097,105.0,44.0,17.5,10.0,0.0,50.0,28.0,0.0,50.0
1492809895055638077,105.0,44.0,17.5,10.0,0.0,50.0,28.0,0.0,50.0
1492809895155668072,105.0,44.0,17.5,10.0,0.0,50.0,28.0,0.0,50.0
1492809895255710178,105.0,44.0,17.5,10.0,0.0,50.0,28.0,0.0,50.0
1492809895355591525,105.0,44.0,17.5,10.0,0.0,50.0,28.0,0.0,50.0
1492809895455655499,105.0,44.0,17.5,10.0,0.0,50.0,28.0,0.0,50.0
1492809895555876714,105.0,44.0,17.5,10.0,0.0,50.0,28.0,0.0,50.0
1492809895655745343,105.0,44.0,17.5,10.0,0.0,50.0,28.0,0.0,50.0
1492809895755665283,105.0,44.0,17.5,10.0,0.0,50.0,28.0,0.0,50.0
1492809895855630364,105.0,44.0,17.5,10.0,0.0,50.0,28.0,0.0,50.0
1492809895955808267,105.0,44.0,17.5,10.0,0.0,50.0,28.0,0.0,50.0
1492809896055719838,105.0,44.0,17.5,10.0,0.0,50.0,28.0,0.0,50.0
1492809896155586267,105.0,44.0,17.5,10.0,0.0,50.0,28.0,0.0,50.0
1492809896255656091,105.0,44.0,17.5,10.0,0.0,50.0,28.0,0.0,50.0
1492809896355563401,105.0,44.0,17.5,10.0,0.0,50.0,28.0,0.0,50.0
1492809896455660673,105.0,44.0,17.5,10.0,0.0,50.0,28.0,0.0,50.0
1492809896555600048,105.0,44.0,17.5,10.0,0.0,50.0,28.0,0.0,50.0
1492809896655638650,105.0,44.0,17.5,10.0,0.0,50.0,28.0,0.0,50.0
1492809896755618115,105.0,44.0,17.5,10.0,0.0,50.0,28.0,0.0,50.0
1492809896855749047,105.0,44.0,17.5,10.0,0.0,50.0,28.0,0.0,50.0
1492809896955731296,105.0,44.0,17.5,10.0,0.0,50.0,28.0,0.0,50.0
1492809897055745092,105.0,44.0,17.5,10.0,0.0,50.0,28.0,0.0,50.0
1492809897155792176,105.0,44.0,17.5,10.0,0.0,50.0,28.0,0.0,50.0
1492809897255717368,105.0,44.0,17.5,10.0,0.0,50.0,28.0,0.0,50.0
1492809897355793256,105.0,44.0,17.5,10.0,0.0,50.0,28.0,0.0,50.0
1492809897455873052,105.0,44.0,17.5,10.0,0.0,50.0,28.0,0.0,50.0
1492809897555727398,105.0,44.0,17.5,10.0,0.0,50.0,28.0,0.0,50.0
1492809897655663671,105.0,44.0,17.5,10.0,0.0,50.0,28.0,0.0,50.0
1492809897755814362,105.0,44.0,17.5,10.0,0.0,50.0,28.0,0.0,50.0
1492809897855770533,105.0,44.0,17.5,10.0,0.0,50.0,28.0,0.0,50.0
1492809897955639376,105.0,44.0,17.5,10.0,0.0,50.0,28.0,0.0,50.0
1492809898055653048,105.0,44.0,17.5,10.0,0.0,50.0,28.0,0.0,50.0
1492809898155662033,105.0,44.0,17.5,10.0,0.0,50.0,28.0,0.0,50.0
1492809898255738173,105.0,44.0,17.5,10.0,0.0,50.0,28.0,0.0,50.0
1492809898355582856,105.0,44.0,17.5,10.0,0.0,50.0,28.0,0.0,50.0
1492809898455602587,105.0,44.0,17.5,10.0,0.0,50.0,28.0,0.0,50.0
1492809898555586249,105.0,44.0,17.5,10.0,0.0,50.0,28.0,0.0,50.0
1492809898655644198,105.0,44.0,17.5,10.0,0.0,50.0,28.0,0.0,50.0
1492809898755640210,105.0,44.0,17.5,10.0,0.0,50.0,28.0,0.0,50.0
1492809898855747593,105.0,44.0,17.5,10.0,0.0,50.0,28.0,0.0,50.0
1492809898955695621,105.0,44.0,17.5,10.0,0.0,50.0,28.0,0.0,50.0
1492809899055682113,105.0,44.0,17.5,10.0,0.0,50.0,28.0,0.0,50.0
1492809899155805404,105.0,44.0,17.5,10.0,0.0,50.0,28.0,0.0,50.0
1492809899255640512,105.0,44.0,17.5,10.0,0.0,50.0,28.0,0.0,50.0
1492809899355636021,105.0,44.0,17.5,10.0,0.0,50.0,28.0,0.0,50.0
1492809899455690562,105.0,44.0,17.5,10.0,0.0,50.0,28.0,0.0,50.0
1492809899555654469,105.0,44.0,17.5,10.0,0.0,50.0,28.0,0.0,50.0
1492809899655663710,105.0,44.0,17.5,10.0,0.0,50.0,28.0,0.0,50.0
1492809899755806052,105.0,44.0,17.5,10.0,0.0,50.0,28.0,0.0,50.0
1492809899855688769,105.0,44.0,17.5,10.0,0.0,50.0,28.0,0.0,50.0
1492809899955656757,105.0,44.0,17.5,10.0,0.0,50.0,28.0,0.0,50.0
1492809900055762788,105.0,44.0,17.5,10.0,0.0,50.0,28.0,0.0,50.0
1492809900155722581,105.0,44.0,17.5,10.0,0.0,50.0,28.0,0.0,50.0
1492809900255528313,105.0,44.0,17.5,10.0,0.0,50.0,28.0,0.0,50.0
1492809900355600296,105.0,44.0,17.5,10.0,0.0,50.0,28.0,0.0,50.0
1492809900455715356,105.0,44.0,17.5,10.0,0.0,50.0,28.0,0.0,50.0
1492809900555575100,105.0,44.0,17.5,10.0,0.0,50.0,28.0,0.0,50.0
1492809900655584330,105.0,44.0,17.5,10.0,0.0,50.0,28.0,0.0,50.0
1492809900755673880,105.0,44.0,17.5,10.0,0.0,50.0,28.0,0.0,50.0
1492809900855688021,105.0,44.0,17.5,10.0,0.0,50.0,28.0,0.0,50.0
1492809900955817135,105.0,44.0,17.5,10.0,0.0,50.0,28.0,0.0,50.0
1492809901055765192,105.0,44.0,17.5,10.0,0.0,50.0,28.0,0.0,50.0
1492809901155569187,105.0,44.0,17.5,10.0,0.0,50.0,28.0,0.0,50.0
1492809901255852570,105.0,44.0,17.5,10.0,0.0,50.0,28.0,0.0,50.0
1492809901355721407,105.0,44.0,17.5,10.0,0.0,50.0,28.0,0.0,50.0
1492809901455612045,105.0,44.0,17.5,10.0,0.0,50.0,28.0,0.0,50.0
1492809901555621394,105.0,44.0,17.5,10.0,0.0,50.0,28.0,0.0,50.0
1492809901655652124,105.0,44.0,17.5,10.0,0.0,50.0,28.0,0.0,50.0
1492809901755886862,105.0,44.0,17.5,10.0,0.0,50.0,28.0,0.0,50.0
1492809901855986625,105.0,44.0,17.5,10.0,0.0,50.0,28.0,0.0,50.0
1492809901955836489,105.0,44.0,17.5,10.0,0.0,50.0,28.0,0.0,50.0
1492809902055658772,105.0,44.0,17.5,10.0,0.0,50.0,28.0,0.0,50.0
1492809902155889193,105.0,44.0,17.5,10.0,0.0,50.0,28.0,0.0,50.0
1492809902255743490,105.0,44.0,17.5,10.0,0.0,50.0,28.0,0.0,50.0
1492809902355715483,105.0,44.0,17.5,10.0,0.0,50.0,28.0,0.0,50.0
1492809902455820765,105.0,44.0,17.5,10.0,0.0,50.0,28.0,0.0,50.0
1492809902555590823,105.0,44.0,17.5,10.0,0.0,50.0,28.0,0.0,50.0
1492809902655588073,105.0,44.0,17.5,10.0,0.0,50.0,28.0,0.0,50.0
1492809902755576830,105.0,44.0,17.5,10.0,0.0,50.0,28.0,0.0,50.0
1492809902855693573,105.0,44.0,17.5,10.0,0.0,50.0,28.0,0.0,50.0
1492809902955614769,105.0,44.0,17.5,10.0,0.0,50.0,28.0,0.0,50.0
1492809903055634165,105.0,44.0,17.5,10.0,0.0,50.0,28.0,0.0,50.0
1492809903155596289,105.0,44.0,17.5,10.0,0.0,50.0,28.0,0.0,50.0
1492809903255696173,105.0,44.0,17.5,10.0,0.0,50.0,28.0,0.0,50.0
1492809903355776924,105.0,44.0,17.5,10.0,0.0,50.0,28.0,0.0,50.0
1492809903455566369,105.0,44.0,17.5,10.0,0.0,50.0,28.0,0.0,50.0
1492809903555785006,105.0,44.0,17.5,10.0,0.0,50.0,28.0,0.0,50.0
1492809903655595922,105.0,44.0,17.5,10.0,0.0,50.0,28.0,0.0,50.0
1492809903755629068,105.0,44.0,17.5,10.0,0.0,50.0,28.0,0.0,50.0
1492809903855651647,105.0,44.0,17.5,10.0,0.0,50.0,28.0,0.0,50.0
1492809903955588670,105.0,44.0,17.5,10.0,0.0,50.0,28.0,0.0,50.0
1492809904055631125,105.0,44.0,17.5,10.0,0.0,50.0,28.0,0.0,50.0
1492809904155775533,105.0,44.0,17.5,10.0,0.0,50.0,28.0,0.0,50.0
1492809904255763205,105.0,44.0,17.5,10.0,0.0,50.0,28.0,0.0,50.0
1492809904355542079,105.0,44.0,17.5,10.0,0.0,50.0,28.0,0.0,50.0
1492809904455647176,105.0,44.0,17.5,10.0,0.0,50.0,28.0,0.0,50.0
1492809904555575326,105.0,44.0,17.5,10.0,0.0,50.0,28.0,0.0,50.0
1492809904655627314,105.0,44.0,17.5,10.0,0.0,50.0,28.0,0.0,50.0
1492809904755685512,105.0,44.0,17.5,10.0,0.0,50.0,28.0,0.0,50.0
1492809904855592601,105.0,44.0,17.5,10.0,0.0,50.0,28.0,0.0,50.0
1492809904955824241,105.0,44.0,17.5,10.0,0.0,50.0,28.0,0.0,50.0
1492809905055676599,105.0,44.0,17.5,10.0,0.0,50.0,28.0,0.0,50.0
1492809905155568076,105.0,44.0,17.5,10.0,0.0,50.0,28.0,0.0,50.0
1492809905255615152,105.0,44.0,17.5,10.0,0.0,50.0,28.0,0.0,50.0
1492809905355612311,105.0,44.0,17.5,10.0,0.0,50.0,28.0,0.0,50.0
1492809905455662898,105.0,44.0,17.5,10.0,0.0,50.0,28.0,0.0,50.0
1492809905555740046,105.0,44.0,17.5,10.0,0.0,50.0,28.0,0.0,50.0
1492809905655732703,105.0,44.0,17.5,10.0,0.0,50.0,28.0,0.0,50.0
1492809905755682710,105.0,44.0,17.5,10.0,0.0,50.0,28.0,0.0,50.0
1492809905855585439,105.0,44.0,17.5,10.0,0.0,50.0,28.0,0.0,50.0
1492809905955654809,105.0,44.0,17.5,10.0,0.0,50.0,28.0,0.0,50.0
1492809906055688784,105.0,44.0,17.5,10.0,0.0,50.0,28.0,0.0,50.0
1492809906155702398,105.0,44.0,17.5,10.0,0.0,50.0,28.0,0.0,50.0
1492809906255746304,105.0,44.0,17.5,10.0,0.0,50.0,28.0,0.0,50.0
1492809906355730384,105.0,44.0,17.5,10.0,0.0,50.0,28.0,0.0,50.0
1492809906455670494,105.0,44.0,17.5,10.0,0.0,50.0,28.0,0.0,50.0
1492809906555667000,105.0,44.0,17.5,10.0,0.0,50.0,28.0,0.0,50.0
1492809906655722899,105.0,44.0,17.5,10.0,0.0,50.0,28.0,0.0,50.0
1492809906755620260,105.0,44.0,17.5,10.0,0.0,50.0,28.0,0.0,50.0
1492809906855701117,105.0,44.0,17.5,10.0,0.0,50.0,28.0,0.0,50.0
1492809906955615799,105.0,44.0,17.5,10.0,0.0,50.0,28.0,0.0,50.0
1492809907055636044,105.0,44.0,17.5,10.0,0.0,50.0,28.0,0.0,50.0
1492809907155726373,105.0,44.0,17.5,10.0,0.0,50.0,28.0,0.0,50.0
1492809907255800273,105.0,44.0,17.5,10.0,0.0,50.0,28.0,0.0,50.0
1492809907355673200,105.0,44.0,17.5,10.0,0.0,50.0,28.0,0.0,50.0
1492809907455659912,105.0,44.0,17.5,10.0,0.0,50.0,28.0,0.0,50.0
1492809907555687562,105.0,44.0,17.5,10.0,0.0,50.0,28.0,0.0,50.0
1492809907655636831,105.0,44.0,17.5,10.0,0.0,50.0,28.0,0.0,50.0
1492809907755686000,105.0,44.0,17.5,10.0,0.0,50.0,28.0,0.0,50.0
1492809907855773073,105.0,44.0,17.5,10.0,0.0,50.0,28.0,0.0,50.0
1492809907955681346,105.0,44.0,17.5,10.0,0.0,50.0,28.0,0.0,50.0
1492809908055613776,105.0,44.0,17.5,10.0,0.0,50.0,28.0,0.0,50.0
1492809908155570595,105.0,44.0,17.5,10.0,0.0,50.0,28.0,0.0,50.0
1492809908255628922,105.0,44.0,17.5,10.0,0.0,50.0,28.0,0.0,50.0
1492809908355723314,105.0,44.0,17.5,10.0,0.0,50.0,28.0,0.0,50.0
1492809908455668970,105.0,44.0,17.5,10.0,0.0,50.0,28.0,0.0,50.0
1492809908555727549,105.0,44.0,17.5,10.0,0.0,50.0,28.0,0.0,50.0
1492809908655796381,105.0,44.0,17.5,10.0,0.0,50.0,28.0,0.0,50.0
1492809908755758550,105.0,44.0,17.5,10.0,0.0,50.0,28.0,0.0,50.0
1492809908855589055,105.0,44.0,17.5,10.0,0.0,50.0,28.0,0.0,50.0
1492809908955659088,105.0,44.0,17.5,10.0,0.0,50.0,28.0,0.0,50.0
1492809909055778230,105.0,44.0,17.5,10.0,0.0,50.0,28.0,0.0,50.0
1492809909155720947,105.0,44.0,17.5,10.0,0.0,50.0,28.0,0.0,50.0
1492809909255654369,105.0,44.0,17.5,10.0,0.0,50.0,28.0,0.0,50.0
1492809909355684214,105.0,44.0,17.5,10.0,0.0,50.0,28.0,0.0,50.0
1492809909455522087,105.0,44.0,17.5,10.0,0.0,50.0,28.0,0.0,50.0
1492809909555750402,105.0,44.0,17.5,10.0,0.0,50.0,28.0,0.0,50.0
1492809909655781824,105.0,44.0,17.5,10.0,0.0,50.0,28.0,0.0,50.0
1492809909755908079,105.0,44.0,17.5,10.0,0.0,50.0,28.0,0.0,50.0
1492809909855726687,105.0,44.0,17.5,10.0,0.0,50.0,28.0,0.0,50.0
1492809909955570802,105.0,44.0,17.5,10.0,0.0,50.0,28.0,0.0,50.0
1492809910055749941,105.0,44.0,17.5,10.0,0.0,50.0,28.0,0.0,50.0
1492809910155757988,105.0,44.0,17.5,10.0,0.0,50.0,28.0,0.0,50.0
1492809910255640881,105.0,44.0,17.5,10.0,0.0,50.0,28.0,0.0,50.0
1492809910355609601,105.0,44.0,17.5,10.0,0.0,50.0,28.0,0.0,50.0
1492809910455592390,105.0,44.0,17.5,10.0,0.0,50.0,28.0,0.0,50.0
1492809910555700730,105.0,44.0,17.5,10.0,0.0,50.0,28.0,0.0,50.0
1492809910655594354,105.0,44.0,17.5,10.0,0.0,50.0,28.0,0.0,50.0
1492809910755650948,105.0,44.0,17.5,10.0,0.0,50.0,28.0,0.0,50.0
1492809910855574689,105.0,44.0,17.5,10.0,0.0,50.0,28.0,0.0,50.0
1492809910955539389,105.0,44.0,17.5,10.0,0.0,50.0,28.0,0.0,50.0
1492809911055641354,105.0,44.0,17.5,10.0,0.0,50.0,28.0,0.0,50.0
1492809911155640368,105.0,44.0,17.5,10.0,0.0,50.0,28.0,0.0,50.0
1492809911255628154,105.0,44.0,17.5,10.0,0.0,50.0,28.0,0.0,50.0
1492809911355615047,105.0,44.0,17.5,10.0,0.0,50.0,28.0,0.0,50.0
1492809911455660241,105.0,44.0,17.5,10.0,0.0,50.0,28.0,0.0,50.0
1492809911555630832,105.0,44.0,17.5,10.0,0.0,50.0,28.0,0.0,50.0
1492809911655724109,105.0,44.0,17.5,10.0,0.0,50.0,28.0,0.0,50.0
1492809911755654948,105.0,44.0,17.5,10.0,0.0,50.0,28.0,0.0,50.0
1492809911855860941,105.0,44.0,17.5,10.0,0.0,50.0,28.0,0.0,50.0
1492809911955708400,105.0,44.0,17.5,10.0,0.0,50.0,28.0,0.0,50.0
1492809912055814704,105.0,44.0,17.5,10.0,0.0,50.0,28.0,0.0,50.0
1492809912155700517,105.0,44.0,17.5,10.0,0.0,50.0,28.0,0.0,50.0
1492809912255547464,105.0,44.0,17.5,10.0,0.0,50.0,28.0,0.0,50.0
1492809912355555078,105.0,44.0,17.5,10.0,0.0,50.0,28.0,0.0,50.0
1492809912455616461,105.0,44.0,17.5,10.0,0.0,50.0,28.0,0.0,50.0
1492809912555599910,105.0,44.0,17.5,10.0,0.0,50.0,28.0,0.0,50.0
1492809912655635157,105.0,44.0,17.5,10.0,0.0,50.0,28.0,0.0,50.0
1492809912755739588,105.0,44.0,17.5,10.0,0.0,50.0,28.0,0.0,50.0
1492809912855717891,105.0,44.0,17.5,10.0,0.0,50.0,28.0,0.0,50.0
1492809912955650990,105.0,44.0,17.5,10.0,0.0,50.0,28.0,0.0,50.0
1492809913055892505,105.0,44.0,17.5,10.0,0.0,50.0,28.0,0.0,50.0
1492809913155608332,105.0,44.0,17.5,10.0,0.0,50.0,28.0,0.0,50.0
1492809913255727500,105.0,44.0,17.5,10.0,0.0,50.0,28.0,0.0,50.0
1492809913355583027,105.0,44.0,17.5,10.0,0.0,50.0,28.0,0.0,50.0
1492809913455584851,105.0,44.0,17.5,10.0,0.0,50.0,28.0,0.0,50.0
1492809913555760337,105.0,44.0,17.5,10.0,0.0,50.0,28.0,0.0,50.0
1492809913655692438,105.0,44.0,17.5,10.0,0.0,50.0,28.0,0.0,50.0
1492809913755587144,105.0,44.0,17.5,10.0,0.0,50.0,28.0,0.0,50.0
1492809913855645577,105.0,44.0,17.5,10.0,0.0,50.0,28.0,0.0,50.0
1492809913955743617,105.0,44.0,17.5,10.0,0.0,50.0,28.0,0.0,50.0
1492809914055876241,105.0,44.0,17.5,10.0,0.0,50.0,28.0,0.0,50.0
1492809914155599311,105.0,44.0,17.5,10.0,0.0,50.0,28.0,0.0,50.0
1492809914255698051,105.0,44.0,17.5,10.0,0.0,50.0,28.0,0.0,50.0
1492809914355937166,105.0,44.0,17.5,10.0,0.0,50.0,28.0,0.0,50.0
1492809914455646755,105.0,44.0,17.5,10.0,0.0,50.0,28.0,0.0,50.0
1492809914555728513,105.0,44.0,17.5,10.0,0.0,50.0,28.0,0.0,50.0
1492809914655616195,105.0,44.0,17.5,10.0,0.0,50.0,28.0,0.0,50.0
1492809914755761947,105.0,44.0,17.5,10.0,0.0,50.0,28.0,0.0,50.0
1492809914855585310,105.0,44.0,17.5,10.0,0.0,50.0,28.0,0.0,50.0
1492809914955585921,105.0,44.0,17.5,10.0,0.0,50.0,28.0,0.0,50.0
1492809915055755158,105.0,44.0,17.5,10.0,0.0,50.0,28.0,0.0,50.0
1492809915155705601,105.0,44.0,17.5,10.0,0.0,50.0,28.0,0.0,50.0
1492809915255714810,105.0,44.0,17.5,10.0,0.0,50.0,28.0,0.0,50.0
1492809915355664670,105.0,44.0,17.5,10.0,0.0,50.0,28.0,0.0,50.0
1492809915455647084,105.0,44.0,17.5,10.0,0.0,50.0,28.0,0.0,50.0
1492809915555790308,105.0,44.0,17.5,10.0,0.0,50.0,28.0,0.0,50.0
1492809915655623398,105.0,44.0,17.5,10.0,0.0,50.0,28.0,0.0,50.0
1492809915755805753,105.0,44.0,17.5,10.0,0.0,50.0,28.0,0.0,50.0
1492809915855762258,105.0,44.0,17.5,10.0,0.0,50.0,28.0,0.0,50.0
1492809915955566758,105.0,44.0,17.5,10.0,0.0,50.0,28.0,0.0,50.0
1492809916055558959,105.0,44.0,17.5,10.0,0.0,50.0,28.0,0.0,50.0
1492809916155596986,105.0,44.0,17.5,10.0,0.0,50.0,28.0,0.0,50.0
1492809916255576695,105.0,44.0,17.5,10.0,0.0,50.0,28.0,0.0,50.0
1492809916355720294,105.0,44.0,17.5,10.0,0.0,50.0,28.0,0.0,50.0
1492809916455633238,105.0,44.0,17.5,10.0,0.0,50.0,28.0,0.0,50.0
1492809916555579216,105.0,44.0,17.5,10.0,0.0,50.0,28.0,0.0,50.0
1492809916655696874,105.0,44.0,17.5,10.0,0.0,50.0,28.0,0.0,50.0
1492809916755717395,105.0,44.0,17.5,10.0,0.0,50.0,28.0,0.0,50.0
1492809916855583033,105.0,44.0,17.5,10.0,0.0,50.0,28.0,0.0,50.0
1492809916955633106,105.0,44.0,17.5,10.0,0.0,50.0,28.0,0.0,50.0
1492809917055588587,105.0,44.0,17.5,10.0,0.0,50.0,28.0,0.0,50.0
1492809917155680572,105.0,44.0,17.5,10.0,0.0,50.0,28.0,0.0,50.0
1492809917255695052,105.0,44.0,17.5,10.0,0.0,50.0,28.0,0.0,50.0
1492809917355730993,105.0,44.0,17.5,10.0,0.0,50.0,28.0,0.0,50.0
1492809917455595254,105.0,44.0,17.5,10.0,0.0,50.0,28.0,0.0,50.0
1492809917555683539,105.0,44.0,17.5,10.0,0.0,50.0,28.0,0.0,50.0
1492809917655657899,105.0,44.0,17.5,10.0,0.0,50.0,28.0,0.0,50.0
1492809917755619927,105.0,44.0,17.5,10.0,0.0,50.0,28.0,0.0,50.0
1492809917855938155,105.0,44.0,17.5,10.0,0.0,50.0,28.0,0.0,50.0
1492809917955632510,105.0,44.0,17.5,10.0,0.0,50.0,28.0,0.0,50.0
1492809918055609413,105.0,44.0,17.5,10.0,0.0,50.0,28.0,0.0,50.0
1492809918155680384,105.0,44.0,17.5,10.0,0.0,50.0,28.0,0.0,50.0
1492809918255697852,105.0,44.0,17.5,10.0,0.0,50.0,28.0,0.0,50.0
1492809918355539702,105.0,44.0,17.5,10.0,0.0,50.0,28.0,0.0,50.0
1492809918455646912,105.0,44.0,17.5,10.0,0.0,50.0,28.0,0.0,50.0
1492809918555538702,105.0,44.0,17.5,10.0,0.0,50.0,28.0,0.0,50.0
1492809918655742598,105.0,44.0,17.5,10.0,0.0,50.0,28.0,0.0,50.0
1492809918755672382,105.0,44.0,17.5,10.0,0.0,50.0,28.0,0.0,50.0
1492809918855686658,105.0,44.0,17.5,10.0,0.0,50.0,28.0,0.0,50.0
1492809918955627304,105.0,44.0,17.5,10.0,0.0,50.0,28.0,0.0,50.0
1492809919055583277,105.0,44.0,17.5,10.0,0.0,50.0,28.0,0.0,50.0
1492809919155743138,105.0,44.0,17.5,10.0,0.0,50.0,28.0,0.0,50.0
1492809919255780143,105.0,44.0,17.5,10.0,0.0,50.0,28.0,0.0,50.0
1492809919355810008,105.0,44.0,17.5,10.0,0.0,50.0,28.0,0.0,50.0
1492809919455630049,105.0,44.0,17.5,10.0,0.0,50.0,28.0,0.0,50.0
1492809919555673044,105.0,44.0,17.5,10.0,0.0,50.0,28.0,0.0,50.0
1492809919655605082,105.0,44.0,17.5,10.0,0.0,50.0,28.0,0.0,50.0
1492809919755670814,105.0,44.0,17.5,10.0,0.0,50.0,28.0,0.0,50.0
1492809919855522229,105.0,44.0,17.5,10.0,0.0,50.0,28.0,0.0,50.0
1492809919955565519,105.0,44.0,17.5,10.0,0.0,50.0,28.0,0.0,50.0
1492809920055661449,105.0,44.0,17.5,10.0,0.0,50.0,28.0,0.0,50.0
1492809920155608711,105.0,44.0,17.5,10.0,0.0,50.0,28.0,0.0,50.0
1492809920255688988,105.0,44.0,17.5,10.0,0.0,50.0,28.0,0.0,50.0
1492809920355546060,105.0,44.0,17.5,10.0,0.0,50.0,28.0,0.0,50.0
1492809920455649740,105.0,44.0,17.5,10.0,0.0,50.0,28.0,0.0,50.0
1492809920555750821,105.0,44.0,17.5,10.0,0.0,50.0,28.0,0.0,50.0
1492809920655622994,105.0,44.0,17.5,10.0,0.0,50.0,28.0,0.0,50.0
1492809920755824176,105.0,44.0,17.5,10.0,0.0,50.0,28.0,0.0,50.0
1492809920855731466,105.0,44.0,17.5,10.0,0.0,50.0,28.0,0.0,50.0
1492809920955773194,105.0,44.0,17.5,10.0,0.0,50.0,28.0,0.0,50.0
1492809921055633461,105.0,44.0,17.5,10.0,0.0,50.0,28.0,0.0,50.0
1492809921155769740,105.0,44.0,17.5,10.0,0.0,50.0,28.0,0.0,50.0
1492809921255613923,105.0,44.0,17.5,10.0,0.0,50.0,28.0,0.0,50.0
1492809921355838213,105.0,44.0,17.5,10.0,0.0,50.0,28.0,0.0,50.0
1492809921455749715,105.0,44.0,17.5,10.0,0.0,50.0,28.0,0.0,50.0
1492809921555596818,105.0,44.0,17.5,10.0,0.0,50.0,28.0,0.0,50.0
1492809921655671971,105.0,44.0,17.5,10.0,0.0,50.0,28.0,0.0,50.0
1492809921755784857,105.0,44.0,17.5,10.0,0.0,50.0,28.0,0.0,50.0
1492809921855611864,105.0,44.0,17.5,10.0,0.0,50.0,28.0,0.0,50.0
1492809921955633135,105.0,44.0,17.5,10.0,0.0,50.0,28.0,0.0,50.0
1492809922055638721,105.0,44.0,17.5,10.0,0.0,50.0,28.0,0.0,50.0
1492809922155619423,105.0,44.0,17.5,10.0,0.0,50.0,28.0,0.0,50.0
1492809922255644084,105.0,44.0,17.5,10.0,0.0,50.0,28.0,0.0,50.0
1492809922355755516,105.0,44.0,17.5,10.0,0.0,50.0,28.0,0.0,50.0
1492809922455759848,105.0,44.0,17.5,10.0,0.0,50.0,28.0,0.0,50.0
1492809922555634074,105.0,44.0,17.5,10.0,0.0,50.0,28.0,0.0,50.0
1492809922655670133,105.0,44.0,17.5,10.0,0.0,50.0,28.0,0.0,50.0
1492809922755606339,105.0,44.0,17.5,10.0,0.0,50.0,28.0,0.0,50.0
1492809922855593922,105.0,44.0,17.5,10.0,0.0,50.0,28.0,0.0,50.0
1492809922955557018,105.0,44.0,17.5,10.0,0.0,50.0,28.0,0.0,50.0
1492809923055636920,105.0,44.0,17.5,10.0,0.0,50.0,28.0,0.0,50.0
1492809923155768523,105.0,44.0,17.5,10.0,0.0,50.0,28.0,0.0,50.0
1492809923255715442,105.0,44.0,17.5,10.0,0.0,50.0,28.0,0.0,50.0
1492809923355670314,105.0,44.0,17.5,10.0,0.0,50.0,28.0,0.0,50.0
1492809923455535733,105.0,44.0,17.5,10.0,0.0,50.0,28.0,0.0,50.0
1492809923555693399,105.0,44.0,17.5,10.0,0.0,50.0,28.0,0.0,50.0
1492809923655642320,105.0,44.0,17.5,10.0,0.0,50.0,28.0,0.0,50.0
1492809923755659736,105.0,44.0,17.5,10.0,0.0,50.0,28.0,0.0,50.0
1492809923855676339,105.0,44.0,17.5,10.0,0.0,50.0,28.0,0.0,50.0
1492809923955561952,105.0,44.0,17.5,10.0,0.0,50.0,28.0,0.0,50.0
1492809924055667322,105.0,44.0,17.5,10.0,0.0,50.0,28.0,0.0,50.0
1492809924155642616,105.0,44.0,17.5,10.0,0.0,50.0,28.0,0.0,50.0
1492809924255663927,105.0,44.0,17.5,10.0,0.0,50.0,28.0,0.0,50.0
1492809924355754278,105.0,44.0,17.5,10.0,0.0,50.0,28.0,0.0,50.0
1492809924455683007,105.0,44.0,17.5,10.0,0.0,50.0,28.0,0.0,50.0
1492809924555782476,105.0,44.0,17.5,10.0,0.0,50.0,28.0,0.0,50.0
1492809924655636245,105.0,44.0,17.5,10.0,0.0,50.0,28.0,0.0,50.0
1492809924755714951,105.0,44.0,17.5,10.0,0.0,50.0,28.0,0.0,50.0
1492809924855844093,105.0,44.0,17.5,10.0,0.0,50.0,28.0,0.0,50.0
1492809924955567134,105.0,44.0,17.5,10.0,0.0,50.0,28.0,0.0,50.0
1492809925055554705,105.0,44.0,17.5,10.0,0.0,50.0,28.0,0.0,50.0
1492809925155833601,105.0,44.0,17.5,10.0,0.0,50.0,28.0,0.0,50.0
1492809925255739103,105.0,44.0,17.5,10.0,0.0,50.0,28.0,0.0,50.0
1492809925355621697,105.0,44.0,17.5,10.0,0.0,50.0,28.0,0.0,50.0
1492809925455777247,105.0,44.0,17.5,10.0,0.0,50.0,28.0,0.0,50.0
1492809925555728598,105.0,44.0,17.5,10.0,0.0,50.0,28.0,0.0,50.0
1492809925655645486,105.0,44.0,17.5,10.0,0.0,50.0,28.0,0.0,50.0
1492809925755657926,105.0,44.0,17.5,10.0,0.0,50.0,28.0,0.0,50.0
1492809925855745424,105.0,44.0,17.5,10.0,0.0,50.0,28.0,0.0,50.0
1492809925955633282,105.0,44.0,17.5,10.0,0.0,50.0,28.0,0.0,50.0
1492809926055659928,105.0,44.0,17.5,10.0,0.0,50.0,28.0,0.0,50.0
1492809926155657798,105.0,44.0,17.5,10.0,0.0,50.0,28.0,0.0,50.0
1492809926255699987,105.0,44.0,17.5,10.0,0.0,50.0,28.0,0.0,50.0
1492809926355641664,105.0,44.0,17.5,10.0,0.0,50.0,28.0,0.0,50.0
1492809926455719439,105.0,44.0,17.5,10.0,0.0,50.0,28.0,0.0,50.0
1492809926555603707,105.0,44.0,17.5,10.0,0.0,50.0,28.0,0.0,50.0
1492809926655683644,105.0,44.0,17.5,10.0,0.0,50.0,28.0,0.0,50.0
1492809926755660808,105.0,44.0,17.5,10.0,0.0,50.0,28.0,0.0,50.0
1492809926855690880,105.0,44.0,17.5,10.0,0.0,50.0,28.0,0.0,50.0
1492809926955702005,105.0,44.0,17.5,10.0,0.0,50.0,28.0,0.0,50.0
1492809927055665441,105.0,44.0,17.5,10.0,0.0,50.0,28.0,0.0,50.0
1492809927155704453,105.0,44.0,17.5,10.0,0.0,50.0,28.0,0.0,50.0
1492809927255774271,105.0,44.0,17.5,10.0,0.0,50.0,28.0,0.0,50.0
1492809927355632412,105.0,44.0,17.5,10.0,0.0,50.0,28.0,0.0,50.0
1492809927455653577,105.0,44.0,17.5,10.0,0.0,50.0,28.0,0.0,50.0
1492809927555561485,105.0,44.0,17.5,10.0,0.0,50.0,28.0,0.0,50.0
1492809927655638811,105.0,44.0,17.5,10.0,0.0,50.0,28.0,0.0,50.0
1492809927755689849,105.0,44.0,17.5,10.0,0.0,50.0,28.0,0.0,50.0
1492809927855687846,105.0,44.0,17.5,10.0,0.0,50.0,28.0,0.0,50.0
1492809927955734992,105.0,44.0,17.5,10.0,0.0,50.0,28.0,0.0,50.0
1492809928055678324,105.0,44.0,17.5,10.0,0.0,50.0,28.0,0.0,50.0
1492809928155676902,105.0,44.0,17.5,10.0,0.0,50.0,28.0,0.0,50.0
1492809928255775148,105.0,44.0,17.5,10.0,0.0,50.0,28.0,0.0,50.0
1492809928355633055,105.0,44.0,17.5,10.0,0.0,50.0,28.0,0.0,50.0
1492809928455642525,105.0,44.0,17.5,10.0,0.0,50.0,28.0,0.0,50.0
1492809928555702595,105.0,44.0,17.5,10.0,0.0,50.0,28.0,0.0,50.0
1492809928655662464,105.0,44.0,17.5,10.0,0.0,50.0,28.0,0.0,50.0
1492809928755679082,105.0,44.0,17.5,10.0,0.0,50.0,28.0,0.0,50.0
1492809928855597737,105.0,44.0,17.5,10.0,0.0,50.0,28.0,0.0,50.0
1492809928955667434,105.0,44.0,17.5,10.0,0.0,50.0,28.0,0.0,50.0
1492809929055929074,105.0,44.0,17.5,10.0,0.0,50.0,28.0,0.0,50.0
1492809929155661531,105.0,44.0,17.5,10.0,0.0,50.0,28.0,0.0,50.0
1492809929255680169,105.0,44.0,17.5,10.0,0.0,50.0,28.0,0.0,50.0
1492809929355584244,105.0,44.0,17.5,10.0,0.0,50.0,28.0,0.0,50.0
1492809929455663769,105.0,44.0,17.5,10.0,0.0,50.0,28.0,0.0,50.0
1492809929555629059,105.0,44.0,17.5,10.0,0.0,50.0,28.0,0.0,50.0
1492809929655677536,105.0,44.0,17.5,10.0,0.0,50.0,28.0,0.0,50.0
1492809929755741332,105.0,44.0,17.5,10.0,0.0,50.0,28.0,0.0,50.0
1492809929855633940,105.0,44.0,17.5,10.0,0.0,50.0,28.0,0.0,50.0
1492809929955743873,105.0,44.0,17.5,10.0,0.0,50.0,28.0,0.0,50.0
1492809930055829827,105.0,44.0,17.5,10.0,0.0,50.0,28.0,0.0,50.0
1492809930155582478,105.0,44.0,17.5,10.0,0.0,50.0,28.0,0.0,50.0
1492809930255647399,105.0,44.0,17.5,10.0,0.0,50.0,28.0,0.0,50.0
1492809930355588022,105.0,44.0,17.5,10.0,0.0,50.0,28.0,0.0,50.0
1492809930455778393,105.0,44.0,17.5,10.0,0.0,50.0,28.0,0.0,50.0
1492809930555545822,105.0,44.0,17.5,10.0,0.0,50.0,28.0,0.0,50.0
1492809930655842562,105.0,44.0,17.5,10.0,0.0,50.0,28.0,0.0,50.0
1492809930755669262,105.0,44.0,17.5,10.0,0.0,50.0,28.0,0.0,50.0
1492809930855635146,105.0,44.0,17.5,10.0,0.0,50.0,28.0,0.0,50.0
1492809930955616535,105.0,44.0,17.5,10.0,0.0,50.0,28.0,0.0,50.0
1492809931055763474,105.0,44.0,17.5,10.0,0.0,50.0,28.0,0.0,50.0
1492809931155836863,105.0,44.0,17.5,10.0,0.0,50.0,28.0,0.0,50.0
1492809931255648048,105.0,44.0,17.5,10.0,0.0,50.0,28.0,0.0,50.0
1492809931355649463,105.0,44.0,17.5,10.0,0.0,50.0,28.0,0.0,50.0
1492809931455819589,105.0,44.0,17.5,10.0,0.0,50.0,28.0,0.0,50.0
1492809931555739062,105.0,44.0,17.5,10.0,0.0,50.0,28.0,0.0,50.0
1492809931655599309,105.0,44.0,17.5,10.0,0.0,50.0,28.0,0.0,50.0
1492809931755786187,105.0,44.0,17.5,10.0,0.0,50.0,28.0,0.0,50.0
1492809931855633710,105.0,44.0,17.5,10.0,0.0,50.0,28.0,0.0,50.0
1492809931955636187,105.0,44.0,17.5,10.0,0.0,50.0,28.0,0.0,50.0
1492809932055638959,105.0,44.0,17.5,10.0,0.0,50.0,28.0,0.0,50.0
1492809932155866269,105.0,44.0,17.5,10.0,0.0,50.0,28.0,0.0,50.0
1492809932255731647,105.0,44.0,17.5,10.0,0.0,50.0,28.0,0.0,50.0
1492809932355928630,105.0,44.0,17.5,10.0,0.0,50.0,28.0,0.0,50.0
1492809932455753120,105.0,44.0,17.5,10.0,0.0,50.0,28.0,0.0,50.0
1492809932555631913,105.0,44.0,17.5,10.0,0.0,50.0,28.0,0.0,50.0
1492809932655565296,105.0,44.0,17.5,10.0,0.0,50.0,28.0,0.0,50.0
1492809932755727495,105.0,44.0,17.5,10.0,0.0,50.0,28.0,0.0,50.0
1492809932855567159,105.0,44.0,17.5,10.0,0.0,50.0,28.0,0.0,50.0
1492809932955800641,105.0,44.0,17.5,10.0,0.0,50.0,28.0,0.0,50.0
1492809933055730002,105.0,44.0,17.5,10.0,0.0,50.0,28.0,0.0,50.0
1492809933155802963,105.0,44.0,17.5,10.0,0.0,50.0,28.0,0.0,50.0
1492809933255771675,105.0,44.0,17.5,10.0,0.0,50.0,28.0,0.0,50.0
1492809933355695486,105.0,44.0,17.5,10.0,0.0,50.0,28.0,0.0,50.0
1492809933455905654,105.0,44.0,17.5,10.0,0.0,50.0,28.0,0.0,50.0
1492809933555649624,105.0,44.0,17.5,10.0,0.0,50.0,28.0,0.0,50.0
1492809933655733982,105.0,44.0,17.5,10.0,0.0,50.0,28.0,0.0,50.0
1492809933755690095,105.0,44.0,17.5,10.0,0.0,50.0,28.0,0.0,50.0
1492809933855618315,105.0,44.0,17.5,10.0,0.0,50.0,28.0,0.0,50.0
1492809933955572477,105.0,44.0,17.5,10.0,0.0,50.0,28.0,0.0,50.0
1492809934055640652,105.0,44.0,17.5,10.0,0.0,50.0,28.0,0.0,50.0
1492809934155666539,105.0,44.0,17.5,10.0,0.0,50.0,28.0,0.0,50.0
1492809934255610128,105.0,44.0,17.5,10.0,0.0,50.0,28.0,0.0,50.0
1492809934355726067,105.0,44.0,17.5,10.0,0.0,50.0,28.0,0.0,50.0
1492809934455704384,105.0,44.0,17.5,10.0,0.0,50.0,28.0,0.0,50.0
1492809934555564263,105.0,44.0,17.5,10.0,0.0,50.0,28.0,0.0,50.0
1492809934655871930,105.0,44.0,17.5,10.0,0.0,50.0,28.0,0.0,50.0
1492809934755661194,105.0,44.0,17.5,10.0,0.0,50.0,28.0,0.0,50.0
1492809934855583188,105.0,44.0,17.5,10.0,0.0,50.0,28.0,0.0,50.0
1492809934955630208,105.0,44.0,17.5,10.0,0.0,50.0,28.0,0.0,50.0
1492809935055667048,105.0,44.0,17.5,10.0,0.0,50.0,28.0,0.0,50.0
1492809935155687836,105.0,44.0,17.5,10.0,0.0,50.0,28.0,0.0,50.0
1492809935255759551,105.0,44.0,17.5,10.0,0.0,50.0,28.0,0.0,50.0
1492809935355650216,105.0,44.0,17.5,10.0,0.0,50.0,28.0,0.0,50.0
1492809935455576423,105.0,44.0,17.5,10.0,0.0,50.0,28.0,0.0,50.0
1492809935555660173,105.0,44.0,17.5,10.0,0.0,50.0,28.0,0.0,50.0
1492809935655647623,105.0,44.0,17.5,10.0,0.0,50.0,28.0,0.0,50.0
1492809935755779172,105.0,44.0,17.5,10.0,0.0,50.0,28.0,0.0,50.0
1492809935855849238,105.0,44.0,17.5,10.0,0.0,50.0,28.0,0.0,50.0
1492809935955661413,105.0,44.0,17.5,10.0,0.0,50.0,28.0,0.0,50.0
1492809936055821721,105.0,44.0,17.5,10.0,0.0,50.0,28.0,0.0,50.0
1492809936155640796,105.0,44.0,17.5,10.0,0.0,50.0,28.0,0.0,50.0
1492809936255676197,105.0,44.0,17.5,10.0,0.0,50.0,28.0,0.0,50.0
1492809936355606757,105.0,44.0,17.5,10.0,0.0,50.0,28.0,0.0,50.0
1492809936455661519,105.0,44.0,17.5,10.0,0.0,50.0,28.0,0.0,50.0
1492809936555661997,105.0,44.0,17.5,10.0,0.0,50.0,28.0,0.0,50.0
1492809936655695341,105.0,44.0,17.5,10.0,0.0,50.0,28.0,0.0,50.0
1492809936755593316,105.0,44.0,17.5,10.0,0.0,50.0,28.0,0.0,50.0
1492809936855622640,105.0,44.0,17.5,10.0,0.0,50.0,28.0,0.0,50.0
1492809936955681142,105.0,44.0,17.5,10.0,0.0,50.0,28.0,0.0,50.0
1492809937055564926,105.0,44.0,17.5,10.0,0.0,50.0,28.0,0.0,50.0
1492809937155753941,105.0,44.0,17.5,10.0,0.0,50.0,28.0,0.0,50.0
1492809937255625457,105.0,44.0,17.5,10.0,0.0,50.0,28.0,0.0,50.0
1492809937355754978,105.0,44.0,17.5,10.0,0.0,50.0,28.0,0.0,50.0
1492809937455775614,105.0,44.0,17.5,10.0,0.0,50.0,28.0,0.0,50.0
1492809937555738093,105.0,44.0,17.5,10.0,0.0,50.0,28.0,0.0,50.0
1492809937655631419,105.0,44.0,17.5,10.0,0.0,50.0,28.0,0.0,50.0
1492809937755541272,105.0,44.0,17.5,10.0,0.0,50.0,28.0,0.0,50.0
1492809937855638587,105.0,44.0,17.5,10.0,0.0,50.0,28.0,0.0,50.0
1492809937955868164,105.0,44.0,17.5,10.0,0.0,50.0,28.0,0.0,50.0
1492809938055708535,105.0,44.0,17.5,10.0,0.0,50.0,28.0,0.0,50.0
1492809938155768163,105.0,44.0,17.5,10.0,0.0,50.0,28.0,0.0,50.0
1492809938255776168,105.0,44.0,17.5,10.0,0.0,50.0,28.0,0.0,50.0
1492809938355644444,105.0,44.0,17.5,10.0,0.0,50.0,28.0,0.0,50.0
1492809938455823327,105.0,44.0,17.5,10.0,0.0,50.0,28.0,0.0,50.0
1492809938555596314,105.0,44.0,17.5,10.0,0.0,50.0,28.0,0.0,50.0
1492809938655611824,105.0,44.0,17.5,10.0,0.0,50.0,28.0,0.0,50.0
1492809938755604868,105.0,44.0,17.5,10.0,0.0,50.0,28.0,0.0,50.0
1492809938855743942,105.0,44.0,17.5,10.0,0.0,50.0,28.0,0.0,50.0
1492809938955703272,105.0,44.0,17.5,10.0,0.0,50.0,28.0,0.0,50.0
1492809939055647865,105.0,44.0,17.5,10.0,0.0,50.0,28.0,0.0,50.0
1492809939155895102,105.0,44.0,17.5,10.0,0.0,50.0,28.0,0.0,50.0
1492809939255653573,105.0,44.0,17.5,10.0,0.0,50.0,28.0,0.0,50.0
1492809939355636026,105.0,44.0,17.5,10.0,0.0,50.0,28.0,0.0,50.0
1492809939455564123,105.0,44.0,17.5,10.0,0.0,50.0,28.0,0.0,50.0
1492809939555608802,105.0,44.0,17.5,10.0,0.0,50.0,28.0,0.0,50.0
1492809939655549716,105.0,44.0,17.5,10.0,0.0,50.0,28.0,0.0,50.0
1492809939755682208,105.0,44.0,17.5,10.0,0.0,50.0,28.0,0.0,50.0
1492809939855939575,105.0,44.0,17.5,10.0,0.0,50.0,28.0,0.0,50.0
1492809939955619345,105.0,44.0,17.5,10.0,0.0,50.0,28.0,0.0,50.0
1492809940055657923,105.0,44.0,17.5,10.0,0.0,50.0,28.0,0.0,50.0
1492809940155600011,105.0,44.0,17.5,10.0,0.0,50.0,28.0,0.0,50.0
1492809940255616461,105.0,44.0,17.5,10.0,0.0,50.0,28.0,0.0,50.0
1492809940355856320,105.0,44.0,17.5,10.0,0.0,50.0,28.0,0.0,50.0
1492809940455592035,105.0,44.0,17.5,10.0,0.0,50.0,28.0,0.0,50.0
1492809940555578723,105.0,44.0,17.5,10.0,0.0,50.0,28.0,0.0,50.0
1492809940655597955,105.0,44.0,17.5,10.0,0.0,50.0,28.0,0.0,50.0
1492809940755552967,105.0,44.0,17.5,10.0,0.0,50.0,28.0,0.0,50.0
1492809940855619263,105.0,44.0,17.5,10.0,0.0,50.0,28.0,0.0,50.0
1492809940955651822,105.0,44.0,17.5,10.0,0.0,50.0,28.0,0.0,50.0
1492809941055638405,105.0,44.0,17.5,10.0,0.0,50.0,28.0,0.0,50.0
1492809941155816410,105.0,44.0,17.5,10.0,0.0,50.0,28.0,0.0,50.0
1492809941255623056,105.0,44.0,17.5,10.0,0.0,50.0,28.0,0.0,50.0
1492809941355615311,105.0,44.0,17.5,10.0,0.0,50.0,28.0,0.0,50.0
1492809941455645913,105.0,44.0,17.5,10.0,0.0,50.0,28.0,0.0,50.0
1492809941555696972,105.0,44.0,17.5,10.0,0.0,50.0,28.0,0.0,50.0
1492809941655687544,105.0,44.0,17.5,10.0,0.0,50.0,28.0,0.0,50.0
1492809941755660677,105.0,44.0,17.5,10.0,0.0,50.0,28.0,0.0,50.0
1492809941855655183,105.0,44.0,17.5,10.0,0.0,50.0,28.0,0.0,50.0
1492809941955815358,105.0,44.0,17.5,10.0,0.0,50.0,28.0,0.0,50.0
1492809942055541005,105.0,44.0,17.5,10.0,0.0,50.0,28.0,0.0,50.0
1492809942155839205,105.0,44.0,17.5,10.0,0.0,50.0,28.0,0.0,50.0
1492809942255635234,105.0,44.0,17.5,10.0,0.0,50.0,28.0,0.0,50.0
1492809942355549465,105.0,44.0,17.5,10.0,0.0,50.0,28.0,0.0,50.0
1492809942455697614,105.0,44.0,17.5,10.0,0.0,50.0,28.0,0.0,50.0
1492809942555693125,105.0,44.0,17.5,10.0,0.0,50.0,28.0,0.0,50.0
1492809942655662366,105.0,44.0,17.5,10.0,0.0,50.0,28.0,0.0,50.0
1492809942755756164,105.0,44.0,17.5,10.0,0.0,50.0,28.0,0.0,50.0
1492809942855626253,105.0,44.0,17.5,10.0,0.0,50.0,28.0,0.0,50.0
1492809942955609709,105.0,44.0,17.5,10.0,0.0,50.0,28.0,0.0,50.0
1492809943055700090,105.0,44.0,17.5,10.0,0.0,50.0,28.0,0.0,50.0
1492809943155583255,105.0,44.0,17.5,10.0,0.0,50.0,28.0,0.0,50.0
1492809943255745627,105.0,44.0,17.5,10.0,0.0,50.0,28.0,0.0,50.0
1492809943355647523,105.0,44.0,17.5,10.0,0.0,50.0,28.0,0.0,50.0
1492809943455646851,105.0,44.0,17.5,10.0,0.0,50.0,28.0,0.0,50.0
1492809943555647533,105.0,44.0,17.5,10.0,0.0,50.0,28.0,0.0,50.0
1492809943655748078,105.0,44.0,17.5,10.0,0.0,50.0,28.0,0.0,50.0
1492809943755780943,105.0,44.0,17.5,10.0,0.0,50.0,28.0,0.0,50.0
1492809943855631385,105.0,44.0,17.5,10.0,0.0,50.0,28.0,0.0,50.0
1492809943955661755,105.0,44.0,17.5,10.0,0.0,50.0,28.0,0.0,50.0
1492809944055785830,105.0,44.0,17.5,10.0,0.0,50.0,28.0,0.0,50.0
1492809944155663762,105.0,44.0,17.5,10.0,0.0,50.0,28.0,0.0,50.0
1492809944255777712,105.0,44.0,17.5,10.0,0.0,50.0,28.0,0.0,50.0
1492809944355602195,105.0,44.0,17.5,10.0,0.0,50.0,28.0,0.0,50.0
1492809944455572509,105.0,44.0,17.5,10.0,0.0,50.0,28.0,0.0,50.0
1492809944555680950,105.0,44.0,17.5,10.0,0.0,50.0,28.0,0.0,50.0
1492809944655716882,105.0,44.0,17.5,10.0,0.0,50.0,28.0,0.0,50.0
1492809944755881885,105.0,44.0,17.5,10.0,0.0,50.0,28.0,0.0,50.0
1492809944855644389,105.0,44.0,17.5,10.0,0.0,50.0,28.0,0.0,50.0
1492809944955720822,105.0,44.0,17.5,10.0,0.0,50.0,28.0,0.0,50.0
1492809945055809296,105.0,44.0,17.5,10.0,0.0,50.0,28.0,0.0,50.0
1492809945155683058,105.0,44.0,17.5,10.0,0.0,50.0,28.0,0.0,50.0
1492809945255638848,105.0,44.0,17.5,10.0,0.0,50.0,28.0,0.0,50.0
1492809945355669784,105.0,44.0,17.5,10.0,0.0,50.0,28.0,0.0,50.0
1492809945455703700,105.0,44.0,17.5,10.0,0.0,50.0,28.0,0.0,50.0
1492809945555724733,105.0,44.0,17.5,10.0,0.0,50.0,28.0,0.0,50.0
1492809945655668233,105.0,44.0,17.5,10.0,0.0,50.0,28.0,0.0,50.0
1492809945755618575,105.0,44.0,17.5,10.0,0.0,50.0,28.0,0.0,50.0
1492809945855726390,105.0,44.0,17.5,10.0,0.0,50.0,28.0,0.0,50.0
1492809945955721406,105.0,44.0,17.5,10.0,0.0,50.0,28.0,0.0,50.0
1492809946055758292,105.0,44.0,17.5,10.0,0.0,50.0,28.0,0.0,50.0
1492809946155640845,105.0,44.0,17.5,10.0,0.0,50.0,28.0,0.0,50.0
1492809946255692306,105.0,44.0,17.5,10.0,0.0,50.0,28.0,0.0,50.0
1492809946355784445,105.0,44.0,17.5,10.0,0.0,50.0,28.0,0.0,50.0
1492809946455815835,105.0,44.0,17.5,10.0,0.0,50.0,28.0,0.0,50.0
1492809946555751444,105.0,44.0,17.5,10.0,0.0,50.0,28.0,0.0,50.0
1492809946655723114,105.0,44.0,17.5,10.0,0.0,50.0,28.0,0.0,50.0
1492809946755734887,105.0,44.0,17.5,10.0,0.0,50.0,28.0,0.0,50.0
1492809946855694280,105.0,44.0,17.5,10.0,0.0,50.0,28.0,0.0,50.0
1492809946955708604,105.0,44.0,17.5,10.0,0.0,50.0,28.0,0.0,50.0
1492809947055624705,105.0,44.0,17.5,10.0,0.0,50.0,28.0,0.0,50.0
1492809947155689278,105.0,44.0,17.5,10.0,0.0,50.0,28.0,0.0,50.0
1492809947255656536,105.0,44.0,17.5,10.0,0.0,50.0,28.0,0.0,50.0
1492809947355660704,105.0,44.0,17.5,10.0,0.0,50.0,28.0,0.0,50.0
1492809947455705199,105.0,44.0,17.5,10.0,0.0,50.0,28.0,0.0,50.0
1492809947555700831,105.0,44.0,17.5,10.0,0.0,50.0,28.0,0.0,50.0
1492809947655823281,105.0,44.0,17.5,10.0,0.0,50.0,28.0,0.0,50.0
1492809947755863826,105.0,44.0,17.5,10.0,0.0,50.0,28.0,0.0,50.0
1492809947855609079,105.0,44.0,17.5,10.0,0.0,50.0,28.0,0.0,50.0
1492809947955990797,105.0,44.0,17.5,10.0,0.0,50.0,28.0,0.0,50.0
1492809948055638432,105.0,44.0,17.5,10.0,0.0,50.0,28.0,0.0,50.0
1492809948155736897,105.0,44.0,17.5,10.0,0.0,50.0,28.0,0.0,50.0
1492809948255656316,105.0,44.0,17.5,10.0,0.0,50.0,28.0,0.0,50.0
1492809948355611628,105.0,44.0,17.5,10.0,0.0,50.0,28.0,0.0,50.0
1492809948455801926,105.0,44.0,17.5,10.0,0.0,50.0,28.0,0.0,50.0
1492809948555616619,105.0,44.0,17.5,10.0,0.0,50.0,28.0,0.0,50.0
1492809948655610364,105.0,44.0,17.5,10.0,0.0,50.0,28.0,0.0,50.0
1492809948755618365,105.0,44.0,17.5,10.0,0.0,50.0,28.0,0.0,50.0
1492809948855583838,105.0,44.0,17.5,10.0,0.0,50.0,28.0,0.0,50.0
1492809948955786109,105.0,44.0,17.5,10.0,0.0,50.0,28.0,0.0,50.0
1492809949055673365,105.0,44.0,17.5,10.0,0.0,50.0,28.0,0.0,50.0
1492809949155576030,105.0,44.0,17.5,10.0,0.0,50.0,28.0,0.0,50.0
1492809949255705816,105.0,44.0,17.5,10.0,0.0,50.0,28.0,0.0,50.0
1492809949355613281,105.0,44.0,17.5,10.0,0.0,50.0,28.0,0.0,50.0
1492809949455670209,105.0,44.0,17.5,10.0,0.0,50.0,28.0,0.0,50.0
1492809949555649964,105.0,44.0,17.5,10.0,0.0,50.0,28.0,0.0,50.0
1492809949655789403,105.0,44.0,17.5,10.0,0.0,50.0,28.0,0.0,50.0
1492809949755685785,105.0,44.0,17.5,10.0,0.0,50.0,28.0,0.0,50.0
1492809949855718029,105.0,44.0,17.5,10.0,0.0,50.0,28.0,0.0,50.0
1492809949955726648,105.0,44.0,17.5,10.0,0.0,50.0,28.0,0.0,50.0
1492809950055636631,105.0,44.0,17.5,10.0,0.0,50.0,28.0,0.0,50.0
1492809966055967860,105.0,44.0,17.5,10.0,0.0,50.0,28.0,0.0,50.0
1492809966055973321,105.0,44.0,17.5,10.0,0.0,50.0,28.0,0.0,50.0
1492809966055976286,105.0,44.0,17.5,10.0,0.0,50.0,28.0,0.0,50.0
1492809966055978964,105.0,44.0,17.5,10.0,0.0,50.0,28.0,0.0,50.0
1492809966056016448,105.0,44.0,17.5,10.0,0.0,50.0,28.0,0.0,50.0
1492809966056083106,105.0,44.0,17.5,10.0,0.0,50.0,28.0,0.0,50.0
1492809966056087764,105.0,44.0,17.5,10.0,0.0,50.0,28.0,0.0,50.0
1492809966056101861,105.0,44.0,17.5,10.0,0.0,50.0,28.0,0.0,50.0
1492809966056114435,105.0,44.0,17.5,10.0,0.0,50.0,28.0,0.0,50.0
1492809966056126924,105.0,44.0,17.5,10.0,0.0,50.0,28.0,0.0,50.0
1492809966056138611,105.0,44.0,17.5,10.0,0.0,50.0,28.0,0.0,50.0
1492809966056150398,105.0,44.0,17.5,10.0,0.0,50.0,28.0,0.0,50.0
1492809966056162106,105.0,44.0,17.5,10.0,0.0,50.0,28.0,0.0,50.0
1492809966056173613,105.0,44.0,17.5,10.0,0.0,50.0,28.0,0.0,50.0
1492809966056186398,105.0,44.0,17.5,10.0,0.0,50.0,28.0,0.0,50.0
1492809966056198071,105.0,44.0,17.5,10.0,0.0,50.0,28.0,0.0,50.0
1492809966056209429,105.0,44.0,17.5,10.0,0.0,50.0,28.0,0.0,50.0
1492809966056220733,105.0,44.0,17.5,10.0,0.0,50.0,28.0,0.0,50.0
1492809966056232059,105.0,44.0,17.5,10.0,0.0,50.0,28.0,0.0,50.0
1492809966056244112,105.0,44.0,17.5,10.0,0.0,50.0,28.0,0.0,50.0
1492809966056255671,105.0,44.0,17.5,10.0,0.0,50.0,28.0,0.0,50.0
1492809966056269792,105.0,44.0,17.5,10.0,0.0,50.0,28.0,0.0,50.0
1492809966056281872,105.0,44.0,17.5,10.0,0.0,50.0,28.0,0.0,50.0
1492809966056293272,105.0,44.0,17.5,10.0,0.0,50.0,28.0,0.0,50.0
1492809966056304666,105.0,44.0,17.5,10.0,0.0,50.0,28.0,0.0,50.0
1492809966056316202,105.0,44.0,17.5,10.0,0.0,50.0,28.0,0.0,50.0
1492809966056327507,105.0,44.0,17.5,10.0,0.0,50.0,28.0,0.0,50.0
1492809966056338645,105.0,44.0,17.5,10.0,0.0,50.0,28.0,0.0,50.0
1492809966056350501,105.0,44.0,17.5,10.0,0.0,50.0,28.0,0.0,50.0
1492809966056362376,105.0,44.0,17.5,10.0,0.0,50.0,28.0,0.0,50.0
1492809966056373728,105.0,44.0,17.5,10.0,0.0,50.0,28.0,0.0,50.0
1492809966056384968,105.0,44.0,17.5,10.0,0.0,50.0,28.0,0.0,50.0
1492809966056396117,105.0,44.0,17.5,10.0,0.0,50.0,28.0,0.0,50.0
1492809966056407001,105.0,44.0,17.5,10.0,0.0,50.0,28.0,0.0,50.0
1492809966056418188,105.0,44.0,17.5,10.0,0.0,50.0,28.0,0.0,50.0
1492809966056429752,105.0,44.0,17.5,10.0,0.0,50.0,28.0,0.0,50.0
1492809966056441298,105.0,44.0,17.5,10.0,0.0,50.0,28.0,0.0,50.0
1492809966056452492,105.0,44.0,17.5,10.0,0.0,50.0,28.0,0.0,50.0
1492809966056463981,105.0,44.0,17.5,10.0,0.0,50.0,28.0,0.0,50.0
1492809966056475764,105.0,44.0,17.5,10.0,0.0,50.0,28.0,0.0,50.0
1492809966056486969,105.0,44.0,17.5,10.0,0.0,50.0,28.0,0.0,50.0
1492809966056498621,105.0,44.0,17.5,10.0,0.0,50.0,28.0,0.0,50.0
1492809966056510839,105.0,44.0,17.5,10.0,0.0,50.0,28.0,0.0,50.0
1492809966056522431,105.0,44.0,17.5,10.0,0.0,50.0,28.0,0.0,50.0
1492809966056533819,105.0,44.0,17.5,10.0,0.0,50.0,28.0,0.0,50.0
1492809966056545031,105.0,44.0,17.5,10.0,0.0,50.0,28.0,0.0,50.0
1492809966056556968,105.0,44.0,17.5,10.0,0.0,50.0,28.0,0.0,50.0
1492809966056561680,105.0,44.0,17.5,10.0,0.0,50.0,28.0,0.0,50.0
1492809966056570196,105.0,44.0,17.5,10.0,0.0,50.0,28.0,0.0,50.0
1492809966056589912,105.0,44.0,17.5,10.0,0.0,50.0,28.0,0.0,50.0
1492809966056593640,105.0,44.0,17.5,10.0,0.0,50.0,28.0,0.0,50.0
1492809966056605822,105.0,44.0,17.5,10.0,0.0,50.0,28.0,0.0,50.0
1492809966056617120,105.0,44.0,17.5,10.0,0.0,50.0,28.0,0.0,50.0
1492809966056632090,105.0,44.0,17.5,10.0,0.0,50.0,28.0,0.0,50.0
1492809966056635099,105.0,44.0,17.5,10.0,0.0,50.0,28.0,0.0,50.0
1492809966056654091,105.0,44.0,17.5,10.0,0.0,50.0,28.0,0.0,50.0
1492809966056656766,105.0,44.0,17.5,10.0,0.0,50.0,28.0,0.0,50.0
1492809966056659231,105.0,44.0,17.5,10.0,0.0,50.0,28.0,0.0,50.0
1492809966056673847,105.0,44.0,17.5,10.0,0.0,50.0,28.0,0.0,50.0
1492809966056676837,105.0,44.0,17.5,10.0,0.0,50.0,28.0,0.0,50.0
1492809966056688410,105.0,44.0,17.5,10.0,0.0,50.0,28.0,0.0,50.0
1492809966056699705,105.0,44.0,17.5,10.0,0.0,50.0,28.0,0.0,50.0
1492809966056710891,105.0,44.0,17.5,10.0,0.0,50.0,28.0,0.0,50.0
1492809966056722307,105.0,44.0,17.5,10.0,0.0,50.0,28.0,0.0,50.0
1492809966056733645,105.0,44.0,17.5,10.0,0.0,50.0,28.0,0.0,50.0
1492809966056744864,105.0,44.0,17.5,10.0,0.0,50.0,28.0,0.0,50.0
1492809966056756114,105.0,44.0,17.5,10.0,0.0,50.0,28.0,0.0,50.0
1492809966056767423,105.0,44.0,17.5,10.0,0.0,50.0,28.0,0.0,50.0
1492809966056778941,105.0,44.0,17.5,10.0,0.0,50.0,28.0,0.0,50.0
1492809966056790672,105.0,44.0,17.5,10.0,0.0,50.0,28.0,0.0,50.0
1492809966056802944,105.0,44.0,17.5,10.0,0.0,50.0,28.0,0.0,50.0
1492809966056814212,105.0,44.0,17.5,10.0,0.0,50.0,28.0,0.0,50.0
1492809966056825699,105.0,44.0,17.5,10.0,0.0,50.0,28.0,0.0,50.0
1492809966056837002,105.0,44.0,17.5,10.0,0.0,50.0,28.0,0.0,50.0
1492809966056848428,105.0,44.0,17.5,10.0,0.0,50.0,28.0,0.0,50.0
1492809966056859726,105.0,44.0,17.5,10.0,0.0,50.0,28.0,0.0,50.0
1492809966056870903,105.0,44.0,17.5,10.0,0.0,50.0,28.0,0.0,50.0
1492809966056882106,105.0,44.0,17.5,10.0,0.0,50.0,28.0,0.0,50.0
1492809966056893303,105.0,44.0,17.5,10.0,0.0,50.0,28.0,0.0,50.0
1492809966056904440,105.0,44.0,17.5,10.0,0.0,50.0,28.0,0.0,50.0
1492809966056915825,105.0,44.0,17.5,10.0,0.0,50.0,28.0,0.0,50.0
1492809966056926894,105.0,44.0,17.5,10.0,0.0,50.0,28.0,0.0,50.0
1492809966056937847,105.0,44.0,17.5,10.0,0.0,50.0,28.0,0.0,50.0
1492809966056948832,105.0,44.0,17.5,10.0,0.0,50.0,28.0,0.0,50.0
1492809966056960605,105.0,44.0,17.5,10.0,0.0,50.0,28.0,0.0,50.0
1492809966056971634,105.0,44.0,17.5,10.0,0.0,50.0,28.0,0.0,50.0
1492809966056989368,105.0,44.0,17.5,10.0,0.0,50.0,28.0,0.0,50.0
1492809966056993608,105.0,44.0,17.5,10.0,0.0,50.0,28.0,0.0,50.0
1492809966057007299,105.0,44.0,17.5,10.0,0.0,50.0,28.0,0.0,50.0
1492809966057018721,105.0,44.0,17.5,10.0,0.0,50.0,28.0,0.0,50.0
1492809966057032212,105.0,44.0,17.5,10.0,0.0,50.0,28.0,0.0,50.0
1492809966057036078,105.0,44.0,17.5,10.0,0.0,50.0,28.0,0.0,50.0
1492809966057038999,105.0,44.0,17.5,10.0,0.0,50.0,28.0,0.0,50.0
1492809966057051649,105.0,44.0,17.5,10.0,0.0,50.0,28.0,0.0,50.0
1492809966057063097,105.0,44.0,17.5,10.0,0.0,50.0,28.0,0.0,50.0
1492809966057074232,105.0,44.0,17.5,10.0,0.0,50.0,28.0,0.0,50.0
1492809966057092171,105.0,44.0,17.5,10.0,0.0,50.0,28.0,0.0,50.0
1492809966057094889,105.0,44.0,17.5,10.0,0.0,50.0,28.0,0.0,50.0
1492809966057097626,105.0,44.0,17.5,10.0,0.0,50.0,28.0,0.0,50.0
1492809966057109142,105.0,44.0,17.5,10.0,0.0,50.0,28.0,0.0,50.0
1492809966057120019,105.0,44.0,17.5,10.0,0.0,50.0,28.0,0.0,50.0
1492809966057131524,105.0,44.0,17.5,10.0,0.0,50.0,28.0,0.0,50.0
1492809966057142898,105.0,44.0,17.5,10.0,0.0,50.0,28.0,0.0,50.0
1492809966057153976,105.0,44.0,17.5,10.0,0.0,50.0,28.0,0.0,50.0
1492809966057164924,105.0,44.0,17.5,10.0,0.0,50.0,28.0,0.0,50.0
1492809966057176482,105.0,44.0,17.5,10.0,0.0,50.0,28.0,0.0,50.0
1492809966057187491,105.0,44.0,17.5,10.0,0.0,50.0,28.0,0.0,50.0
1492809966057198608,105.0,44.0,17.5,10.0,0.0,50.0,28.0,0.0,50.0
1492809966057210079,105.0,44.0,17.5,10.0,0.0,50.0,28.0,0.0,50.0
1492809966057221481,105.0,44.0,17.5,10.0,0.0,50.0,28.0,0.0,50.0
1492809966057232530,105.0,44.0,17.5,10.0,0.0,50.0,28.0,0.0,50.0
1492809966057243617,105.0,44.0,17.5,10.0,0.0,50.0,28.0,0.0,50.0
1492809966057255289,105.0,44.0,17.5,10.0,0.0,50.0,28.0,0.0,50.0
1492809966057266327,105.0,44.0,17.5,10.0,0.0,50.0,28.0,0.0,50.0
1492809966057277683,105.0,44.0,17.5,10.0,0.0,50.0,28.0,0.0,50.0
1492809966057288940,105.0,44.0,17.5,10.0,0.0,50.0,28.0,0.0,50.0
1492809966057300324,105.0,44.0,17.5,10.0,0.0,50.0,28.0,0.0,50.0
1492809966057311513,105.0,44.0,17.5,10.0,0.0,50.0,28.0,0.0,50.0
1492809966057322726,105.0,44.0,17.5,10.0,0.0,50.0,28.0,0.0,50.0
1492809966057333953,105.0,44.0,17.5,10.0,0.0,50.0,28.0,0.0,50.0
1492809966057344927,105.0,44.0,17.5,10.0,0.0,50.0,28.0,0.0,50.0
1492809966057355921,105.0,44.0,17.5,10.0,0.0,50.0,28.0,0.0,50.0
1492809966057367183,105.0,44.0,17.5,10.0,0.0,50.0,28.0,0.0,50.0
1492809966057378476,105.0,44.0,17.5,10.0,0.0,50.0,28.0,0.0,50.0
1492809966057390112,105.0,44.0,17.5,10.0,0.0,50.0,28.0,0.0,50.0
1492809966057400784,105.0,44.0,17.5,10.0,0.0,50.0,28.0,0.0,50.0
1492809966057412373,105.0,44.0,17.5,10.0,0.0,50.0,28.0,0.0,50.0
1492809966057423479,105.0,44.0,17.5,10.0,0.0,50.0,28.0,0.0,50.0
1492809966057434602,105.0,44.0,17.5,10.0,0.0,50.0,28.0,0.0,50.0
1492809966057446150,105.0,44.0,17.5,10.0,0.0,50.0,28.0,0.0,50.0
1492809966057457294,105.0,44.0,17.5,10.0,0.0,50.0,28.0,0.0,50.0
1492809966057468796,105.0,44.0,17.5,10.0,0.0,50.0,28.0,0.0,50.0
1492809966057480351,105.0,44.0,17.5,10.0,0.0,50.0,28.0,0.0,50.0
1492809966057491664,105.0,44.0,17.5,10.0,0.0,50.0,28.0,0.0,50.0
1492809966057502712,105.0,44.0,17.5,10.0,0.0,50.0,28.0,0.0,50.0
1492809966057513910,105.0,44.0,17.5,10.0,0.0,50.0,28.0,0.0,50.0
1492809966057525013,105.0,44.0,17.5,10.0,0.0,50.0,28.0,0.0,50.0
1492809966057536058,105.0,44.0,17.5,10.0,0.0,50.0,28.0,0.0,50.0
1492809966057547293,105.0,44.0,17.5,10.0,0.0,50.0,28.0,0.0,50.0
1492809966057558825,105.0,44.0,17.5,10.0,0.0,50.0,28.0,0.0,50.0
1492809966057570618,105.0,44.0,17.5,10.0,0.0,50.0,28.0,0.0,50.0
1492809966057581843,105.0,44.0,17.5,10.0,0.0,50.0,28.0,0.0,50.0
1492809966057596308,105.0,44.0,17.5,10.0,0.0,50.0,28.0,0.0,50.0
1492809966057600005,105.0,44.0,17.5,10.0,0.0,50.0,28.0,0.0,50.0
1492809966057612587,105.0,44.0,17.5,10.0,0.0,50.0,28.0,0.0,50.0
1492809966057645102,105.0,44.0,17.5,10.0,0.0,50.0,28.0,0.0,50.0
1492809966057650198,105.0,44.0,17.5,10.0,0.0,50.0,28.0,0.0,50.0
1492809966057668115,105.0,44.0,17.5,10.0,0.0,50.0,28.0,0.0,50.0
1492809966057680783,105.0,44.0,17.5,10.0,0.0,50.0,28.0,0.0,50.0
1492809966057692623,105.0,44.0,17.5,10.0,0.0,50.0,28.0,0.0,50.0
1492809966057711445,105.0,44.0,17.5,10.0,0.0,50.0,28.0,0.0,50.0
1492809966057714130,105.0,44.0,17.5,10.0,0.0,50.0,28.0,0.0,50.0
1492809966057716845,105.0,44.0,17.5,10.0,0.0,50.0,28.0,0.0,50.0
1492809966057735398,105.0,44.0,17.5,10.0,0.0,50.0,28.0,0.0,50.0
1492809966057738325,105.0,44.0,17.5,10.0,0.0,50.0,28.0,0.0,50.0
1492809966057741161,105.0,44.0,17.5,10.0,0.0,50.0,28.0,0.0,50.0
1492809966057765827,105.0,44.0,17.5,10.0,0.0,50.0,28.0,0.0,50.0
1492809966057769609,105.0,44.0,17.5,10.0,0.0,50.0,28.0,0.0,50.0
1492809966057772794,105.0,44.0,17.5,10.0,0.0,50.0,28.0,0.0,50.0
1492809966057787115,105.0,44.0,17.5,10.0,0.0,50.0,28.0,0.0,50.0
1492809966155676865,105.0,44.0,17.5,10.0,0.0,50.0,28.0,0.0,50.0
