# Time	x	y	z	roll	pitch	yaw	vx	vy	vz	
-4.3173678	-0.0000003	0.0000001	-0.3440100	-0.1982625	-0.0607088	1.0052326	-0.0000593	0.0001872	-0.0000895
-4.2174758	-0.0001915	0.0001111	-0.3441397	-0.1981186	-0.0513054	1.0057869	0.0002688	0.0048544	-0.0043613
-4.1174228	-0.0004914	0.0006449	-0.3425571	-0.1973945	-0.0476414	1.0072088	0.0045765	0.0088636	-0.0106476
-4.0174656	-0.0007695	0.0016550	-0.3441214	-0.1959778	-0.0516259	1.0096631	0.0087999	0.0125953	-0.0146807
-3.9174666	-0.0011092	0.0031452	-0.3455321	-0.1942685	-0.0623822	1.0128827	0.0108828	0.0142334	-0.0123738
-3.8174861	-0.0016600	0.0046289	-0.3445042	-0.1928594	-0.0775689	1.0161460	0.0073549	0.0138508	-0.0036568
-3.7175096	-0.0026246	0.0055456	-0.3409169	-0.1922065	-0.0944263	1.0186309	-0.0010934	0.0126579	0.0063246
-3.6174633	-0.0041612	0.0055134	-0.3427371	-0.1920344	-0.1103953	1.0197384	-0.0140759	0.0106547	0.0112675
-3.5175104	-0.0062129	0.0044361	-0.3405798	-0.1919091	-0.1220206	1.0194985	-0.0241685	0.0088967	0.0093961
-3.4174948	-0.0084790	0.0027974	-0.3389310	-0.1917121	-0.1262735	1.0186657	-0.0267453	0.0092597	0.0032712
-3.3174961	-0.0105182	0.0013662	-0.3391066	-0.1918318	-0.1218469	1.0181644	-0.0214265	0.0107956	-0.0010399
-3.2174958	-0.0122593	0.0004756	-0.3424515	-0.1928231	-0.1094201	1.0185834	-0.0130673	0.0115252	-0.0037207
-3.1175114	-0.0138222	0.0003022	-0.3369215	-0.1946854	-0.0925637	1.0197372	-0.0055837	0.0112062	0.0001002
-3.0174874	-0.0148145	0.0005007	-0.3442401	-0.1970195	-0.0751519	1.0207474	-0.0043138	0.0129026	-0.0023662
-2.9175012	-0.0164384	0.0006946	-0.3429902	-0.1996258	-0.0606079	1.0207513	-0.0078310	0.0150895	0.0015129
-2.8174902	-0.0180705	0.0006852	-0.3461277	-0.1999723	-0.0528421	1.0199322	-0.0123961	0.0159129	0.0003739
-2.7174733	-0.0202494	0.0004223	-0.3430631	-0.1994108	-0.0530707	1.0190436	-0.0139596	0.0174628	0.0023456
-2.6174871	-0.0226089	0.0003151	-0.3450318	-0.1975266	-0.0613354	1.0190023	-0.0134131	0.0217115	-0.0000292
-2.5174976	-0.0250420	0.0005563	-0.3492995	-0.1959102	-0.0758625	1.0201343	-0.0110943	0.0264454	-0.0015595
-2.4174950	-0.0281387	0.0011919	-0.3450834	-0.1947505	-0.0936078	1.0220714	-0.0095056	0.0309086	0.0068284
-2.3175171	-0.0317259	0.0020831	-0.3440098	-0.1946731	-0.1095433	1.0237840	-0.0107993	0.0353701	0.0121069
-2.2172972	-0.0356958	0.0027982	-0.3460195	-0.1955010	-0.1193534	1.0242151	-0.0169698	0.0384805	0.0105179
-2.1174804	-0.0402929	0.0032026	-0.3441283	-0.1965006	-0.1201544	1.0229602	-0.0238606	0.0393438	0.0064758
-2.0174886	-0.0451254	0.0034277	-0.3368882	-0.1973419	-0.1111937	1.0203339	-0.0281339	0.0398149	0.0030319
-1.9174605	-0.0499930	0.0032601	-0.3372778	-0.1976191	-0.0967599	1.0175604	-0.0271093	0.0410774	-0.0045786
-1.8172685	-0.0545514	0.0032072	-0.3400019	-0.1970997	-0.0821200	1.0156010	-0.0242308	0.0403142	-0.0109932
-1.7174679	-0.0587758	0.0032210	-0.3410579	-0.1958378	-0.0715004	1.0145828	-0.0238789	0.0392738	-0.0144998
-1.6172838	-0.0632076	0.0030904	-0.3427239	-0.1942663	-0.0666734	1.0142079	-0.0267332	0.0397295	-0.0144459
-1.5174797	-0.0680465	0.0028140	-0.3433060	-0.1926538	-0.0673417	1.0141694	-0.0292380	0.0427080	-0.0124665
-1.4174807	-0.0728736	0.0026795	-0.3441873	-0.1914167	-0.0706769	1.0143117	-0.0278341	0.0456927	-0.0111625
-1.3174833	-0.0782732	0.0029997	-0.3415520	-0.1907043	-0.0731084	1.0144461	-0.0207938	0.0467360	-0.0072977
-1.2174781	-0.0826799	0.0041198	-0.3461577	-0.1909109	-0.0729995	1.0144662	-0.0114079	0.0472839	-0.0075894
-1.1174582	-0.0869963	0.0057582	-0.3441231	-0.1920283	-0.0710600	1.0140657	-0.0049171	0.0450936	-0.0014928
-1.0174866	-0.0913908	0.0076970	-0.3400212	-0.1936462	-0.0695662	1.0128550	-0.0045245	0.0425842	0.0071494
-0.9174925	-0.0949597	0.0094246	-0.3453067	-0.1953916	-0.0709632	1.0107637	-0.0089285	0.0411099	0.0048307
-0.8173018	-0.0992298	0.0106323	-0.3399680	-0.1967418	-0.0765698	1.0083681	-0.0122847	0.0393929	0.0055022
-0.7174902	-0.1031010	0.0118615	-0.3423297	-0.1974195	-0.0843604	1.0065152	-0.0101869	0.0406012	-0.0014650
-0.6174953	-0.1071840	0.0136005	-0.3396528	-0.1974181	-0.0923481	1.0057956	-0.0045615	0.0434881	-0.0040252
-0.5174492	-0.1112274	0.0160423	-0.3340756	-0.1968845	-0.0977293	1.0060379	0.0002998	0.0451999	-0.0051616
-0.4175265	-0.1144742	0.0180523	-0.3408661	-0.1961817	-0.0985087	1.0064471	-0.0019967	0.0460146	-0.0142596
-0.3174973	-0.1184466	0.0201757	-0.3419698	-0.1955423	-0.0960157	1.0060676	-0.0093087	0.0455347	-0.0164806
-0.2172869	-0.1224683	0.0214848	-0.3425943	-0.1948048	-0.0918939	1.0047401	-0.0175901	0.0438556	-0.0174714
-0.1172900	-0.1267075	0.0222018	-0.3420723	-0.1942763	-0.0876951	1.0029465	-0.0218199	0.0418238	-0.0151366
-0.0173105	-0.1309247	0.0226175	-0.3460514	-0.1942163	-0.0848571	1.0014436	-0.0209099	0.0401716	-0.0140639
0.0828726	-0.1353773	0.0233504	-0.3423563	-0.1948639	-0.0822790	1.0006442	-0.0141013	0.0398516	-0.0058451
0.1827315	-0.1390680	0.0240355	-0.3456301	-0.1962393	-0.0782406	1.0001287	-0.0175382	0.0385394	-0.0023668
0.2827151	-0.1435740	0.0236323	-0.3419785	-0.1981604	-0.0754676	0.9933137	-0.0337476	0.0301523	0.0021056
0.3824957	-0.1480548	0.0211209	-0.3381235	-0.1987692	-0.0724768	0.9843491	-0.0501739	0.0114149	-0.0014590
0.4825318	-0.1509806	0.0164409	-0.3398680	-0.1984715	-0.0681196	0.9741088	-0.0669962	-0.0144967	0.0066747
0.5827203	-0.1527047	0.0092100	-0.3449968	-0.1970401	-0.0670580	0.9644710	-0.0806155	-0.0367228	0.0072579
0.6827215	-0.1552373	-0.0005757	-0.3376690	-0.1950908	-0.0657425	0.9552827	-0.0913690	-0.0442168	0.0037858
0.7827372	-0.1572284	-0.0113460	-0.3376726	-0.1935743	-0.0618156	0.9455099	-0.1043071	-0.0488518	0.0003788
0.8827295	-0.1589156	-0.0224713	-0.3419588	-0.1934550	-0.0533107	0.9339486	-0.1139600	-0.0528401	-0.0022151
0.9824950	-0.1612516	-0.0348920	-0.3449404	-0.1948891	-0.0402611	0.9204748	-0.1197401	-0.0530024	-0.0017245
1.0825139	-0.1657634	-0.0486631	-0.3381989	-0.1973319	-0.0261268	0.9056017	-0.1244694	-0.0500458	0.0073890
1.1824640	-0.1690501	-0.0605526	-0.3408262	-0.2000712	-0.0161485	0.8898216	-0.1316192	-0.0493293	0.0067687
1.2825321	-0.1733477	-0.0736273	-0.3425923	-0.2020851	-0.0138188	0.8746020	-0.1419830	-0.0515829	0.0024278
1.3825162	-0.1799565	-0.0894470	-0.3373588	-0.2031881	-0.0185711	0.8610550	-0.1500311	-0.0502804	-0.0025395
1.4825295	-0.1848756	-0.1022784	-0.3431651	-0.2037351	-0.0278274	0.8496563	-0.1534314	-0.0439614	-0.0211178
1.5827054	-0.1923473	-0.1175151	-0.3396954	-0.2048705	-0.0380148	0.8404918	-0.1465835	-0.0378506	-0.0246427
1.6825551	-0.1993318	-0.1313258	-0.3382733	-0.2071737	-0.0461572	0.8317576	-0.1379146	-0.0344740	-0.0238676
1.7827067	-0.2060423	-0.1442009	-0.3320036	-0.2100958	-0.0534056	0.8216369	-0.1382943	-0.0368358	-0.0185418
1.8826972	-0.2129459	-0.1578617	-0.3377788	-0.2125132	-0.0611387	0.8092375	-0.1529198	-0.0408295	-0.0229165
1.9827180	-0.2205596	-0.1727594	-0.3311032	-0.2129161	-0.0709626	0.7944271	-0.1720381	-0.0469804	-0.0208882
2.0827062	-0.2289266	-0.1885193	-0.3332494	-0.2113431	-0.0798674	0.7789323	-0.1866366	-0.0518450	-0.0251605
2.1827036	-0.2384320	-0.2060816	-0.3371154	-0.2092407	-0.0848389	0.7641863	-0.1894158	-0.0564243	-0.0240884
2.2826975	-0.2476876	-0.2237254	-0.3358474	-0.2088451	-0.0841095	0.7504839	-0.1852688	-0.0633912	-0.0106107
2.3825152	-0.2570531	-0.2413117	-0.3399746	-0.2108936	-0.0791574	0.7386730	-0.1851063	-0.0665877	0.0010613
2.4827121	-0.2663336	-0.2577322	-0.3372744	-0.2149300	-0.0708485	0.7259279	-0.1896825	-0.0650223	0.0173607
2.5824809	-0.2774317	-0.2754839	-0.3358474	-0.2192174	-0.0627699	0.7116971	-0.1955640	-0.0626794	0.0296329
2.6825423	-0.2891747	-0.2923823	-0.3350709	-0.2216100	-0.0566656	0.6974420	-0.1978798	-0.0581410	0.0271041
2.7824855	-0.3011084	-0.3078679	-0.3392990	-0.2215863	-0.0560227	0.6833798	-0.2002995	-0.0531991	0.0089040
2.8827003	-0.3134695	-0.3260808	-0.3276856	-0.2195622	-0.0601870	0.6707923	-0.2003261	-0.0546977	-0.0007347
2.9825093	-0.3254368	-0.3430650	-0.3332805	-0.2165797	-0.0657157	0.6599041	-0.1944125	-0.0639680	-0.0203915
3.0825295	-0.3355976	-0.3598423	-0.3306455	-0.2139952	-0.0697144	0.6508936	-0.1874455	-0.0781449	-0.0224070
3.1825500	-0.3453313	-0.3788618	-0.3379462	-0.2130401	-0.0703392	0.6427252	-0.1856140	-0.0934156	-0.0219650
3.2825352	-0.3546637	-0.3986013	-0.3368886	-0.2141492	-0.0676539	0.6340985	-0.1955826	-0.1083586	-0.0082498
3.3825108	-0.3640138	-0.4186891	-0.3375570	-0.2166877	-0.0624964	0.6242065	-0.2049800	-0.1150088	-0.0038310
3.4825349	-0.3745542	-0.4402288	-0.3327298	-0.2187633	-0.0543339	0.6132731	-0.2095378	-0.1129677	-0.0050472
3.5825418	-0.3852349	-0.4607646	-0.3369359	-0.2193826	-0.0461721	0.6024529	-0.2042632	-0.1026295	-0.0160274
3.6824745	-0.3972390	-0.4821024	-0.3275746	-0.2184269	-0.0432900	0.5928986	-0.1933518	-0.0937038	-0.0115142
3.7825280	-0.4068046	-0.4991043	-0.3328558	-0.2159747	-0.0492402	0.5843104	-0.1893210	-0.0911711	-0.0179964
3.8825111	-0.4174973	-0.5178714	-0.3364361	-0.2120074	-0.0613314	0.5759395	-0.1985554	-0.0960238	-0.0273487
3.9824937	-0.4293786	-0.5378057	-0.3354350	-0.2068115	-0.0763533	0.5671832	-0.2095157	-0.1036501	-0.0377806
4.0825155	-0.4405391	-0.5558562	-0.3301718	-0.2016458	-0.0896575	0.5588223	-0.2103845	-0.1119593	-0.0427215
4.1825295	-0.4515904	-0.5787967	-0.3375047	-0.1980280	-0.0966949	0.5519295	-0.1987681	-0.1210180	-0.0473949
4.2826465	-0.4603385	-0.5978834	-0.3369728	-0.1972503	-0.0956158	0.5470648	-0.1787678	-0.1307310	-0.0383391
4.3825467	-0.4679930	-0.6191023	-0.3412015	-0.1993762	-0.0886012	0.5425828	-0.1701219	-0.1384336	-0.0274811
4.4825398	-0.4760497	-0.6393916	-0.3376750	-0.2036487	-0.0813194	0.5363875	-0.1877559	-0.1442580	-0.0040353
4.5825641	-0.4871615	-0.6620680	-0.3344974	-0.2083831	-0.0774053	0.5269524	-0.2271988	-0.1429856	0.0127981
4.6825521	-0.5016526	-0.6861380	-0.3386511	-0.2110926	-0.0775309	0.5149735	-0.2689369	-0.1317786	0.0068303
4.7825308	-0.5203005	-0.7108827	-0.3370518	-0.2101932	-0.0834373	0.5029456	-0.2900997	-0.1188464	-0.0114204
4.8824968	-0.5396990	-0.7347151	-0.3327861	-0.2059197	-0.0942140	0.4943708	-0.2841090	-0.1107514	-0.0329131
4.9826947	-0.5563794	-0.7562327	-0.3369155	-0.2009747	-0.1026315	0.4915914	-0.2482338	-0.1110418	-0.0503044
5.0826865	-0.5697896	-0.7758444	-0.3370258	-0.1978244	-0.1049875	0.4936168	-0.2091144	-0.1219415	-0.0471824
5.1825234	-0.5810045	-0.7971664	-0.3389406	-0.1987033	-0.1032474	0.4962903	-0.1942202	-0.1431469	-0.0328607
5.2825055	-0.5910000	-0.8189306	-0.3380268	-0.2027924	-0.0994697	0.4945492	-0.2190356	-0.1662111	-0.0162685
5.3825175	-0.6048010	-0.8469250	-0.3412890	-0.2070576	-0.0953349	0.4863731	-0.2649981	-0.1781496	-0.0192504
5.4825134	-0.6206287	-0.8744544	-0.3338646	-0.2082154	-0.0931771	0.4732580	-0.3060949	-0.1778447	-0.0271511
5.5825121	-0.6393498	-0.9031321	-0.3358098	-0.2054561	-0.0949740	0.4609134	-0.3149304	-0.1696875	-0.0475677
5.6825116	-0.6590934	-0.9329371	-0.3427997	-0.2010121	-0.0980845	0.4533010	-0.2951964	-0.1643679	-0.0632085
5.7825178	-0.6762325	-0.9583502	-0.3371883	-0.1982788	-0.1003958	0.4515100	-0.2668418	-0.1685531	-0.0550068
5.8825047	-0.6913699	-0.9845679	-0.3398250	-0.1986551	-0.1039250	0.4509800	-0.2608294	-0.1780073	-0.0397917
5.9825303	-0.7072379	-1.0112943	-0.3369747	-0.2004344	-0.1120205	0.4471378	-0.2750026	-0.1855319	-0.0258104
6.0825098	-0.7254217	-1.0418742	-0.3411774	-0.2012855	-0.1218036	0.4385638	-0.2971055	-0.1887840	-0.0293568
6.1825285	-0.7446212	-1.0717153	-0.3433474	-0.2002048	-0.1321320	0.4271369	-0.3116424	-0.1864602	-0.0382044
6.2825436	-0.7613574	-1.0965876	-0.3412678	-0.1981943	-0.1419512	0.4165575	-0.3115796	-0.1829131	-0.0361505
6.3825224	-0.7766030	-1.1188451	-0.3351481	-0.1971956	-0.1478803	0.4086210	-0.3051792	-0.1804309	-0.0219916
6.4826929	-0.7976967	-1.1477052	-0.3376548	-0.1977417	-0.1471774	0.4025619	-0.3031358	-0.1783912	-0.0087113
6.5825114	-0.8191335	-1.1761720	-0.3407957	-0.1986500	-0.1399825	0.3966908	-0.3046694	-0.1789265	-0.0035975
6.6825032	-0.8391357	-1.2024245	-0.3379561	-0.1986392	-0.1288842	0.3900117	-0.3080887	-0.1810547	-0.0009431
6.7827075	-0.8624345	-1.2320436	-0.3401870	-0.1979569	-0.1177469	0.3825772	-0.3230105	-0.1832892	-0.0038949
6.8825411	-0.8874888	-1.2625546	-0.3438944	-0.1974836	-0.1109597	0.3737821	-0.3489727	-0.1856185	-0.0130077
6.9825201	-0.9143701	-1.2907804	-0.3372248	-0.1970956	-0.1104570	0.3632961	-0.3750233	-0.1866352	-0.0213718
7.0825065	-0.9442907	-1.3218900	-0.3377154	-0.1957074	-0.1143205	0.3513659	-0.3884644	-0.1838555	-0.0425688
7.1825508	-0.9746528	-1.3522744	-0.3378137	-0.1931885	-0.1182360	0.3392914	-0.3807306	-0.1846594	-0.0559470
7.2825111	-1.0021980	-1.3804684	-0.3389062	-0.1909883	-0.1186347	0.3288534	-0.3609370	-0.1909548	-0.0505305
7.3825178	-1.0302368	-1.4080706	-0.3341656	-0.1910660	-0.1134159	0.3204634	-0.3461629	-0.2011384	-0.0226949
7.4825283	-1.0567085	-1.4409933	-0.3419698	-0.1937265	-0.1055000	0.3131252	-0.3476643	-0.2095324	-0.0071655
7.5825334	-1.0841499	-1.4698437	-0.3378816	-0.1969454	-0.0986783	0.3062276	-0.3607554	-0.2094281	-0.0055435
7.6825262	-1.1105063	-1.4998298	-0.3457424	-0.1995371	-0.0945988	0.2999860	-0.3660547	-0.2033927	-0.0232345
7.7825124	-1.1424583	-1.5319469	-0.3409700	-0.2012035	-0.0929516	0.2950156	-0.3612001	-0.1973448	-0.0292468
7.8825779	-1.1704913	-1.5607956	-0.3414045	-0.2025660	-0.0955619	0.2915124	-0.3527230	-0.1980870	-0.0258003
7.9824973	-1.1977521	-1.5892786	-0.3480107	-0.2035767	-0.1013612	0.2883801	-0.3571667	-0.1979803	-0.0226964
8.0825336	-1.2295292	-1.6210985	-0.3399839	-0.2032161	-0.1120913	0.2841186	-0.3763266	-0.2008179	-0.0140387
8.1825052	-1.2613174	-1.6516766	-0.3397207	-0.2007651	-0.1268311	0.2787677	-0.3993813	-0.2041790	-0.0205980
8.2825106	-1.2909325	-1.6794464	-0.3366489	-0.1972195	-0.1397309	0.2733367	-0.4077987	-0.2073812	-0.0229757
8.3825178	-1.3193556	-1.7056750	-0.3309432	-0.1944760	-0.1453790	0.2683556	-0.4058607	-0.2108022	-0.0145269
8.4825295	-1.3548052	-1.7386414	-0.3357176	-0.1936783	-0.1433650	0.2631328	-0.4050229	-0.2144273	-0.0071578
8.5825766	-1.3855301	-1.7663550	-0.3348266	-0.1942881	-0.1355967	0.2569293	-0.4055349	-0.2143449	-0.0016068
8.6825009	-1.4178025	-1.7945244	-0.3308238	-0.1953063	-0.1241308	0.2498064	-0.4066064	-0.2129442	0.0013211
8.7825370	-1.4533387	-1.8268089	-0.3382839	-0.1964435	-0.1118978	0.2424979	-0.4084078	-0.2112842	-0.0046756
8.8825149	-1.4872153	-1.8557330	-0.3394480	-0.1973440	-0.1026638	0.2351076	-0.4138166	-0.2087217	-0.0066201
8.9824983	-1.5254618	-1.8865166	-0.3359670	-0.1968648	-0.0991200	0.2284010	-0.4167649	-0.2056009	-0.0101017
9.0825183	-1.5587828	-1.9149789	-0.3416590	-0.1950000	-0.1007980	0.2241937	-0.4010978	-0.2041790	-0.0179749
9.1824996	-1.5969778	-1.9442871	-0.3331526	-0.1935091	-0.1050676	0.2232898	-0.3846997	-0.2102018	-0.0044918
9.2825318	-1.6286342	-1.9736790	-0.3368104	-0.1936443	-0.1102423	0.2235463	-0.3788112	-0.2181410	0.0049251
9.3825372	-1.6630747	-2.0031139	-0.3310497	-0.1947770	-0.1173032	0.2235792	-0.3857029	-0.2252542	0.0213244
9.4825065	-1.6972130	-2.0362726	-0.3430417	-0.1966251	-0.1275737	0.2223246	-0.4057911	-0.2270083	0.0235441
9.5824952	-1.7322775	-2.0651296	-0.3396585	-0.1992722	-0.1366967	0.2184954	-0.4349785	-0.2242148	0.0316264
9.6825582	-1.7740312	-2.0967672	-0.3407698	-0.2009294	-0.1455366	0.2122173	-0.4617399	-0.2174538	0.0247781
9.7824717	-1.8091493	-2.1240785	-0.3317657	-0.2002436	-0.1542647	0.2055083	-0.4736838	-0.2116360	0.0191902
9.8824783	-1.8490180	-2.1518274	-0.3343416	-0.1985664	-0.1570438	0.2011580	-0.4672167	-0.2074344	0.0037733
9.9824916	-1.8867598	-2.1789754	-0.3343992	-0.1963973	-0.1526166	0.1982961	-0.4517093	-0.2059351	-0.0075331
10.0824914	-1.9234341	-2.2057817	-0.3338058	-0.1939422	-0.1453781	0.1953868	-0.4410061	-0.2087431	-0.0108668
10.1825155	-1.9615448	-2.2338492	-0.3375549	-0.1919857	-0.1374519	0.1908578	-0.4483543	-0.2121925	-0.0102391
10.2824983	-2.0025517	-2.2623228	-0.3371695	-0.1905757	-0.1316860	0.1838581	-0.4674588	-0.2165257	-0.0055452
10.3824794	-2.0460569	-2.2916645	-0.3368974	-0.1897791	-0.1274505	0.1755490	-0.4822313	-0.2208247	0.0009146
10.4825152	-2.0892589	-2.3232213	-0.3433526	-0.1898725	-0.1263864	0.1686097	-0.4796152	-0.2239025	0.0072601
10.5824988	-2.1315363	-2.3511710	-0.3420978	-0.1911280	-0.1288774	0.1652193	-0.4652510	-0.2241464	0.0175168
10.6825247	-2.1752591	-2.3793964	-0.3368307	-0.1935162	-0.1324538	0.1653109	-0.4513455	-0.2222378	0.0273507
10.7824916	-2.2176317	-2.4092367	-0.3407431	-0.1962236	-0.1331952	0.1660799	-0.4498344	-0.2204044	0.0241713
10.8825231	-2.2580005	-2.4366703	-0.3408449	-0.1983835	-0.1296204	0.1652401	-0.4582885	-0.2181217	0.0187313
10.9824978	-2.3014148	-2.4654416	-0.3388896	-0.2000413	-0.1252325	0.1620985	-0.4705557	-0.2151502	0.0196789
11.0825605	-2.3461703	-2.4933337	-0.3408318	-0.2014653	-0.1262908	0.1575860	-0.4868301	-0.2114260	0.0230393
11.1825226	-2.3905109	-2.5201410	-0.3398171	-0.2019728	-0.1343572	0.1528898	-0.4969877	-0.2080972	0.0252154
11.2825132	-2.4362233	-2.5486496	-0.3328171	-0.2015261	-0.1434887	0.1504136	-0.4929331	-0.2075945	0.0261724
11.3825050	-2.4817479	-2.5759593	-0.3331737	-0.2015485	-0.1454865	0.1511313	-0.4719375	-0.2079091	0.0170329
11.4825034	-2.5234501	-2.6019601	-0.3342572	-0.2037904	-0.1360410	0.1540958	-0.4514118	-0.2091866	0.0163066
11.5825106	-2.5637394	-2.6293920	-0.3285487	-0.2076062	-0.1208300	0.1563341	-0.4455724	-0.2098478	0.0257445
11.6825441	-2.6072530	-2.6572287	-0.3259177	-0.2114087	-0.1068696	0.1555763	-0.4671574	-0.2066866	0.0282953
11.7825260	-2.6471571	-2.6789913	-0.3291019	-0.2133768	-0.0994884	0.1517689	-0.4942116	-0.2047061	0.0143817
11.8825280	-2.6928294	-2.7049182	-0.3309078	-0.2128254	-0.0981872	0.1474101	-0.5067788	-0.2053956	-0.0065314
11.9825157	-2.7353279	-2.7286029	-0.3370459	-0.2110773	-0.0977273	0.1455916	-0.4870236	-0.2074493	-0.0277893
12.0825178	-2.7851636	-2.7617532	-0.3348928	-0.2095053	-0.0972973	0.1470222	-0.4547991	-0.2120494	-0.0327185
12.1825062	-2.8258587	-2.7897284	-0.3362614	-0.2086317	-0.0999804	0.1498163	-0.4324175	-0.2173772	-0.0274318
12.2825126	-2.8682484	-2.8201234	-0.3353573	-0.2085911	-0.1072944	0.1519152	-0.4289204	-0.2256679	-0.0109566
12.3824632	-2.9104204	-2.8507908	-0.3348278	-0.2090167	-0.1184598	0.1520568	-0.4367228	-0.2327024	0.0042750
12.4825070	-2.9491122	-2.8762962	-0.3442444	-0.2086522	-0.1325925	0.1507181	-0.4503755	-0.2301798	-0.0020223
12.5825352	-2.9853204	-2.9045436	-0.3376862	-0.2070560	-0.1479619	0.1498134	-0.4499690	-0.2270046	-0.0018798
12.6824594	-3.0225732	-2.9320466	-0.3368678	-0.2054108	-0.1574837	0.1512371	-0.4329232	-0.2243614	-0.0035077
12.7825132	-3.0514716	-2.9553884	-0.3341323	-0.2052469	-0.1570026	0.1543926	-0.4127823	-0.2254206	0.0070994
12.8825014	-3.0919610	-2.9849980	-0.3359322	-0.2069863	-0.1508003	0.1572029	-0.4128782	-0.2293929	0.0186274
12.9825206	-3.1329589	-3.0145922	-0.3368527	-0.2094635	-0.1466559	0.1581401	-0.4278802	-0.2302414	0.0246159
13.0824911	-3.1642471	-3.0405281	-0.3284436	-0.2118988	-0.1461347	0.1575377	-0.4452235	-0.2286949	0.0276555
13.1825462	-3.2130856	-3.0700176	-0.3350340	-0.2136721	-0.1453155	0.1552748	-0.4602648	-0.2233611	0.0135286
13.2824960	-3.2544690	-3.0988510	-0.3338957	-0.2131624	-0.1439543	0.1509067	-0.4710409	-0.2174560	0.0027880
13.3825175	-3.2956261	-3.1273174	-0.3316488	-0.2100248	-0.1419369	0.1448480	-0.4795136	-0.2110368	-0.0054795
13.4825295	-3.3401300	-3.1539492	-0.3366705	-0.2061392	-0.1397032	0.1377707	-0.4902427	-0.2106265	-0.0095060
13.5825446	-3.3866128	-3.1815163	-0.3381077	-0.2029863	-0.1384058	0.1304784	-0.5009562	-0.2149483	-0.0035587
13.6825203	-3.4347533	-3.2102619	-0.3427263	-0.2016107	-0.1379563	0.1238198	-0.5054201	-0.2184711	0.0069670
13.7825500	-3.4809344	-3.2344982	-0.3393092	-0.2018989	-0.1369339	0.1181959	-0.5044032	-0.2205705	0.0224805
13.8825065	-3.5295807	-3.2640018	-0.3450131	-0.2031483	-0.1340767	0.1132739	-0.5043563	-0.2185566	0.0266313
13.9825096	-3.5801097	-3.2886964	-0.3365187	-0.2041089	-0.1303384	0.1082930	-0.5038887	-0.2125501	0.0335303
14.0825180	-3.6269870	-3.3130368	-0.3353591	-0.2039943	-0.1262249	0.1037138	-0.5044348	-0.2077672	0.0311300
14.1827085	-3.6734051	-3.3381476	-0.3399008	-0.2038274	-0.1253338	0.1009473	-0.5014294	-0.2044894	0.0248929
14.2826949	-3.7247290	-3.3631582	-0.3355010	-0.2042494	-0.1273631	0.0997040	-0.4958941	-0.2066374	0.0315416
14.3825341	-3.7738407	-3.3882120	-0.3329339	-0.2050541	-0.1307595	0.0990903	-0.4894988	-0.2115474	0.0359409
14.4825313	-3.8185352	-3.4121663	-0.3335813	-0.2063521	-0.1340598	0.0991473	-0.4796444	-0.2121331	0.0366462
14.5825377	-3.8649996	-3.4366505	-0.3290284	-0.2084602	-0.1323903	0.1001709	-0.4691953	-0.2039130	0.0386621
14.6825572	-3.9114104	-3.4606430	-0.3310257	-0.2117843	-0.1207806	0.1010642	-0.4700657	-0.1990121	0.0281379
14.7825216	-3.9549926	-3.4831687	-0.3317149	-0.2151776	-0.1071984	0.1007066	-0.4783013	-0.2010767	0.0112618
14.8825257	-4.0019749	-3.5079656	-0.3322051	-0.2178107	-0.0964930	0.0997773	-0.4822851	-0.1988321	-0.0088432
14.9824983	-4.0614598	-3.5419020	-0.3276841	-0.2191958	-0.0935728	0.0992091	-0.4815036	-0.1994526	-0.0194289
15.0825185	-4.1195644	-3.5761336	-0.3218438	-0.2205553	-0.0932986	0.1000721	-0.4725564	-0.2020562	-0.0132450
15.1825549	-4.1394527	-3.5815217	-0.3366865	-0.2228413	-0.0903982	0.1020488	-0.4554124	-0.1992207	-0.0188870
15.2825554	-4.1963728	-3.6174095	-0.3307456	-0.2252650	-0.0860224	0.1041927	-0.4478472	-0.2036082	-0.0107305
15.3826829	-4.2357857	-3.6399053	-0.3318019	-0.2265697	-0.0832649	0.1057129	-0.4480719	-0.2070236	-0.0103474
15.4825091	-4.2749452	-3.6616534	-0.3339592	-0.2264009	-0.0808277	0.1064428	-0.4443700	-0.2002546	-0.0130405
15.5825160	-4.3231117	-3.6909933	-0.3317901	-0.2255509	-0.0761148	0.1075352	-0.4372683	-0.1938741	-0.0178519
15.6825152	-4.3683196	-3.7182624	-0.3309504	-0.2247377	-0.0726585	0.1097391	-0.4261954	-0.2022968	-0.0217931
15.7824904	-4.4078906	-3.7431018	-0.3310134	-0.2240053	-0.0747213	0.1127785	-0.4208102	-0.2098778	-0.0206676
15.8825213	-4.4485215	-3.7692560	-0.3307403	-0.2239788	-0.0802252	0.1162350	-0.4154713	-0.2096502	-0.0122672
15.9825091	-4.4732171	-3.7848721	-0.3397776	-0.2253908	-0.0858838	0.1200803	-0.4136011	-0.2048894	-0.0036543
16.0826834	-4.5108603	-3.8090333	-0.3379597	-0.2280365	-0.0932882	0.1236958	-0.4070000	-0.2037444	0.0129949
16.1825876	-4.5503691	-3.8360756	-0.3325287	-0.2311461	-0.1010939	0.1265141	-0.3915084	-0.2052580	0.0271739
16.2824965	-4.5883694	-3.8583383	-0.3317075	-0.2334425	-0.1052046	0.1287169	-0.3822417	-0.2022001	0.0250448
16.3825492	-4.6206405	-3.8839924	-0.3264146	-0.2340918	-0.1019373	0.1301549	-0.3783488	-0.1972848	0.0117177
16.4824794	-4.6578584	-3.9054187	-0.3287554	-0.2328091	-0.0888457	0.1309159	-0.3760163	-0.1905074	-0.0170055
16.5824927	-4.6933990	-3.9303863	-0.3294926	-0.2302015	-0.0696787	0.1307954	-0.3680348	-0.1838073	-0.0402252
16.6825449	-4.7294581	-3.9557822	-0.3304864	-0.2274006	-0.0520707	0.1293829	-0.3684542	-0.1897149	-0.0557803
16.7825032	-4.7587488	-3.9789775	-0.3351965	-0.2249169	-0.0499635	0.1280463	-0.3759072	-0.2068173	-0.0588655
16.8825349	-4.8039744	-4.0091013	-0.3343908	-0.2247473	-0.0441144	0.1275860	-0.3717848	-0.2185082	-0.0430703
16.9825516	-4.8480794	-4.0380988	-0.3298580	-0.2288375	-0.0009352	0.1266629	-0.3155643	-0.2039760	-0.0132948
17.0826291	-4.8869087	-4.0624749	-0.3210425	-0.2500787	0.2426656	0.1176510	-0.1835008	-0.1411160	0.0349762
17.1825329	-4.8354972	-4.0462948	-0.3135822	-0.3166538	0.7263053	0.0762683	-0.0087331	-0.0045063	0.0837243
17.2825275	-5.4111343	-4.2816397	-0.2928540	-0.5277363	1.2039851	-0.1022540	0.0444838	0.1600780	0.1452664
17.3827612	-7.6106878	-5.1769773	-0.2265953	-0.8026700	1.3626646	-0.3335920	-0.1133125	0.2569929	0.2031400
17.4826652	-7.3617373	-5.0464392	-0.2300072	-0.5162574	1.2568951	-0.0049157	-0.0208835	0.3386763	0.1402753
17.5824916	-5.9825459	-4.4654612	-0.3031935	-0.2997955	0.9849314	0.2342099	0.1555767	0.4069076	0.0190466
17.6826970	-5.7633201	-4.3974403	-0.3360305	-0.2176768	0.7157677	0.3283467	0.1742075	0.4132906	-0.0331581
17.7825349	-5.3769963	-4.4296420	-0.3884770	-0.1791682	0.5470542	0.3733664	0.2034634	0.3885554	-0.0560218
17.8824960	-5.0390218	-4.5680431	-0.4460506	-0.1588745	0.4665232	0.4017116	0.2342369	0.3367968	-0.0736285
17.9825198	-5.0298788	-4.5398904	-0.4670787	-0.1464586	0.4370232	0.4296302	0.2579408	0.2761289	-0.0623504
18.0825004	-4.9908330	-4.5405288	-0.4916044	-0.1396369	0.4405867	0.4569591	0.2658234	0.2228288	-0.0564184
18.1826900	-4.9941248	-4.4995118	-0.5077414	-0.1367577	0.4480039	0.4840172	0.2738936	0.1705187	-0.0339924
18.2825039	-4.9670062	-4.4898276	-0.5263597	-0.1356081	0.4464563	0.5111635	0.2774406	0.1091471	-0.0229039
18.3824881	-4.9678213	-4.4539497	-0.5370364	-0.1355153	0.4399618	0.5387335	0.2823161	0.0548947	-0.0047921
18.4827136	-4.9363947	-4.4497577	-0.5518351	-0.1351928	0.4308392	0.5661891	0.2892714	-0.0071841	0.0039217
18.5825544	-4.8946893	-4.4571707	-0.5669654	-0.1334960	0.4238038	0.5925053	0.2876585	-0.0659637	0.0063023
18.6825116	-4.8785714	-4.4360783	-0.5736231	-0.1316662	0.4357376	0.6178476	0.2964069	-0.1150869	0.0230890
18.7825108	-4.8569711	-4.4173304	-0.5793892	-0.1306451	0.4699557	0.6432864	0.3087682	-0.1558263	0.0388379
18.8825093	-4.8121552	-4.4198745	-0.5896536	-0.1307293	0.5061177	0.6681391	0.3233616	-0.1881593	0.0654394
18.9825646	-4.7770410	-4.4123198	-0.5956024	-0.1335065	0.5344498	0.6909462	0.3345126	-0.2118382	0.1015804
19.0825321	-4.7680335	-4.3842211	-0.5922198	-0.1383305	0.5624860	0.7116508	0.3337106	-0.2391693	0.1512961
19.1826573	-4.7087950	-4.3814386	-0.5960462	-0.1452774	0.5697152	0.7287826	0.3368589	-0.2636832	0.1867312
19.2825275	-4.6577638	-4.3736503	-0.5958466	-0.1543022	0.5498087	0.7436110	0.3473043	-0.2804956	0.2102346
19.3825472	-4.6141664	-4.3604160	-0.5902090	-0.1643657	0.5118926	0.7564133	0.3573364	-0.2926559	0.2264977
19.4825290	-4.5365683	-4.3511606	-0.5953579	-0.1758191	0.4633701	0.7679451	0.3814055	-0.2955839	0.2296455
19.5824809	-4.4889757	-4.3336834	-0.5830031	-0.1884232	0.4304414	0.7790316	0.4060507	-0.2929752	0.2468574
19.6826929	-4.4370072	-4.3211178	-0.5656591	-0.2022157	0.4328262	0.7905909	0.4325474	-0.2956237	0.2777321
19.7825416	-4.3894970	-4.2776163	-0.5604841	-0.2157982	0.4375767	0.8023062	0.4476468	-0.3013848	0.3110864
19.8824701	-4.3333482	-4.2425772	-0.5460514	-0.2274167	0.4273895	0.8155774	0.4565174	-0.3066255	0.3468217
19.9825316	-4.2817269	-4.2145661	-0.5290055	-0.2378128	0.4105116	0.8279972	0.4676379	-0.3103225	0.3628822
20.0826980	-4.2291239	-4.1743381	-0.5100375	-0.2463040	0.3788066	0.8420048	0.4823418	-0.3049566	0.3634272
20.1824934	-4.1938456	-4.1058320	-0.4950310	-0.2528817	0.3422033	0.8566102	0.4975437	-0.2860356	0.3583017
20.2824988	-4.1767422	-4.0298003	-0.4808110	-0.2603661	0.3187385	0.8705968	0.5063806	-0.2747604	0.3700258
20.3825247	-4.1595730	-3.9518449	-0.4642519	-0.2679740	0.3039515	0.8840577	0.5275999	-0.2666308	0.3594963
20.4824993	-4.0931572	-3.9260144	-0.4376871	-0.2758098	0.2965445	0.8975245	0.5540283	-0.2642015	0.3537542
20.5825165	-4.0815981	-3.8398954	-0.4219389	-0.2834933	0.2899123	0.9104284	0.5608753	-0.2533958	0.3736155
20.6825019	-4.0214405	-3.8045567	-0.3932885	-0.2910885	0.2828820	0.9222058	0.5583291	-0.2544107	0.4035290
20.7824796	-3.9893489	-3.7355133	-0.3674205	-0.2978877	0.2745916	0.9325806	0.5654750	-0.2510832	0.4190518
20.8825848	-4.0330499	-3.5752975	-0.3548798	-0.3039129	0.2695076	0.9414115	0.5733907	-0.2300518	0.3981061
20.9824929	-4.0095145	-3.5029027	-0.3334281	-0.3074257	0.2615979	0.9498218	0.5687370	-0.2317864	0.3631112
21.0825014	-3.9960070	-3.4162288	-0.3159343	-0.3062633	0.2399634	0.9595916	0.5527142	-0.2443092	0.3148119
21.1824673	-4.0071732	-3.3130487	-0.3060189	-0.2987816	0.2061595	0.9682609	0.5466862	-0.2456564	0.2447238
21.2825009	-3.9557064	-3.2775278	-0.2909149	-0.2887869	0.2176528	0.9716106	0.5805526	-0.2373302	0.1712750
21.3825178	-3.9796127	-3.1865335	-0.3024496	-0.2764859	0.2681461	0.9737328	0.6227193	-0.2074162	0.0773645
21.4825249	-3.9311019	-3.1405717	-0.3116562	-0.2622728	0.3170041	0.9790084	0.6546925	-0.1703184	0.0176312
21.5825382	-3.8652458	-3.1300366	-0.3149618	-0.2490315	0.3531575	0.9873780	0.6540161	-0.1512964	0.0004743
21.6824881	-3.8194542	-3.0859363	-0.3338684	-0.2366214	0.3519179	0.9969436	0.6270707	-0.1365745	-0.0046499
21.7825103	-3.7826267	-3.0373731	-0.3464762	-0.2283460	0.3249297	1.0054875	0.5889161	-0.1287852	0.0298735
21.8825260	-3.7350037	-3.0121137	-0.3624287	-0.2249236	0.2972939	1.0124837	0.5670306	-0.1200371	0.0674980
21.9825293	-3.7065940	-2.9356461	-0.3574573	-0.2265511	0.2730383	1.0182698	0.5537833	-0.1067272	0.1238744
22.0825096	-3.6700567	-2.8928015	-0.3570715	-0.2314715	0.2563590	1.0242543	0.5491827	-0.0971660	0.1712534
22.1825014	-3.6356996	-2.8534599	-0.3534162	-0.2362393	0.2282080	1.0304432	0.5505523	-0.0933492	0.2105214
22.2825298	-3.6159370	-2.8353951	-0.3554217	-0.2416762	0.2066863	1.0371384	0.5648800	-0.0880224	0.2315334
22.3825132	-3.5827459	-2.7837840	-0.3420458	-0.2473935	0.1917472	1.0437273	0.5784450	-0.0839323	0.2512066
22.4825137	-3.5707479	-2.7402035	-0.3348278	-0.2518589	0.1701917	1.0494679	0.5740085	-0.0833296	0.2557220
22.5824806	-3.5652963	-2.6973241	-0.3265570	-0.2569032	0.1514077	1.0534042	0.5746673	-0.0812827	0.2519282
22.6825265	-3.5449932	-2.6465000	-0.3133219	-0.2587094	0.1305776	1.0577771	0.5931139	-0.0706128	0.2262887
22.7825224	-3.5702797	-2.6002309	-0.3154392	-0.2562652	0.1058468	1.0628880	0.6171426	-0.0505060	0.1649353
22.8825564	-3.5807951	-2.5561438	-0.3173028	-0.2522644	0.0978571	1.0675091	0.6412387	-0.0231502	0.1145754
22.9825408	-3.5680874	-2.5053711	-0.3181765	-0.2480197	0.1049234	1.0714668	0.6547440	0.0004449	0.0932916
23.0824850	-3.5818101	-2.4652476	-0.3297332	-0.2458107	0.1247166	1.0746990	0.6667123	0.0181387	0.0846081
23.1825157	-3.5656735	-2.4128615	-0.3353075	-0.2459554	0.1560718	1.0777303	0.6890143	0.0320677	0.0935516
23.2827146	-3.5322945	-2.3455864	-0.3353151	-0.2494405	0.2024385	1.0802808	0.7057226	0.0403862	0.1142711
23.3826977	-3.5041148	-2.2787921	-0.3380609	-0.2550212	0.2425870	1.0832913	0.7031993	0.0418725	0.1355974
23.4825132	-3.4788464	-2.2200043	-0.3345334	-0.2618174	0.2623313	1.0865778	0.6910316	0.0358236	0.1775875
23.5825211	-3.4538281	-2.1585176	-0.3342602	-0.2701045	0.2842858	1.0885992	0.6993807	0.0344336	0.2103739
23.6826542	-3.4283052	-2.0951195	-0.3317819	-0.2791298	0.3104689	1.0895157	0.7047339	0.0331605	0.2408342
23.7824965	-3.4040809	-2.0367730	-0.3288369	-0.2867203	0.3325811	1.0913775	0.7068827	0.0405414	0.2566384
23.8825352	-3.3813907	-2.0470393	-0.3151664	-0.2953229	0.3710076	1.0918526	0.7368468	0.0559837	0.2759058
23.9825372	-3.3604304	-1.9902714	-0.3165357	-0.3109653	0.4794065	1.0875166	0.8093775	0.1022588	0.2948845
24.0825260	-3.3823944	-2.0715190	-0.3173024	-0.3353706	0.6376234	1.0765978	0.8741968	0.1557121	0.3280394
24.1825224	-3.4177666	-2.3680348	-0.3237039	-0.3587868	0.7754718	1.0687066	0.9193377	0.1750868	0.3620983
24.2825344	-3.7551189	-3.1952400	-0.3012945	-0.3694150	0.8626383	1.0733145	0.8793427	0.1640256	0.3763191
24.3825339	-4.0321439	-3.6130905	-0.3107529	-0.3560072	0.8731454	1.1001394	0.8424625	0.1758724	0.3611772
24.4825044	-4.1706701	-3.7537847	-0.3373388	-0.3301171	0.8316932	1.1375155	0.8138848	0.2049531	0.3370147
24.5825457	-4.5279654	-4.0118420	-0.3290529	-0.3063066	0.7705850	1.1703783	0.7334594	0.2217062	0.3301806
24.6825078	-4.6869084	-4.0116747	-0.3375717	-0.2883483	0.7086186	1.1952812	0.6886059	0.2366056	0.3533261
24.7826934	-4.7472489	-3.9397148	-0.3517470	-0.2784919	0.6678604	1.2124268	0.6725151	0.2389988	0.3911701
24.8825260	-4.8278222	-3.8667327	-0.3532297	-0.2737435	0.6546658	1.2255002	0.6645767	0.2298379	0.4281835
24.9825106	-4.8701880	-3.7812825	-0.3580065	-0.2739203	0.6660807	1.2358943	0.6581541	0.2247765	0.4481880
25.0825101	-4.9450796	-3.6964116	-0.3531943	-0.2732161	0.6734857	1.2497828	0.6426697	0.2038060	0.4716880
25.1825789	-5.0065151	-3.6239964	-0.3470509	-0.2689958	0.6504308	1.2671653	0.6173835	0.1626732	0.4706094
25.2825121	-5.0107234	-3.5440341	-0.3499285	-0.2622282	0.6092675	1.2866311	0.6131120	0.1073172	0.4688267
25.3827092	-5.0268773	-3.4548270	-0.3450318	-0.2596506	0.5940690	1.3022396	0.6307300	0.0707983	0.4813336
25.4826762	-4.9890811	-3.3998672	-0.3557488	-0.2613207	0.5883384	1.3139686	0.6495364	0.0552355	0.4978666
25.5825111	-5.0061649	-3.3024875	-0.3436320	-0.2655672	0.5829726	1.3228692	0.6543618	0.0545488	0.5309421
25.6826985	-5.0028983	-3.2174954	-0.3388266	-0.2718988	0.5925729	1.3290720	0.6661715	0.0583933	0.5439757
25.7827228	-5.0104572	-3.1282429	-0.3288027	-0.2799591	0.6233138	1.3314754	0.6730286	0.0633255	0.5484156
25.8826829	-5.0059886	-3.0375688	-0.3344905	-0.2908492	0.6807308	1.3305879	0.6934226	0.0732892	0.5494822
25.9825316	-5.0199890	-2.9735441	-0.3290834	-0.2997124	0.7400027	1.3303668	0.7012942	0.0819664	0.5532678
26.0825080	-5.0466194	-2.9200114	-0.3304624	-0.3029169	0.7709449	1.3338729	0.7016342	0.1083867	0.5590033
26.1825229	-5.0729033	-2.8906257	-0.3303733	-0.2977202	0.7521937	1.3472057	0.7062050	0.1136792	0.5880675
26.2825178	-5.1192307	-2.8489091	-0.3249676	-0.2880085	0.6958580	1.3640289	0.6966434	0.1193553	0.5761166
26.3825126	-5.1108295	-2.7481787	-0.3377755	-0.2809823	0.6382217	1.3777245	0.7076559	0.1079238	0.5615011
26.4825288	-5.1488288	-2.6455844	-0.3259785	-0.2780556	0.5965737	1.3862134	0.7077726	0.1008724	0.5692908
26.5825188	-5.1554172	-2.5571705	-0.3264524	-0.2788802	0.5883424	1.3884290	0.7183708	0.1062064	0.5542998
26.6825190	-5.1657517	-2.4755482	-0.3356669	-0.2825750	0.6147560	1.3848452	0.7328582	0.1385376	0.5330686
26.7825167	-5.1785377	-2.3827045	-0.3397926	-0.2871197	0.6487651	1.3794046	0.7493095	0.1775908	0.5269915
26.8825085	-5.1929058	-2.3054224	-0.3405801	-0.2936598	0.6968496	1.3698666	0.7498987	0.2255410	0.4922165
26.9825272	-5.2212847	-2.2288862	-0.3540700	-0.3070038	0.7797634	1.3542321	0.7702080	0.3164278	0.4976990
27.0825375	-5.2504867	-2.2538718	-0.3591080	-0.3298110	0.8776700	1.3366800	0.7916032	0.4097237	0.5509681
27.1825244	-5.3379499	-2.3593445	-0.3646139	-0.3483639	0.9239743	1.3290706	0.7773105	0.4848771	0.6034837
27.2825362	-5.4449758	-2.5045883	-0.3716534	-0.3535351	0.9107873	1.3393169	0.7438604	0.5402935	0.6767914
27.3825523	-5.5398129	-2.5530904	-0.3794378	-0.3502908	0.8556425	1.3637357	0.7001234	0.5433941	0.7425409
27.4824829	-5.6128670	-2.5460215	-0.3794797	-0.3408823	0.7507927	1.3938256	0.6325670	0.4873254	0.7584823
27.5825068	-5.6645569	-2.4626522	-0.3732270	-0.3356166	0.6379959	1.4189645	0.5787105	0.4085422	0.7669019
27.6824781	-5.7370808	-2.3579501	-0.3664596	-0.3413028	0.5667946	1.4340824	0.5409611	0.3348518	0.7946657
27.7825283	-5.8479300	-2.2568879	-0.3515589	-0.3565284	0.5160911	1.4488018	0.5359657	0.3200855	0.8294305
27.8825285	-5.9791691	-2.1545209	-0.3289539	-0.3654165	0.4453992	1.4735637	0.5357905	0.3166840	0.8407262
27.9826895	-6.2484968	-2.0260696	-0.3154392	-0.3671039	0.3599500	1.5063259	0.5538697	0.3359517	0.8140700
28.0824947	-6.4929393	-1.9217675	-0.2959509	-0.3740112	0.3589319	1.5328270	0.6499030	0.3826092	0.7942459
28.1825088	-6.6313385	-1.8243144	-0.2753417	-0.3792705	0.4202672	1.5575421	0.7863864	0.4389374	0.7591679
28.2825324	-6.6470138	-1.7391653	-0.2584251	-0.3826319	0.5463842	1.5809143	0.9490555	0.5035445	0.7261589
28.3824737	-6.6229188	-1.7068057	-0.2589846	-0.3784350	0.6832204	1.6129601	1.0533631	0.5455805	0.6912026
28.4824968	-6.5928553	-1.7387063	-0.2788912	-0.3482435	0.7298602	1.6650345	1.0645094	0.5544270	0.6551379
28.5824891	-6.6627094	-1.7640802	-0.2923343	-0.3119586	0.7569861	1.7183765	1.0647790	0.5661312	0.6559754
28.6825265	-6.7816143	-1.6657502	-0.3275844	-0.2773542	0.7744984	1.7653152	1.0653205	0.5760174	0.6823416
28.7825618	-6.9632706	-1.5605956	-0.3490488	-0.2507579	0.7835126	1.8051827	1.0516083	0.5754859	0.7283101
28.8827126	-7.2162606	-1.4024579	-0.3641767	-0.2356615	0.7955350	1.8395048	1.0377974	0.5736455	0.7971054
28.9825777	-7.3797497	-1.2773602	-0.3869550	-0.2316479	0.8236521	1.8725104	1.0548280	0.5821381	0.8894307
29.0825595	-7.6130330	-1.1319188	-0.3979443	-0.2291531	0.8106389	1.9087968	1.0466681	0.5664299	0.9505507
29.1825331	-7.8518299	-0.9795222	-0.4037842	-0.2211254	0.7270246	1.9496528	1.0330103	0.5278631	0.9822132
29.2825216	-7.9679554	-0.8809084	-0.4046783	-0.2102560	0.5983660	1.9877863	1.0222591	0.4568333	0.9746616
29.3824996	-7.8847826	-0.9709697	-0.4037561	-0.2007054	0.4692588	2.0200653	1.0206110	0.3510553	0.9564391
29.4824732	-7.5360419	-1.5396473	-0.4220931	-0.1937913	0.3684517	2.0470120	1.0111334	0.2330445	0.8872048
29.5825411	-7.3545584	-2.0334476	-0.4165204	-0.1915238	0.3197059	2.0688225	0.9862612	0.1421732	0.8353711
29.6825132	-7.2150578	-2.4114172	-0.4001151	-0.1939344	0.3049275	2.0874672	0.9563375	0.0719077	0.8080995
29.7826755	-7.0707400	-2.9826383	-0.4047265	-0.1988374	0.2701173	2.1041278	0.9124346	0.0145081	0.7531012
29.8825142	-7.0157164	-3.3881290	-0.3972507	-0.2062728	0.2271527	2.1190486	0.8925983	-0.0171480	0.7087757
29.9824796	-7.0096051	-3.5691742	-0.3713377	-0.2163211	0.2000116	2.1337299	0.8944913	-0.0426030	0.6799533
30.0825178	-7.0250180	-4.1226826	-0.3918263	-0.2248561	0.1714055	2.1473975	0.8560938	-0.0741332	0.5839473
30.1825124	-7.1065859	-4.2252129	-0.3705421	-0.2296224	0.1353059	2.1605773	0.8344731	-0.1006984	0.5378873
30.2825016	-7.2323372	-4.4156310	-0.3644180	-0.2304788	0.0896947	2.1718567	0.8039879	-0.1208810	0.4780197
30.3825183	-7.3866179	-4.5724166	-0.3573366	-0.2317016	0.0304020	2.1818185	0.7841506	-0.1330928	0.4277916
30.4825252	-7.4789130	-4.6869450	-0.3408126	-0.2314840	-0.0314298	2.1908059	0.7707387	-0.1504077	0.3965738
30.5824594	-7.6497180	-4.9520654	-0.3440098	-0.2316572	-0.0727781	2.1970645	0.7355811	-0.1625205	0.3462315
30.6825564	-7.7934215	-5.0575058	-0.3282051	-0.2324877	-0.0899663	2.2013378	0.7231721	-0.1651921	0.3145312
30.7824799	-7.8757102	-5.1038035	-0.3079744	-0.2321605	-0.0854726	2.2038961	0.7212236	-0.1652963	0.2632460
30.8825004	-8.0452618	-5.2553022	-0.3170704	-0.2300382	-0.0602722	2.2048125	0.7033824	-0.1543187	0.1670359
30.9825244	-8.1271631	-5.2798817	-0.3163933	-0.2251313	-0.0231783	2.2039476	0.6972851	-0.1409011	0.0824339
31.0825088	-8.2016696	-5.2771407	-0.3233430	-0.2187311	0.0148836	2.2021822	0.6861745	-0.1287664	0.0229402
31.1825649	-8.2469871	-5.2636377	-0.3338405	-0.2133100	0.0479060	2.1997851	0.6766167	-0.1259133	-0.0024785
31.2825014	-8.2659147	-5.2506459	-0.3474823	-0.2107715	0.0747021	2.1976601	0.6752100	-0.1329751	0.0082261
31.3825408	-8.2942639	-5.1973149	-0.3511271	-0.2111846	0.0938380	2.1964070	0.6820448	-0.1392958	0.0377694
31.4825078	-8.3201440	-5.1430444	-0.3520122	-0.2140469	0.1048101	2.1966407	0.6956687	-0.1466627	0.0684446
31.5824998	-8.3468022	-5.0857954	-0.3515238	-0.2194865	0.1087203	2.1985441	0.7071574	-0.1558392	0.1003666
31.6825160	-8.3791918	-5.0186789	-0.3438784	-0.2269463	0.1034325	2.2021616	0.7162192	-0.1672846	0.1408506
31.7825313	-8.4099857	-4.9619642	-0.3386944	-0.2352901	0.0905678	2.2065379	0.7255973	-0.1784154	0.1719868
31.8825083	-8.4605934	-4.9003409	-0.3365693	-0.2438219	0.0785775	2.2105555	0.7323727	-0.1810305	0.1719245
31.9825019	-8.5049707	-4.8348387	-0.3293620	-0.2517317	0.0725600	2.2139269	0.7350729	-0.1801711	0.1451250
32.0825190	-8.5468738	-4.7674509	-0.3215079	-0.2576337	0.0729087	2.2166853	0.7463632	-0.1789600	0.1090898
32.1824878	-8.6069524	-4.6895377	-0.3204085	-0.2591362	0.0752868	2.2193241	0.7658565	-0.1780209	0.0601411
32.2825208	-8.6391122	-4.6175463	-0.3176802	-0.2557924	0.0844572	2.2205276	0.7754272	-0.1791280	0.0132753
32.3826222	-8.6754626	-4.5460903	-0.3212105	-0.2498961	0.0944934	2.2212055	0.7907005	-0.1767745	-0.0219819
32.4825249	-8.7111235	-4.4703178	-0.3277071	-0.2436284	0.1048709	2.2225592	0.8216466	-0.1705894	-0.0354304
32.5825108	-8.7474993	-4.3930259	-0.3348684	-0.2395141	0.1164368	2.2244251	0.8485809	-0.1687117	-0.0203485
32.6827026	-8.7872132	-4.3140565	-0.3421837	-0.2369857	0.1201185	2.2271969	0.8567001	-0.1727782	0.0084935
32.7826483	-8.8253181	-4.2387366	-0.3453033	-0.2362290	0.1184847	2.2306544	0.8605081	-0.1752723	0.0404325
32.8824335	-8.8674631	-4.1567460	-0.3491119	-0.2365519	0.1138969	2.2343912	0.8666020	-0.1759239	0.0655761
32.9825487	-8.9108175	-4.0771598	-0.3371199	-0.2382792	0.1060204	2.2383925	0.8661693	-0.1770933	0.0870258
33.0825180	-8.9504220	-4.0037452	-0.3389851	-0.2400186	0.0958505	2.2426457	0.8722764	-0.1770951	0.0931124
33.1825341	-8.9960799	-3.9255845	-0.3419698	-0.2416633	0.0776376	2.2473589	0.8869657	-0.1805259	0.1009488
33.2826002	-9.0465476	-3.8496269	-0.3427491	-0.2435959	0.0572196	2.2510045	0.8831510	-0.1847867	0.1003328
33.3825357	-9.0887181	-3.7738244	-0.3342438	-0.2452127	0.0450746	2.2528166	0.8776601	-0.1914273	0.0975939
33.4825039	-9.1397425	-3.6988416	-0.3325888	-0.2456305	0.0425320	2.2533841	0.8900534	-0.1934004	0.0834708
33.5825247	-9.1824309	-3.6156855	-0.3238721	-0.2428463	0.0460799	2.2537281	0.9091202	-0.1932285	0.0505509
33.6825254	-9.2296236	-3.5389513	-0.3256788	-0.2376628	0.0557962	2.2548344	0.9267695	-0.1944792	0.0100820
33.7825180	-9.2767695	-3.4557899	-0.3319674	-0.2306492	0.0654730	2.2578430	0.9531521	-0.1978247	-0.0274853
33.8825162	-9.3159695	-3.3734647	-0.3431443	-0.2234616	0.0722929	2.2608568	0.9581002	-0.2092946	-0.0493691
33.9824916	-9.3608805	-3.2869866	-0.3475103	-0.2179761	0.0773198	2.2630753	0.9557541	-0.2252957	-0.0395278
34.0824996	-9.4214262	-3.1882762	-0.3463780	-0.2148400	0.0827646	2.2648261	0.9673848	-0.2393880	-0.0130679
34.1824899	-9.4683059	-3.0955972	-0.3492497	-0.2135079	0.0896322	2.2661885	0.9766549	-0.2509195	0.0002509
34.2824891	-9.4948462	-3.0101303	-0.3582948	-0.2124667	0.0913900	2.2686100	0.9828207	-0.2669133	0.0019545
34.3825526	-9.5655586	-2.9092821	-0.3512197	-0.2116323	0.0908788	2.2722661	1.0010081	-0.2820913	0.0270298
34.4826780	-9.6244733	-2.8073960	-0.3467644	-0.2131113	0.1008662	2.2763688	1.0258729	-0.2951257	0.0518757
34.5824957	-9.6899230	-2.7024304	-0.3387451	-0.2162422	0.1124132	2.2811295	1.0397875	-0.3063078	0.0680385
34.6825116	-9.7295247	-2.6083465	-0.3396985	-0.2203135	0.1147217	2.2864458	1.0512094	-0.3151418	0.0723330
34.7825254	-9.7736907	-2.5071366	-0.3412558	-0.2238199	0.1110322	2.2910855	1.0624912	-0.3139403	0.0690297
34.8825208	-9.8342458	-2.4062927	-0.3308022	-0.2252259	0.1082599	2.2948347	1.0626952	-0.3124586	0.0574045
34.9825490	-9.8810058	-2.3097654	-0.3319533	-0.2242130	0.1078150	2.2986531	1.0669284	-0.3115713	0.0344180
35.0825280	-9.9306750	-2.2074483	-0.3361268	-0.2223646	0.1153298	2.3030592	1.0876025	-0.3090819	0.0213431
35.1825969	-9.9834877	-2.1049550	-0.3393175	-0.2194190	0.1258723	2.3082342	1.1025181	-0.3037388	0.0089457
35.2825244	-10.0392258	-2.0080986	-0.3400372	-0.2161221	0.1273155	2.3143874	1.1175219	-0.3029704	0.0143165
35.3824666	-10.0960285	-1.9034937	-0.3450247	-0.2135407	0.1156294	2.3209176	1.1414474	-0.3055020	0.0292627
35.4824978	-10.1437492	-1.7965700	-0.3542139	-0.2113985	0.0988633	2.3268273	1.1551589	-0.3052481	0.0403572
35.5824904	-10.2050601	-1.6919497	-0.3528186	-0.2102938	0.0855098	2.3309143	1.1597612	-0.3094774	0.0577259
35.6825004	-10.2608800	-1.5913121	-0.3506141	-0.2096972	0.0779273	2.3332483	1.1654934	-0.3167951	0.0665226
35.7824891	-10.3068377	-1.4911757	-0.3531792	-0.2093298	0.0692850	2.3343151	1.1683006	-0.3198689	0.0569872
35.8825044	-10.3679510	-1.3829846	-0.3489803	-0.2086858	0.0569556	2.3363659	1.1773400	-0.3243447	0.0458628
35.9825224	-10.4129543	-1.2874775	-0.3495294	-0.2096789	0.0471635	2.3399452	1.1981284	-0.3321978	0.0530218
36.0825088	-10.4715832	-1.1796228	-0.3437491	-0.2130968	0.0464199	2.3444031	1.2142562	-0.3439284	0.0704006
36.1824945	-10.5361000	-1.0656944	-0.3327143	-0.2169126	0.0446687	2.3486535	1.2141031	-0.3601251	0.0842540
36.2827113	-10.5910962	-0.9663800	-0.3282465	-0.2196036	0.0370606	2.3523185	1.2027327	-0.3714278	0.0741910
36.3825239	-10.6496808	-0.8675847	-0.3291908	-0.2210141	0.0287264	2.3544723	1.1753603	-0.3704727	0.0431482
36.4826396	-10.7117699	-0.7757891	-0.3361152	-0.2220153	0.0245714	2.3546086	1.1447995	-0.3640074	0.0016173
36.5824852	-10.7660553	-0.6740456	-0.3328432	-0.2225617	0.0270413	2.3528972	1.1496774	-0.3601791	-0.0176717
36.6827208	-10.8267078	-0.5715655	-0.3369520	-0.2227445	0.0456198	2.3502777	1.1702716	-0.3511655	-0.0371059
36.7825339	-10.8902988	-0.4643704	-0.3459112	-0.2221301	0.0754551	2.3471944	1.1929716	-0.3408607	-0.0540236
36.8824998	-10.9407026	-0.3529000	-0.3470287	-0.2201694	0.1069780	2.3449825	1.2207382	-0.3435739	-0.0532954
36.9825370	-10.9900914	-0.2530741	-0.3483160	-0.2178606	0.1333733	2.3452653	1.2346474	-0.3509972	-0.0445255
37.0825316	-11.0463201	-0.1687954	-0.3429591	-0.2176354	0.1500510	2.3484655	1.2303157	-0.3646344	-0.0054984
37.1824983	-11.1058217	-0.0598536	-0.3499533	-0.2202038	0.1551197	2.3539944	1.2319123	-0.3781930	0.0224856
37.2825052	-11.1595969	0.0073768	-0.3374506	-0.2244990	0.1458087	2.3602929	1.2269309	-0.3886015	0.0483532
37.3825439	-11.2213767	0.1198401	-0.3402712	-0.2294616	0.1313646	2.3656392	1.2283480	-0.3935928	0.0479551
37.4824899	-11.2790816	0.2172784	-0.3314109	-0.2336587	0.1131882	2.3695611	1.2301315	-0.3973081	0.0552303
37.5826952	-11.3343408	0.3230201	-0.3284257	-0.2357975	0.0936111	2.3724173	1.2217925	-0.4010003	0.0416486
37.6824960	-11.4054713	0.4397296	-0.3314254	-0.2350182	0.0797315	2.3744574	1.2150422	-0.4004408	0.0186487
37.7826284	-11.4689403	0.5590737	-0.3297257	-0.2329339	0.0788726	2.3758283	1.2253686	-0.4032114	0.0102141
37.8825085	-11.5361889	0.6632780	-0.3362074	-0.2289956	0.0824171	2.3774386	1.2403766	-0.4018809	-0.0110262
37.9827213	-11.5908251	0.7813790	-0.3307937	-0.2250704	0.0831709	2.3795192	1.2496551	-0.4117434	-0.0145583
38.0824952	-11.6574709	0.9001942	-0.3389078	-0.2216366	0.0779216	2.3821325	1.2576556	-0.4229883	-0.0185873
38.1824806	-11.7159167	1.0111354	-0.3420132	-0.2188476	0.0648282	2.3853069	1.2636570	-0.4313911	-0.0106891
38.2824963	-11.7756531	1.1285867	-0.3440003	-0.2175394	0.0482720	2.3891319	1.2686202	-0.4447681	0.0012321
38.3826097	-11.8338263	1.2453803	-0.3429103	-0.2177048	0.0329109	2.3935094	1.2854609	-0.4554834	0.0187142
38.4824996	-11.8841096	1.3494170	-0.3446758	-0.2190707	0.0244653	2.3981266	1.3052716	-0.4574488	0.0218620
38.5824765	-11.9359162	1.4540874	-0.3427787	-0.2220392	0.0250373	2.4017235	1.3115895	-0.4606202	0.0167628
38.6825014	-12.0011462	1.5719997	-0.3376674	-0.2251410	0.0294418	2.4046134	1.3170552	-0.4639946	0.0112725
38.7824996	-12.0707802	1.6904273	-0.3351832	-0.2278549	0.0399536	2.4073007	1.3412161	-0.4654801	-0.0000290
38.8825216	-12.1405617	1.8060686	-0.3351429	-0.2297855	0.0509672	2.4104792	1.3599895	-0.4650716	-0.0173456
38.9825283	-12.2109209	1.9353266	-0.3317903	-0.2299505	0.0574010	2.4147377	1.3863711	-0.4666496	-0.0326819
39.0825196	-12.2931174	2.0643228	-0.3383839	-0.2290612	0.0582589	2.4204094	1.4208298	-0.4699876	-0.0432305
39.1824722	-12.3588637	2.1970699	-0.3302702	-0.2281509	0.0555324	2.4260844	1.4310817	-0.4799194	-0.0361002
39.2825457	-12.4360609	2.3212635	-0.3368732	-0.2277756	0.0539341	2.4298131	1.4160688	-0.4924042	-0.0356280
39.3824996	-12.5116954	2.4529990	-0.3356255	-0.2272540	0.0532811	2.4314235	1.4036768	-0.5018567	-0.0324421
39.4824701	-12.5856590	2.5851339	-0.3313180	-0.2264245	0.0503502	2.4321916	1.3970576	-0.5010558	-0.0362485
39.5825303	-12.6573162	2.7074821	-0.3368136	-0.2258433	0.0413185	2.4329268	1.3949772	-0.5007353	-0.0503993
39.6825306	-12.7307062	2.8350192	-0.3412067	-0.2251441	0.0210486	2.4342603	1.3996292	-0.5043024	-0.0550021
39.7825380	-12.8066926	2.9674883	-0.3358985	-0.2243874	-0.0029816	2.4358389	1.3966679	-0.5046514	-0.0490849
39.8825418	-12.8652151	3.0743877	-0.3386720	-0.2230481	-0.0253477	2.4378760	1.3851007	-0.5054877	-0.0523108
39.9824829	-12.9239299	3.1820240	-0.3364874	-0.2222545	-0.0414665	2.4398227	1.3865372	-0.5115943	-0.0514818
40.0826125	-12.9697361	3.2786838	-0.3364244	-0.2214313	-0.0488006	2.4409739	1.3952755	-0.5103113	-0.0647014
40.1824996	-13.0136962	3.3583021	-0.3392107	-0.2202502	-0.0554904	2.4419182	1.3971585	-0.5097026	-0.0813857
40.2825147	-13.0734709	3.4657017	-0.3353930	-0.2189478	-0.0626681	2.4438615	1.4126931	-0.5141453	-0.0920083
40.3824850	-13.1266485	3.5680460	-0.3348278	-0.2176476	-0.0600364	2.4462325	1.4280468	-0.5144788	-0.1067996
40.4824968	-13.1726782	3.6610405	-0.3384485	-0.2161133	-0.0493561	2.4481762	1.4275413	-0.5167359	-0.1272521
40.5825147	-13.2407233	3.7827716	-0.3359201	-0.2148934	-0.0390502	2.4507797	1.4359049	-0.5233256	-0.1355678
40.6825405	-13.2934969	3.8944267	-0.3450318	-0.2140029	-0.0295700	2.4535297	1.4396506	-0.5257268	-0.1497063
40.7825270	-13.3956401	4.0429511	-0.3337677	-0.2134408	-0.0195778	2.4570717	1.4461566	-0.5239857	-0.1437627
40.8824940	-13.4727799	4.1729967	-0.3328475	-0.2139322	-0.0107044	2.4617333	1.4531513	-0.5271033	-0.1382463
40.9824686	-13.5364207	4.3028257	-0.3440265	-0.2156615	-0.0107232	2.4671625	1.4564545	-0.5281473	-0.1399816
41.0825900	-13.6228595	4.4397117	-0.3395674	-0.2187107	-0.0132256	2.4720962	1.4540202	-0.5282824	-0.1198984
41.1825091	-13.7017251	4.5680290	-0.3370015	-0.2228264	-0.0100599	2.4752103	1.4554657	-0.5257834	-0.1160629
41.2825288	-13.7843378	4.7019572	-0.3368709	-0.2266874	-0.0026108	2.4765157	1.4570437	-0.5197564	-0.1252460
41.3825293	-13.8753887	4.8356647	-0.3438754	-0.2299900	0.0078800	2.4765706	1.4542535	-0.5115762	-0.1422426
41.4825556	-13.9272794	4.9602217	-0.3334413	-0.2324257	0.0190944	2.4763245	1.4571818	-0.5122230	-0.1343797
41.5826964	-14.0183885	5.0956423	-0.3402357	-0.2345516	0.0251370	2.4763350	1.4586820	-0.5137037	-0.1312107
41.6825172	-14.0732237	5.2204653	-0.3357133	-0.2357730	0.0206897	2.4771274	1.4438727	-0.5187442	-0.1206277
41.7825111	-14.1606792	5.3494476	-0.3410338	-0.2356055	0.0046814	2.4780687	1.4376033	-0.5199442	-0.1271560
41.8825423	-14.2382678	5.4816378	-0.3408582	-0.2343786	-0.0178315	2.4788146	1.4355905	-0.5224248	-0.1389910
41.9824888	-14.3233931	5.6124374	-0.3424721	-0.2331523	-0.0351042	2.4787054	1.4310160	-0.5232989	-0.1499984
42.0825021	-14.4053125	5.7442665	-0.3413442	-0.2323414	-0.0380792	2.4778992	1.4402299	-0.5236449	-0.1485060
42.1825784	-14.4850871	5.8655621	-0.3415539	-0.2311719	-0.0375870	2.4770179	1.4559768	-0.5243317	-0.1409838
42.2824891	-14.5682243	5.9974469	-0.3394009	-0.2297489	-0.0371264	2.4766142	1.4611573	-0.5291523	-0.1371897
42.3825285	-14.6505948	6.1328411	-0.3349993	-0.2291311	-0.0335096	2.4762363	1.4623109	-0.5366517	-0.1316365
42.4824934	-14.7282785	6.2472584	-0.3424679	-0.2293732	-0.0289738	2.4760022	1.4609103	-0.5430111	-0.1329026
42.5824814	-14.8101529	6.3740193	-0.3491293	-0.2292393	-0.0265010	2.4756590	1.4504333	-0.5464536	-0.1451013
42.6825060	-14.8901753	6.5155057	-0.3403809	-0.2279085	-0.0251494	2.4749492	1.4565148	-0.5492150	-0.1447679
42.7825585	-14.9669914	6.6434681	-0.3426611	-0.2257723	-0.0259299	2.4747165	1.4714774	-0.5501290	-0.1451901
42.8827046	-15.0471040	6.7802441	-0.3429380	-0.2236874	-0.0266255	2.4756819	1.4708053	-0.5559079	-0.1397854
42.9824489	-15.1322512	6.9233036	-0.3389078	-0.2218582	-0.0254620	2.4777100	1.4704047	-0.5604537	-0.1318174
43.0824776	-15.2158723	7.0576760	-0.3331636	-0.2196967	-0.0229767	2.4804938	1.4822459	-0.5624589	-0.1352569
43.1825124	-15.2934500	7.1898928	-0.3321928	-0.2172099	-0.0244552	2.4835207	1.4869339	-0.5670197	-0.1533442
43.2825147	-15.3707424	7.3316593	-0.3348278	-0.2146944	-0.0269404	2.4854588	1.4924458	-0.5763262	-0.1681408
43.3826895	-15.4557258	7.4710958	-0.3338754	-0.2130818	-0.0250011	2.4850105	1.4906250	-0.5818989	-0.1658025
43.4825311	-15.5253864	7.6051743	-0.3374831	-0.2123427	-0.0182665	2.4827437	1.4767762	-0.5824390	-0.1730495
43.5825277	-15.6382191	7.7412733	-0.3277545	-0.2114013	-0.0083232	2.4800362	1.4621633	-0.5843378	-0.1743569
43.6825244	-15.6988317	7.8899125	-0.3396679	-0.2107130	0.0084682	2.4785655	1.4795475	-0.5856002	-0.1816754
43.7826639	-15.7867554	8.0154713	-0.3396586	-0.2105889	0.0295059	2.4790791	1.4993925	-0.5884888	-0.1717516
43.8827423	-15.8796722	8.1349717	-0.3383227	-0.2112337	0.0447550	2.4811161	1.5051737	-0.5948008	-0.1553979
43.9825618	-15.9638911	8.2645183	-0.3437056	-0.2122464	0.0491300	2.4831944	1.5102609	-0.5968614	-0.1472571
44.0825170	-16.0422625	8.3810443	-0.3464993	-0.2138514	0.0416857	2.4849581	1.5020394	-0.5945736	-0.1459441
44.1825446	-16.1251693	8.4993719	-0.3463719	-0.2157382	0.0267458	2.4865653	1.4907620	-0.5984619	-0.1377873
44.2826662	-16.2089118	8.6168909	-0.3371656	-0.2166766	0.0051477	2.4880739	1.4929593	-0.5965007	-0.1209580
44.3827110	-16.2822994	8.7594019	-0.3422754	-0.2174759	-0.0177991	2.4899692	1.5062494	-0.5874777	-0.1223494
44.4824643	-16.3628281	8.8999270	-0.3425445	-0.2193339	-0.0332562	2.4921833	1.5096158	-0.5827926	-0.1292284
44.5824893	-16.4529607	9.0466489	-0.3333428	-0.2226779	-0.0448881	2.4952803	1.5208892	-0.5840248	-0.1226439
44.6825303	-16.5242288	9.1646613	-0.3373199	-0.2262004	-0.0491222	2.4985961	1.5221953	-0.5804439	-0.1269357
44.7825467	-16.6065678	9.2929986	-0.3319543	-0.2289372	-0.0451840	2.5011918	1.5148716	-0.5754644	-0.1339849
44.8825201	-16.7053395	9.4008462	-0.3379950	-0.2304829	-0.0422703	2.5038062	1.5143709	-0.5707576	-0.1558617
44.9826921	-16.7877192	9.5500993	-0.3300736	-0.2312626	-0.0477482	2.5063489	1.5119363	-0.5643580	-0.1642341
45.0825377	-16.8843769	9.6587367	-0.3362897	-0.2315495	-0.0595625	2.5071105	1.4919768	-0.5557472	-0.1811112
45.1825129	-16.9782597	9.7731077	-0.3404145	-0.2310301	-0.0732669	2.5064234	1.4860754	-0.5527771	-0.1957043
45.2825042	-17.0653171	9.8928161	-0.3424818	-0.2307754	-0.0758382	2.5048315	1.4989321	-0.5498800	-0.2047308
45.3824911	-17.1486192	10.0224435	-0.3394910	-0.2312280	-0.0671662	2.5043497	1.5123074	-0.5537985	-0.2088909
45.4825062	-17.2370602	10.1623992	-0.3367408	-0.2310804	-0.0586401	2.5050355	1.5251521	-0.5638985	-0.2013392
45.5824786	-17.3344758	10.2874760	-0.3419698	-0.2308669	-0.0518609	2.5056957	1.5280571	-0.5689941	-0.1980325
45.6824689	-17.4159618	10.4201342	-0.3395571	-0.2305967	-0.0506217	2.5060716	1.5249143	-0.5753579	-0.1981529
45.7825037	-17.4954785	10.5749209	-0.3282518	-0.2308267	-0.0591124	2.5065352	1.5242080	-0.5859066	-0.1930704
45.8826888	-17.5881654	10.6998521	-0.3358253	-0.2315539	-0.0711611	2.5064290	1.5190494	-0.5908926	-0.1975418
45.9825078	-17.6747602	10.8173608	-0.3403706	-0.2321064	-0.0803399	2.5062224	1.5109289	-0.5944806	-0.1997186
46.0825239	-17.7598683	10.9659384	-0.3281829	-0.2324152	-0.0834453	2.5061080	1.5148982	-0.5966655	-0.1930741
46.1825306	-17.8384913	11.0544326	-0.3407755	-0.2322846	-0.0874040	2.5059289	1.5111505	-0.5882315	-0.2154106
46.2824663	-17.9275524	11.2146642	-0.3292417	-0.2316418	-0.0873129	2.5052348	1.5109231	-0.5866803	-0.2219658
46.3825060	-18.0062957	11.3400377	-0.3286075	-0.2308623	-0.0808751	2.5039090	1.5131099	-0.5923114	-0.2282799
46.4825339	-18.0870488	11.4542107	-0.3378304	-0.2300806	-0.0717843	2.5019622	1.5061527	-0.5967089	-0.2389015
46.5825761	-18.1719978	11.6030033	-0.3325753	-0.2297840	-0.0615518	2.4994332	1.5032502	-0.6016053	-0.2336295
46.6824924	-18.2513530	11.7380158	-0.3342391	-0.2301884	-0.0492584	2.4958356	1.4996415	-0.6071529	-0.2361619
46.7827302	-18.3325732	11.8826718	-0.3351191	-0.2305343	-0.0355050	2.4916852	1.4998909	-0.6153977	-0.2398014
46.8824806	-18.4071909	12.0238987	-0.3353489	-0.2291843	-0.0288637	2.4890896	1.5045583	-0.6205211	-0.2421019
46.9825091	-18.4773254	12.1589526	-0.3364689	-0.2265729	-0.0302616	2.4889114	1.5135576	-0.6259958	-0.2400283
47.0824773	-18.5549477	12.2994626	-0.3372603	-0.2242911	-0.0334197	2.4898753	1.5145025	-0.6318534	-0.2395436
47.1826442	-18.6379173	12.4362360	-0.3348225	-0.2222461	-0.0399240	2.4910694	1.5111525	-0.6350089	-0.2301662
47.2825042	-18.7285933	12.5671426	-0.3262286	-0.2204955	-0.0469261	2.4922596	1.5176372	-0.6366427	-0.2165491
47.3824998	-18.7888644	12.7197476	-0.3368713	-0.2193273	-0.0505997	2.4939890	1.5325797	-0.6389399	-0.2211311
47.4826785	-18.8722918	12.8684757	-0.3369350	-0.2187157	-0.0504084	2.4961183	1.5396408	-0.6400373	-0.2233122
47.5825344	-18.9374757	13.0235386	-0.3456196	-0.2185068	-0.0487832	2.4979596	1.5473660	-0.6395499	-0.2305494
47.6825587	-19.0369717	13.1597374	-0.3379341	-0.2180676	-0.0496155	2.4993402	1.5579160	-0.6391597	-0.2243260
47.7825157	-19.1373104	13.3044096	-0.3318955	-0.2169463	-0.0500404	2.5000189	1.5595194	-0.6376481	-0.2241994
47.8825101	-19.2039194	13.4614099	-0.3424194	-0.2152544	-0.0472339	2.5010908	1.5688133	-0.6339368	-0.2445139
47.9824916	-19.3046369	13.5982926	-0.3386952	-0.2127769	-0.0435128	2.5031448	1.5855764	-0.6316732	-0.2572819
48.0825167	-19.4028748	13.7446664	-0.3403349	-0.2104724	-0.0398066	2.5064813	1.5899499	-0.6369692	-0.2582063
48.1824515	-19.5254036	13.8803390	-0.3338058	-0.2097441	-0.0356036	2.5102648	1.5849583	-0.6424227	-0.2336404
48.2825741	-19.5694565	14.0507621	-0.3508790	-0.2094144	-0.0356774	2.5138666	1.5910510	-0.6377486	-0.2334898
48.3825042	-19.7010455	14.1691543	-0.3390388	-0.2084938	-0.0433703	2.5173101	1.5778881	-0.6286216	-0.2253012
48.4824955	-19.7972890	14.3140565	-0.3399311	-0.2075093	-0.0558358	2.5206788	1.5665003	-0.6218018	-0.2305455
48.5825411	-19.9097283	14.4583346	-0.3358441	-0.2070531	-0.0676896	2.5239378	1.5806488	-0.6108894	-0.2324376
48.6825068	-20.0075450	14.5966564	-0.3332780	-0.2068090	-0.0760573	2.5274637	1.5894807	-0.6026243	-0.2324512
48.7825160	-20.0486644	14.7364726	-0.3429533	-0.2069898	-0.0804268	2.5318826	1.5907538	-0.5954293	-0.2412667
48.8826642	-20.1304603	14.8779642	-0.3445555	-0.2075381	-0.0831422	2.5361824	1.5922706	-0.5879615	-0.2425793
48.9825313	-20.1981575	15.0079702	-0.3481387	-0.2090447	-0.0872352	2.5396325	1.5818423	-0.5805778	-0.2404024
49.0825364	-20.3308086	15.1633448	-0.3365960	-0.2110572	-0.0914599	2.5428359	1.5807995	-0.5734787	-0.2240714
49.1825149	-20.4249566	15.3018005	-0.3329422	-0.2133588	-0.0982479	2.5462663	1.5883154	-0.5641624	-0.2227445
49.2825034	-20.4755531	15.4029115	-0.3413888	-0.2154722	-0.1046448	2.5491560	1.5806335	-0.5502611	-0.2372863
49.3824763	-20.5621733	15.5263143	-0.3415163	-0.2172381	-0.1098480	2.5517772	1.5780600	-0.5352090	-0.2415115
49.4826831	-20.6685378	15.6715819	-0.3335709	-0.2184618	-0.1140979	2.5536803	1.5878951	-0.5225732	-0.2339687
49.5826606	-20.7491627	15.7717136	-0.3348502	-0.2197271	-0.1159108	2.5556493	1.5952863	-0.5155468	-0.2245643
49.6825014	-20.8353355	15.8617710	-0.3381108	-0.2229619	-0.1044580	2.5578076	1.6057264	-0.5108979	-0.2112589
49.7825160	-20.9429426	15.9757135	-0.3379242	-0.2269691	-0.0852834	2.5591857	1.6058079	-0.5020725	-0.2155819
49.8825544	-21.0506621	16.0932262	-0.3386606	-0.2300632	-0.0688306	2.5609130	1.6039635	-0.4960264	-0.2278954
49.9825254	-21.1568349	16.2282718	-0.3393569	-0.2319572	-0.0526462	2.5624069	1.6047765	-0.4896552	-0.2405083
50.0825651	-21.1948528	16.3641239	-0.3329926	-0.2321232	-0.0370402	2.5626056	1.5905993	-0.4933825	-0.2481269
50.1824709	-21.2751145	16.4976677	-0.3374971	-0.2302502	-0.0255187	2.5621904	1.5872865	-0.4939478	-0.2641775
50.2825011	-21.3307970	16.6124531	-0.3420078	-0.2271135	-0.0185420	2.5621676	1.5830175	-0.4858177	-0.2776516
50.3824622	-21.3381360	16.6945160	-0.3389701	-0.2240893	-0.0199001	2.5638338	1.5704476	-0.4833690	-0.2663971
50.4824492	-21.4046391	16.8004452	-0.3419698	-0.2210664	-0.0325349	2.5661677	1.5698156	-0.4834495	-0.2480527
50.5825190	-21.4936200	16.9104457	-0.3449949	-0.2184883	-0.0507287	2.5685706	1.5726870	-0.4814339	-0.2350583
50.6824778	-21.6004190	17.0324838	-0.3439059	-0.2150754	-0.0648285	2.5721630	1.5894017	-0.4780049	-0.2163845
50.7824868	-21.7050202	17.1690516	-0.3470719	-0.2121372	-0.0676989	2.5780716	1.6117893	-0.4699405	-0.2025523
50.8825188	-21.8067355	17.2922158	-0.3469064	-0.2114176	-0.0587314	2.5850429	1.6259148	-0.4628835	-0.1893446
50.9825167	-21.9195311	17.4221574	-0.3468213	-0.2137128	-0.0444547	2.5922361	1.6317919	-0.4514474	-0.1727821
51.0824563	-22.0451338	17.5355967	-0.3378857	-0.2182056	-0.0312722	2.5977108	1.6284730	-0.4400984	-0.1489921
51.1827446	-22.1389030	17.6280543	-0.3275435	-0.2230910	-0.0251979	2.6024485	1.6269282	-0.4335175	-0.1396211
51.2825764	-22.2515805	17.7476694	-0.3257963	-0.2268121	-0.0306633	2.6074068	1.6345282	-0.4226691	-0.1534821
51.3824689	-22.3613338	17.8665967	-0.3247029	-0.2288613	-0.0370187	2.6121656	1.6399826	-0.4099878	-0.1761661
51.4824653	-22.4705137	17.9882268	-0.3245390	-0.2292367	-0.0441941	2.6163372	1.6417814	-0.4036223	-0.2015195
51.5825050	-22.5817590	18.1047360	-0.3269054	-0.2279126	-0.0536723	2.6206646	1.6461476	-0.4018125	-0.2278442
51.6824860	-22.7057026	18.2272378	-0.3320622	-0.2255837	-0.0655247	2.6262783	1.6534429	-0.4027680	-0.2454404
51.7824801	-22.8309129	18.3567656	-0.3317896	-0.2237382	-0.0702536	2.6328135	1.6765609	-0.4001694	-0.2374547
51.8826181	-22.9520659	18.4708841	-0.3349846	-0.2232622	-0.0631797	2.6389482	1.6853219	-0.3915535	-0.2199502
51.9825242	-23.0760681	18.5779365	-0.3463860	-0.2241097	-0.0487237	2.6432331	1.6809234	-0.3789825	-0.2068184
52.0825298	-23.2047361	18.6965236	-0.3488157	-0.2249792	-0.0329873	2.6459115	1.6783118	-0.3721701	-0.2007814
52.1824671	-23.3094703	18.8064222	-0.3454429	-0.2248687	-0.0207289	2.6485966	1.6774028	-0.3773746	-0.1972379
52.2825226	-23.4079749	18.9060185	-0.3427973	-0.2233251	-0.0155280	2.6526180	1.6775471	-0.3903599	-0.1923693
52.3827113	-23.5266205	19.0142623	-0.3467968	-0.2205389	-0.0160792	2.6583022	1.6839916	-0.4052111	-0.1950089
52.4825485	-23.6478173	19.1238500	-0.3525991	-0.2159850	-0.0204085	2.6644526	1.6918538	-0.4152632	-0.1987889
52.5826872	-23.7628259	19.1757722	-0.3395801	-0.2102296	-0.0259717	2.6702229	1.6962966	-0.4211157	-0.1823818
52.6825377	-23.8949342	19.2977752	-0.3443631	-0.2050335	-0.0339213	2.6758089	1.7056314	-0.4204726	-0.1731636
52.7825180	-24.0243126	19.4232332	-0.3480867	-0.2020220	-0.0404279	2.6813899	1.7143710	-0.4154121	-0.1584090
52.8825976	-24.1650543	19.5273443	-0.3457937	-0.2010114	-0.0468598	2.6876434	1.7202410	-0.4063493	-0.1482812
52.9825047	-24.2830858	19.6518384	-0.3469113	-0.2004912	-0.0585824	2.6941739	1.7254980	-0.3917641	-0.1476906
53.0824837	-24.4378233	19.7656281	-0.3419698	-0.2002271	-0.0720993	2.7008792	1.7301863	-0.3735395	-0.1456508
53.1825142	-24.6353729	19.8671718	-0.3283043	-0.2008452	-0.0845792	2.7066322	1.7326343	-0.3642841	-0.1458506
53.2825239	-24.6976618	19.9719498	-0.3307466	-0.2010072	-0.0956775	2.7118206	1.7199108	-0.3620146	-0.1711630
53.3825129	-24.8481478	20.0827597	-0.3236017	-0.2000561	-0.1086992	2.7163926	1.7091637	-0.3639179	-0.1880442
53.4824914	-24.8513391	20.1408917	-0.3302978	-0.1978661	-0.1197850	2.7206416	1.6992901	-0.3699753	-0.2093964
53.5826819	-24.9064458	20.2230109	-0.3317582	-0.1944556	-0.1246049	2.7243308	1.6962408	-0.3771659	-0.2233527
53.6825464	-24.8699747	20.2798396	-0.3419023	-0.1903321	-0.1205630	2.7276227	1.6901706	-0.3811222	-0.2417937
53.7825390	-24.9101418	20.3676544	-0.3467337	-0.1870896	-0.1083610	2.7306548	1.6920376	-0.3800738	-0.2482575
53.8824783	-25.0852922	20.4787457	-0.3428472	-0.1855565	-0.0914512	2.7335432	1.7020391	-0.3803521	-0.2405126
53.9825234	-25.1250777	20.5982452	-0.3554100	-0.1850881	-0.0744068	2.7362575	1.7090614	-0.3854751	-0.2455432
54.0825172	-25.3100369	20.6838420	-0.3537093	-0.1848223	-0.0614616	2.7393605	1.7186180	-0.3847130	-0.2361228
54.1825091	-25.4573406	20.7798926	-0.3571182	-0.1847531	-0.0537962	2.7432080	1.7224010	-0.3847471	-0.2268109
54.2825459	-25.6274797	20.8563844	-0.3566094	-0.1851951	-0.0525429	2.7475943	1.7198911	-0.3814141	-0.2148774
54.3824942	-25.8056073	20.9111040	-0.3511086	-0.1861862	-0.0583866	2.7526111	1.7159925	-0.3770357	-0.1991768
54.4825436	-25.9714528	20.9718442	-0.3442571	-0.1877049	-0.0704316	2.7587271	1.7167360	-0.3744396	-0.1839244
54.5825316	-26.1111060	21.0815428	-0.3446681	-0.1898656	-0.0835617	2.7657078	1.7208491	-0.3728800	-0.1754262
54.6827133	-26.2547852	21.1839799	-0.3407334	-0.1926408	-0.0946740	2.7734204	1.7265918	-0.3687468	-0.1684520
54.7826627	-26.3852489	21.2795245	-0.3367429	-0.1954858	-0.1030159	2.7816123	1.7285541	-0.3617999	-0.1718203
54.8825306	-26.5181845	21.3686451	-0.3339223	-0.1973787	-0.1092273	2.7891169	1.7214212	-0.3544658	-0.1880610
54.9825014	-26.6549623	21.4520118	-0.3317391	-0.1972220	-0.1136993	2.7950017	1.7043094	-0.3468559	-0.2180733
55.0825147	-26.7768295	21.5226617	-0.3343487	-0.1943885	-0.1155836	2.7986366	1.6889116	-0.3411217	-0.2490187
55.1827085	-26.8927419	21.5885689	-0.3421771	-0.1895684	-0.1126227	2.8006272	1.6793912	-0.3385404	-0.2739481
55.2826156	-27.0215433	21.6745691	-0.3484333	-0.1844428	-0.1047505	2.8014852	1.6799744	-0.3402611	-0.2813707
55.3825277	-27.1729119	21.7697049	-0.3517352	-0.1802607	-0.0954513	2.8021733	1.6814848	-0.3469158	-0.2756169
55.4824860	-27.3548292	21.8517655	-0.3489661	-0.1770231	-0.0872492	2.8033668	1.6827629	-0.3535759	-0.2666187
55.5825334	-27.5476423	21.9220186	-0.3461405	-0.1745414	-0.0813747	2.8058430	1.6884895	-0.3603842	-0.2556839
55.6824796	-27.7152751	22.0097455	-0.3480923	-0.1734147	-0.0784907	2.8106205	1.6975102	-0.3647904	-0.2395138
55.7825743	-27.8396680	22.1109330	-0.3537387	-0.1744956	-0.0742171	2.8177762	1.7049882	-0.3624095	-0.2198987
55.8825457	-28.0036730	22.1905484	-0.3525684	-0.1784071	-0.0700112	2.8271558	1.7125426	-0.3578493	-0.1920833
55.9825626	-28.1708738	22.2596351	-0.3470656	-0.1842278	-0.0656915	2.8373977	1.7199592	-0.3494078	-0.1669359
56.0825132	-28.3239243	22.3583865	-0.3509066	-0.1902988	-0.0627549	2.8468653	1.7223655	-0.3353629	-0.1654974
56.1825096	-28.4713458	22.4334631	-0.3455526	-0.1952316	-0.0642721	2.8543966	1.7087151	-0.3213552	-0.1665879
56.2825134	-28.6183831	22.5139296	-0.3429683	-0.1982249	-0.0707219	2.8594615	1.6884999	-0.3108568	-0.1750569
56.3825298	-28.7666948	22.5901136	-0.3426611	-0.1989515	-0.0834794	2.8632222	1.6743546	-0.3082502	-0.1885431
56.4824909	-28.9136700	22.6737018	-0.3390379	-0.1973376	-0.0959834	2.8664270	1.6667074	-0.3111785	-0.2002566
56.5824776	-29.0668263	22.7545294	-0.3367486	-0.1938204	-0.1034244	2.8692713	1.6634325	-0.3160362	-0.2125360
56.6825016	-29.2089055	22.8061690	-0.3439616	-0.1893319	-0.1016895	2.8714481	1.6666360	-0.3169524	-0.2331028
56.7825372	-29.3653475	22.8950517	-0.3392768	-0.1854019	-0.0932673	2.8743489	1.6846919	-0.3208941	-0.2371249
56.8825213	-29.4997990	22.9693740	-0.3493197	-0.1831092	-0.0859990	2.8794083	1.7039212	-0.3240822	-0.2393720
56.9825272	-29.6722830	23.0431758	-0.3465363	-0.1830943	-0.0822718	2.8873280	1.7212379	-0.3239462	-0.2191893
57.0825367	-29.8250197	23.1181853	-0.3471847	-0.1851157	-0.0831465	2.8968631	1.7256150	-0.3240631	-0.2040805
57.1825521	-29.9918696	23.1900716	-0.3427415	-0.1883566	-0.0877130	2.9053076	1.7185560	-0.3246483	-0.1907469
57.2824835	-30.1472333	23.2670262	-0.3471704	-0.1913311	-0.0929496	2.9106973	1.7050773	-0.3254440	-0.1956129
57.3825024	-30.2969880	23.3371635	-0.3489249	-0.1928908	-0.0945352	2.9134018	1.6972841	-0.3253414	-0.2061542
57.4825172	-30.4574246	23.4154601	-0.3449190	-0.1930068	-0.0909522	2.9150841	1.6967011	-0.3258641	-0.2117496
57.5825541	-30.6154922	23.4970318	-0.3399117	-0.1922213	-0.0845100	2.9169079	1.6990704	-0.3229310	-0.2140048
57.6825267	-30.7734272	23.5593811	-0.3471934	-0.1912158	-0.0763885	2.9191832	1.6958398	-0.3185836	-0.2242023
57.7825004	-30.9087821	23.6316299	-0.3342496	-0.1901725	-0.0713768	2.9222620	1.6911912	-0.3207252	-0.2195265
57.8825277	-31.0811339	23.7112638	-0.3438592	-0.1889493	-0.0704527	2.9270085	1.6994231	-0.3182289	-0.2315473
57.9825188	-31.2433096	23.7826712	-0.3483012	-0.1881185	-0.0705044	2.9342248	1.7146993	-0.3124720	-0.2310110
58.0825321	-31.3755254	23.8165881	-0.3353711	-0.1882486	-0.0699344	2.9431770	1.7233995	-0.3053936	-0.2133394
58.1824886	-31.5533409	23.9039288	-0.3486290	-0.1891770	-0.0702980	2.9516747	1.7169638	-0.3005170	-0.2154068
58.2825201	-31.7115275	23.9590542	-0.3440098	-0.1903699	-0.0726667	2.9573124	1.6969365	-0.3004709	-0.2060001
58.3826263	-31.8617279	24.0185530	-0.3454471	-0.1914386	-0.0758076	2.9602789	1.6848801	-0.3000084	-0.2089318
58.4826135	-32.0268722	24.0836896	-0.3490775	-0.1924038	-0.0767940	2.9629347	1.6868782	-0.3018752	-0.2106172
58.5825267	-32.1841550	24.1484447	-0.3460518	-0.1936697	-0.0776009	2.9666477	1.6935429	-0.3066894	-0.2030629
58.6825423	-32.3423719	24.2080069	-0.3482065	-0.1948170	-0.0774438	2.9716047	1.6937083	-0.3089351	-0.1999701
58.7825372	-32.5093741	24.2695808	-0.3505232	-0.1954161	-0.0768519	2.9776566	1.6925653	-0.3056429	-0.2016846
58.8825050	-32.6699034	24.3336713	-0.3491447	-0.1956517	-0.0732638	2.9838820	1.6951697	-0.3033116	-0.1996990
58.9825219	-32.8095590	24.3958194	-0.3433121	-0.1960957	-0.0667580	2.9896799	1.7036566	-0.3025805	-0.1914014
59.0825536	-32.9768504	24.4554537	-0.3450198	-0.1966868	-0.0586790	2.9950628	1.7154442	-0.3007078	-0.1887649
59.1824868	-33.1265752	24.5126817	-0.3431479	-0.1976321	-0.0509126	2.9996147	1.7201604	-0.3006473	-0.1861707
59.2827320	-33.2657718	24.5641118	-0.3424143	-0.1983852	-0.0461939	3.0026568	1.7067879	-0.3008460	-0.1930644
59.3826693	-33.3900699	24.6113209	-0.3421409	-0.1975922	-0.0461535	3.0045982	1.6912170	-0.3003421	-0.2063222
59.4827064	-33.4919711	24.6505678	-0.3384402	-0.1949852	-0.0503274	3.0074315	1.6833328	-0.3006070	-0.2164110
59.5825208	-33.6363959	24.6970838	-0.3401251	-0.1918507	-0.0566143	3.0130619	1.6893324	-0.3007755	-0.2191813
59.6825124	-33.7806216	24.7411336	-0.3406102	-0.1902156	-0.0663165	3.0204165	1.6894051	-0.3039831	-0.2103079
59.7827100	-33.9473693	24.7998827	-0.3461426	-0.1899024	-0.0798726	3.0267876	1.6769024	-0.3090307	-0.2035741
59.8824845	-34.1296375	24.8535737	-0.3393004	-0.1894717	-0.0951276	3.0304775	1.6549767	-0.3149110	-0.1942573
59.9824960	-34.2477892	24.8997960	-0.3466138	-0.1886426	-0.1063645	3.0322193	1.6345616	-0.3152226	-0.1992402
60.0824796	-34.3615900	24.9352390	-0.3508307	-0.1881668	-0.1045523	3.0338585	1.6257091	-0.3085850	-0.2038910
60.1824809	-34.5103346	24.9821609	-0.3511099	-0.1880410	-0.0862388	3.0365318	1.6380535	-0.2953351	-0.2085121
60.2825267	-34.6785215	25.0337696	-0.3507323	-0.1882614	-0.0558883	3.0410224	1.6622426	-0.2821558	-0.2076467
60.3825216	-34.8500349	25.0694527	-0.3484812	-0.1892278	-0.0243891	3.0474085	1.6842171	-0.2741967	-0.1969376
60.4825114	-35.0063222	25.1053360	-0.3567205	-0.1910891	-0.0045958	3.0539950	1.6853700	-0.2741415	-0.1836595
60.5827123	-35.1169567	25.1059492	-0.3603673	-0.1930879	-0.0038616	3.0591330	1.6693260	-0.2802683	-0.1646948
60.6824975	-35.0644273	25.0059778	-0.3490568	-0.1941943	-0.0205828	3.0628124	1.6393960	-0.2886623	-0.1433832
60.7825178	-35.1742467	25.0202485	-0.3471113	-0.1936853	-0.0479108	3.0655918	1.6220360	-0.2976968	-0.1441578
60.8825359	-35.3058753	25.0508126	-0.3409494	-0.1916125	-0.0794867	3.0678868	1.6069844	-0.3074143	-0.1508987
60.9825421	-35.4367920	25.0816334	-0.3417964	-0.1886416	-0.1091205	3.0692531	1.6007546	-0.3122956	-0.1684513
61.0825116	-35.5994899	25.1290052	-0.3346728	-0.1861325	-0.1246287	3.0705183	1.6105540	-0.3147015	-0.1811068
61.1825743	-35.5897917	25.0989057	-0.3429725	-0.1848174	-0.1212386	3.0723249	1.6183440	-0.3157238	-0.1999755
61.2825242	-35.7180762	25.1332450	-0.3402231	-0.1848155	-0.1021694	3.0760974	1.6379105	-0.3104946	-0.2021996
61.3825006	-35.8352722	25.1636232	-0.3439667	-0.1857210	-0.0769422	3.0816876	1.6408524	-0.3037657	-0.2039271
61.4824812	-36.0018866	25.2075084	-0.3451659	-0.1875152	-0.0537443	3.0877333	1.6328527	-0.2985259	-0.1967450
61.5825060	-36.1593698	25.2415315	-0.3479113	-0.1900242	-0.0369533	3.0935131	1.6158095	-0.2952645	-0.1879562
61.6825083	-36.2868640	25.2573625	-0.3474738	-0.1927026	-0.0284216	3.0980047	1.5938582	-0.2931831	-0.1783021
61.7825823	-36.3719675	25.2571537	-0.3444100	-0.1945583	-0.0290343	3.1006945	1.5659517	-0.2913499	-0.1685289
61.8825265	-36.5216957	25.2928041	-0.3501734	-0.1945447	-0.0355898	3.1021811	1.5552246	-0.2838048	-0.1760532
61.9824906	-36.6668283	25.3269796	-0.3555995	-0.1928734	-0.0438838	3.1041649	1.5637637	-0.2772752	-0.1822251
62.0825254	-36.7454104	25.3388685	-0.3452508	-0.1916773	-0.0537684	3.1079496	1.5769992	-0.2781042	-0.1631397
62.1825288	-36.9074182	25.3755475	-0.3466915	-0.1928264	-0.0668820	3.1134664	1.5907441	-0.2813253	-0.1416858
62.2825024	-37.0607476	25.4087962	-0.3437224	-0.1960281	-0.0778825	3.1193938	1.5917159	-0.2823025	-0.1242755
62.3826824	-37.2167837	25.4291302	-0.3432437	-0.1993724	-0.0827204	3.1245899	1.5829630	-0.2780411	-0.1224375
62.4825283	-37.3793576	25.4740275	-0.3347394	-0.2010676	-0.0848388	3.1290922	1.5741563	-0.2719561	-0.1362091
62.5825236	-37.5245587	25.4730684	-0.3370023	-0.2004569	-0.0830419	3.1331016	1.5668660	-0.2655570	-0.1635136
62.6824983	-37.6785118	25.4611564	-0.3441478	-0.1973677	-0.0790350	3.1373351	1.5647919	-0.2620975	-0.1906006
62.7825091	-37.8406253	25.5027945	-0.3429495	-0.1926785	-0.0719412	-3.1406039	1.5706434	-0.2687706	-0.1981178
62.8825029	-37.9973522	25.5440022	-0.3405401	-0.1877916	-0.0662764	-3.1338621	1.5716848	-0.2813500	-0.1919507
62.9824996	-38.1545504	25.5769216	-0.3454300	-0.1842523	-0.0642147	-3.1266550	1.5648189	-0.2947921	-0.1845571
63.0825318	-38.3179383	25.6019561	-0.3457728	-0.1830961	-0.0640868	-3.1206384	1.5521779	-0.3059636	-0.1733667
63.1825244	-38.4663243	25.6338331	-0.3477842	-0.1841721	-0.0617406	-3.1163891	1.5453739	-0.3066581	-0.1640938
63.2825149	-38.6206232	25.6697728	-0.3503960	-0.1870358	-0.0537354	-3.1128226	1.5470660	-0.2963037	-0.1555344
63.3825303	-38.7792380	25.6683083	-0.3436875	-0.1908084	-0.0409781	-3.1087710	1.5514825	-0.2797785	-0.1409310
63.4824781	-38.9439742	25.6964124	-0.3470719	-0.1940157	-0.0261174	-3.1033183	1.5556665	-0.2617488	-0.1383323
63.5824753	-39.0072323	25.6850083	-0.3421301	-0.1961808	-0.0131908	-3.0966431	1.5516497	-0.2506972	-0.1343258
63.6824922	-39.1602530	25.7031692	-0.3482592	-0.1971669	-0.0097513	-3.0896325	1.5422335	-0.2440413	-0.1386586
63.7825219	-39.3010721	25.7170133	-0.3542847	-0.1974862	-0.0188297	-3.0841627	1.5286948	-0.2432863	-0.1406046
63.8825088	-39.3221457	25.7071741	-0.3457500	-0.1972586	-0.0344757	-3.0804865	1.5190307	-0.2481178	-0.1298765
63.9825162	-39.3830665	25.7132451	-0.3341145	-0.1959292	-0.0496687	-3.0773062	1.5187671	-0.2540252	-0.1216554
64.0825050	-39.5621209	25.7271404	-0.3409006	-0.1928944	-0.0617670	-3.0727199	1.5267535	-0.2575004	-0.1333622
64.1824783	-39.7071980	25.7414403	-0.3416388	-0.1887883	-0.0683716	-3.0663001	1.5310294	-0.2645622	-0.1405038
64.2825457	-39.8602219	25.7578765	-0.3410734	-0.1857803	-0.0688000	-3.0590822	1.5230384	-0.2749866	-0.1393849
64.3827049	-40.0160121	25.7754157	-0.3387647	-0.1857702	-0.0661188	-3.0526577	1.5014252	-0.2835986	-0.1312583
64.4825114	-40.1660869	25.7931074	-0.3372559	-0.1880525	-0.0622993	-3.0480946	1.4742444	-0.2814921	-0.1305969
64.5824673	-40.2697986	25.8178285	-0.3462981	-0.1908186	-0.0546400	-3.0442142	1.4688685	-0.2738395	-0.1480219
64.6825065	-40.4266245	25.8311498	-0.3454023	-0.1931498	-0.0406105	-3.0388500	1.4823426	-0.2636495	-0.1562614
64.7826778	-40.5919600	25.8479677	-0.3542169	-0.1958593	-0.0249786	-3.0318445	1.4990635	-0.2569553	-0.1530928
64.8825777	-40.6598982	25.8363067	-0.3404925	-0.1992700	-0.0145228	-3.0251860	1.4937523	-0.2583490	-0.1269093
64.9825311	-40.8306697	25.8492913	-0.3476374	-0.2020351	-0.0132135	-3.0207413	1.4793371	-0.2548016	-0.1240695
65.0825748	-40.8615491	25.8547690	-0.3414485	-0.2026247	-0.0208977	-3.0185787	1.4643197	-0.2498611	-0.1217896
65.1825206	-41.0272707	25.8624444	-0.3474517	-0.2002325	-0.0351283	-3.0165584	1.4686519	-0.2424644	-0.1334902
65.2825149	-41.1520101	25.8763088	-0.3462087	-0.1954507	-0.0523404	-3.0121959	1.4802247	-0.2444404	-0.1348295
65.3825495	-41.2988043	25.9051603	-0.3328563	-0.1900932	-0.0700011	-3.0034182	1.4943806	-0.2565170	-0.1208596
65.4825359	-41.4321283	25.8935261	-0.3392168	-0.1860560	-0.0878114	-2.9916936	1.4919149	-0.2708104	-0.1229524
65.5826524	-41.5011464	25.8889256	-0.3417971	-0.1837526	-0.1007791	-2.9804529	1.4751614	-0.2852285	-0.1243983
65.6825306	-41.6014714	25.8892193	-0.3374321	-0.1825688	-0.1037353	-2.9712065	1.4574060	-0.2928370	-0.1210789
65.7825021	-41.5923817	25.8776930	-0.3406896	-0.1826902	-0.0933587	-2.9631587	1.4435008	-0.2942068	-0.1200679
65.8827192	-41.6031288	25.8766343	-0.3441884	-0.1853865	-0.0725263	-2.9548376	1.4383598	-0.2911420	-0.1169427
65.9826816	-41.6958783	25.8871016	-0.3480110	-0.1913430	-0.0488526	-2.9460695	1.4356342	-0.2823561	-0.1162077
66.0824850	-41.8495059	25.8835189	-0.3440098	-0.1990294	-0.0287313	-2.9378936	1.4299271	-0.2708142	-0.1125056
66.1825411	-41.9289594	25.8830322	-0.3396583	-0.2068570	-0.0149548	-2.9320186	1.4117172	-0.2623058	-0.1138805
66.2825142	-42.0706276	25.8807294	-0.3445116	-0.2114743	-0.0111762	-2.9282016	1.3950966	-0.2528701	-0.1323248
66.3824786	-42.0365206	25.9102855	-0.3400109	-0.2109657	-0.0174009	-2.9252881	1.3768149	-0.2511894	-0.1492811
66.4825352	-42.0709190	25.9395885	-0.3398462	-0.2054237	-0.0313760	-2.9214316	1.3796301	-0.2538965	-0.1661254
66.5825234	-42.1178142	25.9669649	-0.3376697	-0.1970345	-0.0503131	-2.9142236	1.3908027	-0.2635027	-0.1691706
66.6825651	-42.2530106	25.9698429	-0.3389453	-0.1890896	-0.0726812	-2.9040915	1.3937803	-0.2775023	-0.1650261
66.7824986	-42.3766986	25.9678573	-0.3415079	-0.1828391	-0.0932549	-2.8956972	1.3656591	-0.2917321	-0.1583211
66.8825334	-42.5141439	25.9656415	-0.3380175	-0.1780534	-0.1022541	-2.8905769	1.3423018	-0.3020754	-0.1455720
66.9825354	-42.3124613	25.9990201	-0.3549376	-0.1760861	-0.0990185	-2.8869077	1.3128824	-0.3128944	-0.1407083
67.0825185	-42.5160101	25.9838017	-0.3450082	-0.1795013	-0.0878930	-2.8844440	1.3058634	-0.3100560	-0.1097541
67.1825234	-42.5295272	26.0115111	-0.3481131	-0.1869306	-0.0669163	-2.8849629	1.2984518	-0.3014863	-0.1055465
67.2825280	-42.6809778	25.9999735	-0.3419851	-0.1940886	-0.0367381	-2.8878220	1.3063467	-0.2844702	-0.1105175
67.3825196	-42.8395371	26.0035297	-0.3486943	-0.1983318	-0.0092222	-2.8909238	1.3172659	-0.2673741	-0.1282599
67.4825710	-42.9613186	25.9925728	-0.3534554	-0.2000232	0.0042916	-2.8928472	1.3161863	-0.2598654	-0.1324461
67.5825009	-42.8042067	25.9366539	-0.3416619	-0.2005801	-0.0005442	-2.8928981	1.3001931	-0.2649283	-0.1169297
67.6824957	-42.8518127	25.9222439	-0.3413056	-0.2005856	-0.0213534	-2.8902315	1.2993501	-0.2726079	-0.1128449
67.7824965	-42.9105025	25.9165407	-0.3377831	-0.2000120	-0.0551109	-2.8847404	1.2955840	-0.2813549	-0.1198875
67.8825096	-43.0007657	25.9324600	-0.3302565	-0.1975403	-0.0906252	-2.8787194	1.2843856	-0.2882773	-0.1353044
67.9825239	-43.0886135	25.8787674	-0.3342061	-0.1932462	-0.1180095	-2.8729955	1.2664780	-0.2930693	-0.1551507
68.0824929	-43.2076741	25.8646981	-0.3296802	-0.1893202	-0.1355951	-2.8674150	1.2544235	-0.2995612	-0.1533578
68.1826122	-43.0209723	25.7429311	-0.3396835	-0.1881643	-0.1419040	-2.8628201	1.2263110	-0.3035686	-0.1528730
68.2824727	-43.0855905	25.7219906	-0.3342705	-0.1898954	-0.1391224	-2.8605704	1.2125542	-0.3032674	-0.1446484
68.3824776	-42.8741821	25.6208058	-0.3440098	-0.1921873	-0.1301691	-2.8610837	1.1904989	-0.2928361	-0.1590632
68.4825101	-42.9500081	25.6023597	-0.3423056	-0.1934499	-0.1184171	-2.8607459	1.2081732	-0.2768148	-0.1686075
68.5824986	-43.0846031	25.5993574	-0.3383536	-0.1937038	-0.1128786	-2.8563815	1.2365922	-0.2711206	-0.1632994
68.6826632	-43.1563410	25.5690402	-0.3409494	-0.1950116	-0.1169030	-2.8476766	1.2520719	-0.2758673	-0.1540421
68.7825554	-43.2722067	25.5530111	-0.3371331	-0.1978776	-0.1276335	-2.8374076	1.2496437	-0.2863598	-0.1477444
68.8825073	-43.3382022	25.5045075	-0.3372201	-0.2003640	-0.1468329	-2.8269018	1.2309571	-0.2891974	-0.1543508
68.9825393	-43.3618830	25.4125995	-0.3386990	-0.2015658	-0.1739401	-2.8161883	1.2042958	-0.2866824	-0.1591490
69.0825249	-43.3930039	25.3394372	-0.3317098	-0.2030645	-0.2116358	-2.8046795	1.1730567	-0.2855675	-0.1536191
69.1825367	-43.3159770	25.1846836	-0.3263401	-0.2047951	-0.2593462	-2.7928894	1.1349926	-0.2801047	-0.1629335
69.2825180	-42.7223237	24.7215270	-0.3341693	-0.2052539	-0.3067129	-2.7804084	1.0719250	-0.2636899	-0.1928514
69.3825103	-42.6042250	24.5886757	-0.3205562	-0.2057630	-0.3453437	-2.7658767	1.0491976	-0.2527800	-0.2130394
69.4825329	-42.0855592	24.2116561	-0.3176251	-0.2069952	-0.3707280	-2.7510706	0.9998020	-0.2397526	-0.2274033
69.5827246	-40.7218653	23.4522583	-0.3338671	-0.2074286	-0.3984429	-2.7348300	0.9048150	-0.2240054	-0.2450522
69.6824881	-40.2133676	23.1544237	-0.3294941	-0.2045722	-0.4628994	-2.7127513	0.8624931	-0.2147386	-0.2550337
69.7825149	-39.7012179	22.8408031	-0.3218395	-0.1996985	-0.5548684	-2.6854429	0.8151977	-0.2117461	-0.2517937
69.8825080	-37.9252222	22.0504841	-0.3347174	-0.1952047	-0.6302863	-2.6602942	0.6945527	-0.2097090	-0.2407321
69.9826348	-37.1663967	21.7761738	-0.3227772	-0.1919906	-0.6653420	-2.6366003	0.6427466	-0.2114647	-0.2216914
