%time,field.data
1492806563455794773,0.0
1492806563555875265,0.0
1492806563655744346,0.0
1492806563755660229,0.0
1492806563855614748,0.0
1492806563955759090,0.0
1492806564055662556,0.0
1492806564155753722,0.0
1492806564255765597,0.0
1492806564355773910,0.0
1492806564455624073,0.0
1492806564555769018,0.0
1492806564655662561,0.0
1492806564755814370,0.0
1492806564855750985,0.0
1492806564955797380,0.0
1492806565055737307,0.0
1492806565155864298,0.0
1492806565255718417,0.0
1492806565355730570,0.0
1492806565455900952,0.0
1492806565555791027,0.0
1492806565655756641,0.0
1492806565755778631,0.0
1492806565855787150,0.0
1492806565955786317,0.0
1492806566055705131,0.0
1492806566155760470,0.0
1492806566255765888,0.0
1492806566355734749,0.0
1492806566455764202,0.0
1492806566555661028,0.0
1492806566655738135,0.0
1492806566755625764,0.0
1492806566855679799,0.0
1492806566955730308,0.0
1492806567055673881,0.0
1492806567155687369,0.0
1492806567255649280,0.0
1492806567355733159,0.0
1492806567455764148,0.0
1492806567555759158,0.0
1492806567655758210,0.0
1492806567755720206,0.0
1492806567856033567,0.0
1492806567955759288,0.0
1492806568058876712,2.31234478951
1492806568155701691,2.77107620239
1492806568255775211,2.5570397377
1492806568355748488,1.33376085758
1492806568455779149,1.70693826675
1492806568555660557,2.1192085743
1492806568655773927,2.3421421051
1492806568755686965,2.30299425125
1492806568855776689,2.12062931061
1492806568955853749,2.15744328499
1492806569055709178,2.95397686958
1492806569155690286,4.07245159149
1492806569255746324,5.21507120132
1492806569355749544,5.77899074554
1492806569455809263,5.37151765823
1492806569555821655,4.31165981293
1492806569655799678,3.19725084305
1492806569755753025,3.23996067047
1492806569855750863,3.59936404228
1492806569955667100,3.9875895977
1492806570055657804,4.17552566528
1492806570155784622,3.81335687637
1492806570255841653,2.79337024689
1492806570355683170,1.76494085789
1492806570455696926,2.08392190933
1492806570555819551,3.63966655731
1492806570655686565,5.81801843643
1492806570755751190,6.67194700241
1492806570856060328,6.64246320724
1492806570955723918,5.19614553452
1492806571055687737,3.99391365051
1492806571155841975,3.14307594299
1492806571255693242,3.02004551888
1492806571355841232,3.41144609451
1492806571455659520,4.46020746231
1492806571555708822,5.79504966736
1492806571655790646,5.98917913437
1492806571755789489,5.61779975891
1492806571855689569,5.41311740875
1492806571955683046,5.51255512238
1492806572055935643,5.7386059761
1492806572155668610,5.97631549835
1492806572255710924,5.63160705566
1492806572355812431,4.74761962891
1492806572455728703,4.23304319382
1492806572555801934,3.79506874084
1492806572655760632,3.71188664436
1492806572755797524,4.27039527893
1492806572855792209,4.88158607483
1492806572955712838,5.40433216095
1492806573055690822,6.09080982208
1492806573155656824,6.75930309296
1492806573255733275,7.24418306351
1492806573355807949,7.83964776993
1492806573455790955,7.82623147964
1492806573555841196,6.88315296173
1492806573655879215,5.49621343613
1492806573755806987,4.19891309738
1492806573855696282,3.38862299919
1492806573955771978,3.3455080986
1492806574055734894,4.26237678528
1492806574155620320,5.69053220749
1492806574255935152,7.448554039
1492806574355828091,8.32452583313
1492806574455720715,8.70018577576
1492806574555701595,8.07527637482
1492806574655770054,7.49409627914
1492806574755842468,7.3667140007
1492806574855721956,7.94737482071
1492806574955734160,9.00411319733
1492806575055686433,9.49400424957
1492806575155654738,9.53910636902
1492806575255635727,9.29799556732
1492806575355729680,8.92382335663
1492806575455677542,8.33745479584
1492806575555713225,7.94397354126
1492806575655602542,7.72385501862
1492806575755725712,7.99308538437
1492806575855796901,8.46449279785
1492806575955762600,9.06830310822
1492806576055798459,9.98552322388
1492806576155776764,10.5931034088
1492806576255672974,11.2031393051
1492806576355846033,11.4546127319
1492806576455696609,11.3450422287
1492806576555731796,10.8826980591
1492806576655664361,10.6460828781
1492806576755647565,10.3158054352
1492806576855697710,10.2967243195
1492806576955860525,10.3669567108
1492806577055640874,10.6435613632
1492806577155668633,10.9344396591
1492806577255783040,11.3015651703
1492806577355711801,11.4182081223
1492806577455776247,11.7808198929
1492806577555832927,11.8446750641
1492806577655698509,11.8498773575
1492806577755689131,11.3640613556
1492806577855687528,10.7687625885
1492806577955756319,10.6263751984
1492806578055701427,10.637254715
1492806578155717635,10.7039937973
1492806578255701998,11.257724762
1492806578355846546,12.01304245
1492806578455752839,12.5018491745
1492806578555753093,13.0797786713
1492806578655696968,13.2044448853
1492806578755731183,12.86236763
1492806578855693104,12.2992734909
1492806578955936912,12.0860557556
1492806579055724650,12.1135559082
1492806579155776318,12.3738985062
1492806579255848535,12.8758230209
1492806579355722059,13.1749811172
1492806579455663814,13.4716529846
1492806579555780961,13.7507638931
1492806579655625289,13.7335481644
1492806579755778071,13.4619026184
1492806579855853351,13.0283355713
1492806579955872232,13.0698490143
1492806580055641078,13.5267419815
1492806580155716704,14.4358186722
1492806580255725395,15.0142364502
1492806580355595042,15.332244873
1492806580455880370,15.6419935226
1492806580555649037,16.1015892029
1492806580655693895,16.1554698944
1492806580755649902,16.1124649048
1492806580855741075,15.8381185532
1492806580955627828,15.7500162125
1492806581055887191,15.5800151825
1492806581155754505,15.028468132
1492806581255803763,14.9094209671
1492806581355765813,14.984377861
1492806581455699708,15.8819313049
1492806581555663167,16.6897106171
1492806581655849803,17.4788627625
1492806581755687087,18.4630031586
1492806581855780476,18.6393432617
1492806581955848060,18.3167076111
1492806582055762720,18.0158061981
1492806582155647204,17.685585022
1492806582255891549,17.9142398834
1492806582355749367,18.1589565277
1492806582455688699,18.3348083496
1492806582555686437,18.4491596222
1492806582655697174,18.5520648956
1492806582755654636,18.4973144531
1492806582855841359,18.6699562073
1492806582955719408,18.9004974365
1492806583055754657,19.3038825989
1492806583155673369,19.6907520294
1492806583255767465,19.4780445099
1492806583355671799,19.1651191711
1492806583455717300,19.2155189514
1492806583555656686,19.916967392
1492806583655650253,20.6880340576
1492806583755701658,21.5161418915
1492806583855646016,21.6288146973
1492806583955675540,21.3991756439
1492806584055740534,20.9228477478
1492806584155651736,20.8732013702
1492806584255761622,21.2980003357
1492806584355725279,21.2225837708
1492806584455681994,21.3528289795
1492806584555859399,21.3994903564
1492806584655709945,21.5007972717
1492806584755675947,21.7260284424
1492806584855640171,22.1506118774
1492806584955781114,22.8400440216
1492806585055727700,23.4962520599
1492806585155694911,23.503364563
1492806585255785529,23.0032348633
1492806585355744310,22.3281574249
1492806585455823888,21.8072414398
1492806585555926865,22.006986618
1492806585655872374,22.1145820618
1492806585755834211,21.7097244263
1492806585855696765,21.2659568787
1492806585955840672,21.1292057037
1492806586055654394,21.459777832
1492806586155870572,22.7232913971
1492806586255664205,24.2626552582
1492806586355666345,25.5770683289
1492806586455781251,26.403886795
1492806586555876708,26.3687782288
1492806586655748847,26.0149078369
1492806586755839783,25.871629715
1492806586856031300,25.9014282227
1492806586955608666,26.0618667603
1492806587055691800,26.3606529236
1492806587155673915,25.9036064148
1492806587255700469,25.5260448456
1492806587355656689,24.9636440277
1492806587455758827,24.7467765808
1492806587555625606,24.546245575
1492806587655806013,24.9253692627
1492806587755695666,25.2431430817
1492806587855771649,25.6119537354
1492806587955771783,25.5901813507
1492806588055653061,25.8255558014
1492806588155672399,26.3047065735
1492806588255676205,27.1508731842
1492806588355704289,28.200176239
1492806588455824058,28.0956363678
1492806588555811049,26.6400508881
1492806588655664394,25.9131278992
1492806588755693653,26.3911247253
1492806588855695717,27.3447856903
1492806588955734990,28.8564167023
1492806589055639774,29.8532352448
1492806589155727351,30.1729278564
1492806589255938577,29.9689655304
1492806589355778836,29.5616188049
1492806589455862841,29.4331130981
1492806589555795203,29.0750484467
1492806589655756843,28.8849105835
1492806589755905939,28.9106731415
1492806589855821858,28.8300685883
1492806589955847799,28.7469272614
1492806590055800015,28.7664394379
1492806590155852178,29.1422386169
1492806590255727028,29.7050209045
1492806590355744542,29.8376483917
1492806590455760666,29.6585788727
1492806590555616518,29.7102470398
1492806590655730715,29.7250175476
1492806590755649086,30.1281375885
1492806590855760433,30.198682785
1492806590955851568,30.3899497986
1492806591055627244,30.0026435852
1492806591155766413,29.7386341095
1492806591255754944,30.165473938
1492806591355818835,30.4737606049
1492806591455889394,31.091381073
1492806591555650879,31.9605922699
1492806591655742000,32.6042900085
1492806591755752651,33.6192626953
1492806591855792166,34.7080154419
1492806591955756682,34.4402122498
1492806592055744543,33.5200042725
1492806592155623430,33.241394043
1492806592255673696,33.5159873962
1492806592355751099,33.4593200684
1492806592455858469,33.6247177124
1492806592555778886,34.3643836975
1492806592655696432,34.8203239441
1492806592755678463,35.0
1492806592855784885,35.0
1492806592955688911,35.0
1492806593055630726,35.0
1492806593155882774,35.0
1492806593255667774,35.0
1492806593355737901,35.0
1492806593455741568,35.0
1492806593555631880,35.0
1492806593655705524,35.0
1492806593755820616,35.0
1492806593855715041,35.0
1492806593955858290,35.0
1492806594055732087,35.0
1492806594155698432,35.0
1492806594255771971,35.0
1492806594355655499,35.0
1492806594455707421,35.0
1492806594555741860,35.0
1492806594655863718,35.0
1492806594755868159,35.0
1492806594855699658,35.0
1492806594955611457,35.0
1492806595055755839,35.0
1492806595155721456,35.0
1492806595255852148,35.0
1492806595355742660,35.0
1492806595455701395,35.0
1492806595555649147,35.0
1492806595655688322,35.0
1492806595755687982,35.0
1492806595855714263,35.0
1492806595955721725,35.0
1492806596055723641,35.0
1492806596155771068,35.0
1492806596255841353,35.0
1492806596355837912,35.0
1492806596455776647,35.0
1492806596555624436,35.0
1492806596655805637,35.0
1492806596755750573,35.0
1492806596855777343,35.0
1492806596955755972,35.0
1492806597055836816,35.0
1492806597155769255,35.0
1492806597255633906,35.0
1492806597355642035,35.0
1492806597455689120,35.0
1492806597555720567,35.0
1492806597655764715,35.0
1492806597755698933,35.0
1492806597855701775,35.0
1492806597955680941,35.0
1492806597997785717,0.0
